% From Raw File 
%% RTS 96 System Bus Data %% 
all_busdata96 = [ 
101,138,2,1,1,1,1.00,0.00,1.1,0.9,1.1,0.9
102,138,2,1,1,1,1.00,0.00,1.1,0.9,1.1,0.9
103,138,1,1,1,1,1.00,0.00,1.1,0.9,1.1,0.9
104,138,1,1,1,1,1.00,0.00,1.1,0.9,1.1,0.9
105,138,1,1,1,1,1.00,0.00,1.1,0.9,1.1,0.9
106,138,1,1,1,1,1.00,0.00,1.1,0.9,1.1,0.9
107,138,2,1,1,1,1.00,0.00,1.1,0.9,1.1,0.9
108,138,1,1,1,1,1.00,0.00,1.1,0.9,1.1,0.9
109,138,1,1,1,1,1.00,0.00,1.1,0.9,1.1,0.9
110,138,1,1,1,1,1.00,0.00,1.1,0.9,1.1,0.9
111,230,1,1,1,1,1.00,0.00,1.1,0.9,1.1,0.9
112,230,1,1,1,1,1.00,0.00,1.1,0.9,1.1,0.9
113,230,3,1,1,1,1.00,0.00,1.1,0.9,1.1,0.9
114,230,2,1,1,1,1.00,0.00,1.1,0.9,1.1,0.9
115,230,2,1,1,1,1.00,0.00,1.1,0.9,1.1,0.9
116,230,2,1,1,1,1.00,0.00,1.1,0.9,1.1,0.9
117,230,1,1,1,1,1.00,0.00,1.1,0.9,1.1,0.9
118,230,2,1,1,1,1.00,0.00,1.1,0.9,1.1,0.9
119,230,1,1,1,1,1.00,0.00,1.1,0.9,1.1,0.9
120,230,1,1,1,1,1.00,0.00,1.1,0.9,1.1,0.9
121,230,2,1,1,1,1.00,0.00,1.1,0.9,1.1,0.9
122,230,2,1,1,1,1.00,0.00,1.1,0.9,1.1,0.9
123,230,2,1,1,1,1.00,0.00,1.1,0.9,1.1,0.9
124,230,1,1,1,1,1.00,0.00,1.1,0.9,1.1,0.9
201,138,2,1,1,1,1.00,0.00,1.1,0.9,1.1,0.9
202,138,2,1,1,1,1.00,0.00,1.1,0.9,1.1,0.9
203,138,1,1,1,1,1.00,0.00,1.1,0.9,1.1,0.9
204,138,1,1,1,1,1.00,0.00,1.1,0.9,1.1,0.9
205,138,1,1,1,1,1.00,0.00,1.1,0.9,1.1,0.9
206,138,1,1,1,1,1.00,0.00,1.1,0.9,1.1,0.9
207,138,2,1,1,1,1.00,0.00,1.1,0.9,1.1,0.9
208,138,1,1,1,1,1.00,0.00,1.1,0.9,1.1,0.9
209,138,1,1,1,1,1.00,0.00,1.1,0.9,1.1,0.9
210,138,1,1,1,1,1.00,0.00,1.1,0.9,1.1,0.9
211,230,1,1,1,1,1.00,0.00,1.1,0.9,1.1,0.9
212,230,1,1,1,1,1.00,0.00,1.1,0.9,1.1,0.9
213,230,2,1,1,1,1.00,0.00,1.1,0.9,1.1,0.9
214,230,2,1,1,1,1.00,0.00,1.1,0.9,1.1,0.9
215,230,2,1,1,1,1.00,0.00,1.1,0.9,1.1,0.9
216,230,2,1,1,1,1.00,0.00,1.1,0.9,1.1,0.9
217,230,1,1,1,1,1.00,0.00,1.1,0.9,1.1,0.9
218,230,2,1,1,1,1.00,0.00,1.1,0.9,1.1,0.9
219,230,1,1,1,1,1.00,0.00,1.1,0.9,1.1,0.9
220,230,1,1,1,1,1.00,0.00,1.1,0.9,1.1,0.9
221,230,2,1,1,1,1.00,0.00,1.1,0.9,1.1,0.9
222,230,2,1,1,1,1.00,0.00,1.1,0.9,1.1,0.9
223,230,2,1,1,1,1.00,0.00,1.1,0.9,1.1,0.9
224,230,1,1,1,1,1.00,0.00,1.1,0.9,1.1,0.9
301,138,2,1,1,1,1.00,0.00,1.1,0.9,1.1,0.9
302,138,2,1,1,1,1.00,0.00,1.1,0.9,1.1,0.9
303,138,1,1,1,1,1.00,0.00,1.1,0.9,1.1,0.9
304,138,1,1,1,1,1.00,0.00,1.1,0.9,1.1,0.9
305,138,1,1,1,1,1.00,0.00,1.1,0.9,1.1,0.9
306,138,1,1,1,1,1.00,0.00,1.1,0.9,1.1,0.9
307,138,2,1,1,1,1.00,0.00,1.1,0.9,1.1,0.9
308,138,1,1,1,1,1.00,0.00,1.1,0.9,1.1,0.9
309,138,1,1,1,1,1.00,0.00,1.1,0.9,1.1,0.9
310,138,1,1,1,1,1.00,0.00,1.1,0.9,1.1,0.9
311,230,1,1,1,1,1.00,0.00,1.1,0.9,1.1,0.9
312,230,1,1,1,1,1.00,0.00,1.1,0.9,1.1,0.9
313,230,2,1,1,1,1.00,0.00,1.1,0.9,1.1,0.9
314,230,2,1,1,1,1.00,0.00,1.1,0.9,1.1,0.9
315,230,2,1,1,1,1.00,0.00,1.1,0.9,1.1,0.9
316,230,2,1,1,1,1.00,0.00,1.1,0.9,1.1,0.9
317,230,1,1,1,1,1.00,0.00,1.1,0.9,1.1,0.9
318,230,2,1,1,1,1.00,0.00,1.1,0.9,1.1,0.9
319,230,1,1,1,1,1.00,0.00,1.1,0.9,1.1,0.9
320,230,1,1,1,1,1.00,0.00,1.1,0.9,1.1,0.9
321,230,2,1,1,1,1.00,0.00,1.1,0.9,1.1,0.9
322,230,2,1,1,1,1.00,0.00,1.1,0.9,1.1,0.9
323,230,2,1,1,1,1.00,0.00,1.1,0.9,1.1,0.9
324,230,1,1,1,1,1.00,0.00,1.1,0.9,1.1,0.9
325,230,1,1,1,1,1.00,0.00,1.1,0.9,1.1,0.9
]; 
all_busName96 = [   ' 101 ';  ' 102 ';  ' 103 ';  ' 104 ';  ' 105 ';  ' 106 ';  ' 107 ';  ' 108 ';  ' 109 ';  ' 110 ';  ' 111 ';  ' 112 ';  ' 113 ';  ' 114 ';  ' 115 ';  ' 116 ';  ' 117 ';  ' 118 ';  ' 119 ';  ' 120 ';  ' 121 ';  ' 122 ';  ' 123 ';  ' 124 ';  ' 201 ';  ' 202 ';  ' 203 ';  ' 204 ';  ' 205 ';  ' 206 ';  ' 207 ';  ' 208 ';  ' 209 ';  ' 210 ';  ' 211 ';  ' 212 ';  ' 213 ';  ' 214 ';  ' 215 ';  ' 216 ';  ' 217 ';  ' 218 ';  ' 219 ';  ' 220 ';  ' 221 ';  ' 222 ';  ' 223 ';  ' 224 ';  ' 301 ';  ' 302 ';  ' 303 ';  ' 304 ';  ' 305 ';  ' 306 ';  ' 307 ';  ' 308 ';  ' 309 ';  ' 310 ';  ' 311 ';  ' 312 ';  ' 313 ';  ' 314 ';  ' 315 ';  ' 316 ';  ' 317 ';  ' 318 ';  ' 319 ';  ' 320 ';  ' 321 ';  ' 322 ';  ' 323 ';  ' 324 ';  ' 325 '; ];
%% RTS 96 System Load Data %% 
all_loaddata96 = [ 
101,1,11,11,55.96272595821618,12.270254889241139,0.0,0.0,0.0,0.0,1,1,0
102,1,11,12,75.5343065110251,13.284315406842156,0.0,0.0,0.0,0.0,1,1,0
103,1,11,11,122.06290975981392,32.04510218225433,0.0,0.0,0.0,0.0,1,1,0
104,1,11,11,41.55300936894016,9.755756975019816,0.0,0.0,0.0,0.0,1,1,0
105,1,11,11,54.40803958774601,8.13406710592769,0.0,0.0,0.0,0.0,1,1,0
106,1,11,12,108.78106282311715,23.1717775302764,0.0,0.0,0.0,0.0,1,1,0
107,1,11,12,106.58880672797095,15.672574174886103,0.0,0.0,0.0,0.0,1,1,0
108,1,11,12,101.59899158654,25.266862509876255,0.0,0.0,0.0,0.0,1,1,0
109,1,11,13,134.30018096309155,18.873469796048663,0.0,0.0,0.0,0.0,1,1,0
110,1,11,13,102.77936181535385,24.603433787740766,0.0,0.0,0.0,0.0,1,1,0
111,1,11,13,0.0,0.0,0.0,0.0,0.0,0.0,1,1,0
112,1,11,13,0.0,0.0,0.0,0.0,0.0,0.0,1,1,0
113,1,12,14,181.96131873688103,28.58916714199511,0.0,0.0,0.0,0.0,1,1,0
114,1,12,16,128.98092458358715,24.910128809014942,0.0,0.0,0.0,0.0,1,1,0
115,1,12,16,170.6377960694221,36.347838147237894,0.0,0.0,0.0,0.0,1,1,0
116,1,12,16,77.25585159684532,13.786129141400568,0.0,0.0,0.0,0.0,1,1,0
117,1,12,17,0.0,0.0,0.0,0.0,0.0,0.0,1,1,0
118,1,12,17,262.31447487582693,47.29111844020653,0.0,0.0,0.0,0.0,1,1,0
119,1,12,15,135.07922706488498,27.427802530620756,0.0,0.0,0.0,0.0,1,1,0
120,1,12,15,94.88077439948916,22.92514507294642,0.0,0.0,0.0,0.0,1,1,0
121,1,12,17,0.0,0.0,0.0,0.0,0.0,0.0,1,1,0
122,1,12,17,0.0,0.0,0.0,0.0,0.0,0.0,1,1,0
123,1,12,15,0.0,0.0,0.0,0.0,0.0,0.0,1,1,0
124,1,12,16,0.0,0.0,0.0,0.0,0.0,0.0,1,1,0
201,1,21,21,67.94127799722645,15.813295798455924,0.0,0.0,0.0,0.0,1,1,0
202,1,21,22,60.448035176995255,11.873249679953789,0.0,0.0,0.0,0.0,1,1,0
203,1,21,21,111.87926468352042,21.690759289110634,0.0,0.0,0.0,0.0,1,1,0
204,1,21,21,39.58127726909397,9.970806964299408,0.0,0.0,0.0,0.0,1,1,0
205,1,21,21,38.397567834739945,8.565382194937394,0.0,0.0,0.0,0.0,1,1,0
206,1,21,22,78.71774664902352,13.628223954221605,0.0,0.0,0.0,0.0,1,1,0
207,1,21,22,80.38797898620832,20.848765804338036,0.0,0.0,0.0,0.0,1,1,0
208,1,21,22,94.28113519895766,18.133570711117468,0.0,0.0,0.0,0.0,1,1,0
209,1,21,23,92.96430935100653,28.62135182717778,0.0,0.0,0.0,0.0,1,1,0
210,1,21,23,94.73694709266582,29.61681934829615,0.0,0.0,0.0,0.0,1,1,0
211,1,21,23,0.0,0.0,0.0,0.0,0.0,0.0,1,1,0
212,1,21,23,0.0,0.0,0.0,0.0,0.0,0.0,1,1,0
213,1,22,24,197.518028034996,44.413316469878886,0.0,0.0,0.0,0.0,1,1,0
214,1,22,26,151.5139409230767,23.817393709049096,0.0,0.0,0.0,0.0,1,1,0
215,1,22,26,156.47561825335916,41.417335714432596,0.0,0.0,0.0,0.0,1,1,0
216,1,22,26,57.11972979253157,14.724896089386194,0.0,0.0,0.0,0.0,1,1,0
217,1,22,27,0.0,0.0,0.0,0.0,0.0,0.0,1,1,0
218,1,22,27,252.27872502041836,49.281384844877756,0.0,0.0,0.0,0.0,1,1,0
219,1,22,25,128.48850236950744,27.9623776506687,0.0,0.0,0.0,0.0,1,1,0
220,1,22,25,98.21969959053396,14.583245058126188,0.0,0.0,0.0,0.0,1,1,0
221,1,22,27,0.0,0.0,0.0,0.0,0.0,0.0,1,1,0
222,1,22,27,0.0,0.0,0.0,0.0,0.0,0.0,1,1,0
223,1,22,25,0.0,0.0,0.0,0.0,0.0,0.0,1,1,0
224,1,22,26,0.0,0.0,0.0,0.0,0.0,0.0,1,1,0
301,1,31,31,92.68161497966665,12.346998851681873,0.0,0.0,0.0,0.0,1,1,0
302,1,31,32,83.8169413627837,11.684735950073227,0.0,0.0,0.0,0.0,1,1,0
303,1,31,31,161.49956135909443,28.15779410218997,0.0,0.0,0.0,0.0,1,1,0
304,1,31,31,54.158574936313926,12.857294976572971,0.0,0.0,0.0,0.0,1,1,0
305,1,31,31,40.80780015768204,10.85231157416599,0.0,0.0,0.0,0.0,1,1,0
306,1,31,32,97.6587515833296,15.269559651742501,0.0,0.0,0.0,0.0,1,1,0
307,1,31,32,110.8204829384107,20.059409674743655,0.0,0.0,0.0,0.0,1,1,0
308,1,31,32,121.12625388932611,29.903126462474926,0.0,0.0,0.0,0.0,1,1,0
309,1,31,33,139.8026187270612,19.38890245843213,0.0,0.0,0.0,0.0,1,1,0
310,1,31,33,105.89693342901951,23.60700336317159,0.0,0.0,0.0,0.0,1,1,0
311,1,31,33,0.0,0.0,0.0,0.0,0.0,0.0,1,1,0
312,1,31,33,0.0,0.0,0.0,0.0,0.0,0.0,1,1,0
313,1,32,34,134.12095902343748,33.84091423745379,0.0,0.0,0.0,0.0,1,1,0
314,1,32,36,103.68118966445178,24.83749965668209,0.0,0.0,0.0,0.0,1,1,0
315,1,32,36,250.88247623453447,53.83476507699787,0.0,0.0,0.0,0.0,1,1,0
