% From Raw File 
%% RTS 96 System Bus Data %% 
all_busdata96 = [ 
101,138,2,1,1,1,1.00,0.00,1.1,0.9,1.1,0.9
102,138,2,1,1,1,1.00,0.00,1.1,0.9,1.1,0.9
103,138,1,1,1,1,1.00,0.00,1.1,0.9,1.1,0.9
104,138,1,1,1,1,1.00,0.00,1.1,0.9,1.1,0.9
105,138,1,1,1,1,1.00,0.00,1.1,0.9,1.1,0.9
106,138,1,1,1,1,1.00,0.00,1.1,0.9,1.1,0.9
107,138,2,1,1,1,1.00,0.00,1.1,0.9,1.1,0.9
108,138,1,1,1,1,1.00,0.00,1.1,0.9,1.1,0.9
109,138,1,1,1,1,1.00,0.00,1.1,0.9,1.1,0.9
110,138,1,1,1,1,1.00,0.00,1.1,0.9,1.1,0.9
111,230,1,1,1,1,1.00,0.00,1.1,0.9,1.1,0.9
112,230,1,1,1,1,1.00,0.00,1.1,0.9,1.1,0.9
113,230,3,1,1,1,1.00,0.00,1.1,0.9,1.1,0.9
114,230,2,1,1,1,1.00,0.00,1.1,0.9,1.1,0.9
115,230,2,1,1,1,1.00,0.00,1.1,0.9,1.1,0.9
116,230,2,1,1,1,1.00,0.00,1.1,0.9,1.1,0.9
117,230,1,1,1,1,1.00,0.00,1.1,0.9,1.1,0.9
118,230,2,1,1,1,1.00,0.00,1.1,0.9,1.1,0.9
119,230,1,1,1,1,1.00,0.00,1.1,0.9,1.1,0.9
120,230,1,1,1,1,1.00,0.00,1.1,0.9,1.1,0.9
121,230,2,1,1,1,1.00,0.00,1.1,0.9,1.1,0.9
122,230,2,1,1,1,1.00,0.00,1.1,0.9,1.1,0.9
123,230,2,1,1,1,1.00,0.00,1.1,0.9,1.1,0.9
124,230,1,1,1,1,1.00,0.00,1.1,0.9,1.1,0.9
201,138,2,1,1,1,1.00,0.00,1.1,0.9,1.1,0.9
202,138,2,1,1,1,1.00,0.00,1.1,0.9,1.1,0.9
203,138,1,1,1,1,1.00,0.00,1.1,0.9,1.1,0.9
204,138,1,1,1,1,1.00,0.00,1.1,0.9,1.1,0.9
205,138,1,1,1,1,1.00,0.00,1.1,0.9,1.1,0.9
206,138,1,1,1,1,1.00,0.00,1.1,0.9,1.1,0.9
207,138,2,1,1,1,1.00,0.00,1.1,0.9,1.1,0.9
208,138,1,1,1,1,1.00,0.00,1.1,0.9,1.1,0.9
209,138,1,1,1,1,1.00,0.00,1.1,0.9,1.1,0.9
210,138,1,1,1,1,1.00,0.00,1.1,0.9,1.1,0.9
211,230,1,1,1,1,1.00,0.00,1.1,0.9,1.1,0.9
212,230,1,1,1,1,1.00,0.00,1.1,0.9,1.1,0.9
213,230,2,1,1,1,1.00,0.00,1.1,0.9,1.1,0.9
214,230,2,1,1,1,1.00,0.00,1.1,0.9,1.1,0.9
215,230,2,1,1,1,1.00,0.00,1.1,0.9,1.1,0.9
216,230,2,1,1,1,1.00,0.00,1.1,0.9,1.1,0.9
217,230,1,1,1,1,1.00,0.00,1.1,0.9,1.1,0.9
218,230,2,1,1,1,1.00,0.00,1.1,0.9,1.1,0.9
219,230,1,1,1,1,1.00,0.00,1.1,0.9,1.1,0.9
220,230,1,1,1,1,1.00,0.00,1.1,0.9,1.1,0.9
221,230,2,1,1,1,1.00,0.00,1.1,0.9,1.1,0.9
222,230,2,1,1,1,1.00,0.00,1.1,0.9,1.1,0.9
223,230,2,1,1,1,1.00,0.00,1.1,0.9,1.1,0.9
224,230,1,1,1,1,1.00,0.00,1.1,0.9,1.1,0.9
301,138,2,1,1,1,1.00,0.00,1.1,0.9,1.1,0.9
302,138,2,1,1,1,1.00,0.00,1.1,0.9,1.1,0.9
303,138,1,1,1,1,1.00,0.00,1.1,0.9,1.1,0.9
304,138,1,1,1,1,1.00,0.00,1.1,0.9,1.1,0.9
305,138,1,1,1,1,1.00,0.00,1.1,0.9,1.1,0.9
306,138,1,1,1,1,1.00,0.00,1.1,0.9,1.1,0.9
307,138,2,1,1,1,1.00,0.00,1.1,0.9,1.1,0.9
308,138,1,1,1,1,1.00,0.00,1.1,0.9,1.1,0.9
309,138,1,1,1,1,1.00,0.00,1.1,0.9,1.1,0.9
310,138,1,1,1,1,1.00,0.00,1.1,0.9,1.1,0.9
311,230,1,1,1,1,1.00,0.00,1.1,0.9,1.1,0.9
312,230,1,1,1,1,1.00,0.00,1.1,0.9,1.1,0.9
313,230,2,1,1,1,1.00,0.00,1.1,0.9,1.1,0.9
314,230,2,1,1,1,1.00,0.00,1.1,0.9,1.1,0.9
315,230,2,1,1,1,1.00,0.00,1.1,0.9,1.1,0.9
316,230,2,1,1,1,1.00,0.00,1.1,0.9,1.1,0.9
317,230,1,1,1,1,1.00,0.00,1.1,0.9,1.1,0.9
318,230,2,1,1,1,1.00,0.00,1.1,0.9,1.1,0.9
319,230,1,1,1,1,1.00,0.00,1.1,0.9,1.1,0.9
320,230,1,1,1,1,1.00,0.00,1.1,0.9,1.1,0.9
321,230,2,1,1,1,1.00,0.00,1.1,0.9,1.1,0.9
322,230,2,1,1,1,1.00,0.00,1.1,0.9,1.1,0.9
323,230,2,1,1,1,1.00,0.00,1.1,0.9,1.1,0.9
324,230,1,1,1,1,1.00,0.00,1.1,0.9,1.1,0.9
325,230,1,1,1,1,1.00,0.00,1.1,0.9,1.1,0.9
]; 
all_busName96 = [   ' 101 ';  ' 102 ';  ' 103 ';  ' 104 ';  ' 105 ';  ' 106 ';  ' 107 ';  ' 108 ';  ' 109 ';  ' 110 ';  ' 111 ';  ' 112 ';  ' 113 ';  ' 114 ';  ' 115 ';  ' 116 ';  ' 117 ';  ' 118 ';  ' 119 ';  ' 120 ';  ' 121 ';  ' 122 ';  ' 123 ';  ' 124 ';  ' 201 ';  ' 202 ';  ' 203 ';  ' 204 ';  ' 205 ';  ' 206 ';  ' 207 ';  ' 208 ';  ' 209 ';  ' 210 ';  ' 211 ';  ' 212 ';  ' 213 ';  ' 214 ';  ' 215 ';  ' 216 ';  ' 217 ';  ' 218 ';  ' 219 ';  ' 220 ';  ' 221 ';  ' 222 ';  ' 223 ';  ' 224 ';  ' 301 ';  ' 302 ';  ' 303 ';  ' 304 ';  ' 305 ';  ' 306 ';  ' 307 ';  ' 308 ';  ' 309 ';  ' 310 ';  ' 311 ';  ' 312 ';  ' 313 ';  ' 314 ';  ' 315 ';  ' 316 ';  ' 317 ';  ' 318 ';  ' 319 ';  ' 320 ';  ' 321 ';  ' 322 ';  ' 323 ';  ' 324 ';  ' 325 '; ];
%% RTS 96 System Load Data %% 
all_loaddata96 = [ 
101,1,11,11,53.55015319532844,11.133757116048598,0.0,0.0,0.0,0.0,1,1,0
102,1,11,12,47.99687500104262,14.17377495935373,0.0,0.0,0.0,0.0,1,1,0
103,1,11,11,121.12114782083128,32.743291580543435,0.0,0.0,0.0,0.0,1,1,0
104,1,11,11,36.65594043059293,7.646802691613557,0.0,0.0,0.0,0.0,1,1,0
105,1,11,11,46.89883293679012,9.516618439566717,0.0,0.0,0.0,0.0,1,1,0
106,1,11,12,68.5013151110664,21.89606171416361,0.0,0.0,0.0,0.0,1,1,0
107,1,11,12,102.01915948401438,14.55117390108411,0.0,0.0,0.0,0.0,1,1,0
108,1,11,12,102.0088429806882,17.352206737083147,0.0,0.0,0.0,0.0,1,1,0
109,1,11,13,150.46046516249422,31.259169896491617,0.0,0.0,0.0,0.0,1,1,0
110,1,11,13,155.79682548751424,27.96991583746299,0.0,0.0,0.0,0.0,1,1,0
111,1,11,13,0.0,0.0,0.0,0.0,0.0,0.0,1,1,0
112,1,11,13,0.0,0.0,0.0,0.0,0.0,0.0,1,1,0
113,1,12,14,189.14181783808047,26.4107385393477,0.0,0.0,0.0,0.0,1,1,0
114,1,12,16,151.97706787217652,19.74139545324845,0.0,0.0,0.0,0.0,1,1,0
115,1,12,16,214.45869030685583,48.10290515672564,0.0,0.0,0.0,0.0,1,1,0
116,1,12,16,60.19354395195376,15.793444617477244,0.0,0.0,0.0,0.0,1,1,0
117,1,12,17,0.0,0.0,0.0,0.0,0.0,0.0,1,1,0
118,1,12,17,228.8683655746878,33.63961970933341,0.0,0.0,0.0,0.0,1,1,0
119,1,12,15,155.65030301301363,24.81721899817977,0.0,0.0,0.0,0.0,1,1,0
120,1,12,15,80.14540932596326,21.53195508566117,0.0,0.0,0.0,0.0,1,1,0
121,1,12,17,0.0,0.0,0.0,0.0,0.0,0.0,1,1,0
122,1,12,17,0.0,0.0,0.0,0.0,0.0,0.0,1,1,0
123,1,12,15,0.0,0.0,0.0,0.0,0.0,0.0,1,1,0
124,1,12,16,0.0,0.0,0.0,0.0,0.0,0.0,1,1,0
201,1,21,21,70.65512670417633,15.156646137873643,0.0,0.0,0.0,0.0,1,1,0
202,1,21,22,49.075412227345815,16.987561414942146,0.0,0.0,0.0,0.0,1,1,0
203,1,21,21,116.6469031513771,24.490265052630004,0.0,0.0,0.0,0.0,1,1,0
204,1,21,21,48.48467060620877,10.76563750271243,0.0,0.0,0.0,0.0,1,1,0
205,1,21,21,59.44149975873144,11.70620272671869,0.0,0.0,0.0,0.0,1,1,0
206,1,21,22,107.83169739494473,19.958132105684278,0.0,0.0,0.0,0.0,1,1,0
207,1,21,22,69.194639753527,18.892204030427383,0.0,0.0,0.0,0.0,1,1,0
208,1,21,22,118.0166964547507,22.344571842465783,0.0,0.0,0.0,0.0,1,1,0
209,1,21,23,117.15743529537461,30.810236684998873,0.0,0.0,0.0,0.0,1,1,0
210,1,21,23,156.26987680576832,23.165038454337044,0.0,0.0,0.0,0.0,1,1,0
211,1,21,23,0.0,0.0,0.0,0.0,0.0,0.0,1,1,0
212,1,21,23,0.0,0.0,0.0,0.0,0.0,0.0,1,1,0
213,1,22,24,218.61455172306694,34.992031395160126,0.0,0.0,0.0,0.0,1,1,0
214,1,22,26,99.31447044431017,22.086883719444742,0.0,0.0,0.0,0.0,1,1,0
215,1,22,26,192.56312627235843,33.22619051088095,0.0,0.0,0.0,0.0,1,1,0
216,1,22,26,81.04512225165031,11.355697670672088,0.0,0.0,0.0,0.0,1,1,0
217,1,22,27,0.0,0.0,0.0,0.0,0.0,0.0,1,1,0
218,1,22,27,254.67984580085374,46.02310149456058,0.0,0.0,0.0,0.0,1,1,0
219,1,22,25,138.34339261239936,26.091214350711553,0.0,0.0,0.0,0.0,1,1,0
220,1,22,25,67.8453708717048,19.50037994512813,0.0,0.0,0.0,0.0,1,1,0
221,1,22,27,0.0,0.0,0.0,0.0,0.0,0.0,1,1,0
222,1,22,27,0.0,0.0,0.0,0.0,0.0,0.0,1,1,0
223,1,22,25,0.0,0.0,0.0,0.0,0.0,0.0,1,1,0
224,1,22,26,0.0,0.0,0.0,0.0,0.0,0.0,1,1,0
301,1,31,31,54.25946970707159,19.70194999039639,0.0,0.0,0.0,0.0,1,1,0
302,1,31,32,52.0002296801582,11.301189031633548,0.0,0.0,0.0,0.0,1,1,0
303,1,31,31,156.82329938067028,24.062754450192628,0.0,0.0,0.0,0.0,1,1,0
304,1,31,31,66.38380523612396,8.74158331981371,0.0,0.0,0.0,0.0,1,1,0
305,1,31,31,51.066931075847755,9.323785855816025,0.0,0.0,0.0,0.0,1,1,0
306,1,31,32,105.8014122781679,23.53159075638671,0.0,0.0,0.0,0.0,1,1,0
307,1,31,32,69.10717160038766,21.02741055691964,0.0,0.0,0.0,0.0,1,1,0
308,1,31,32,153.02447751996434,27.529361892696702,0.0,0.0,0.0,0.0,1,1,0
309,1,31,33,107.05059472633526,32.209254732877206,0.0,0.0,0.0,0.0,1,1,0
310,1,31,33,123.02483304654154,34.96661965840124,0.0,0.0,0.0,0.0,1,1,0
311,1,31,33,0.0,0.0,0.0,0.0,0.0,0.0,1,1,0
312,1,31,33,0.0,0.0,0.0,0.0,0.0,0.0,1,1,0
313,1,32,34,169.93356308512438,45.38440887182951,0.0,0.0,0.0,0.0,1,1,0
314,1,32,36,163.39079223280774,25.18477823854247,0.0,0.0,0.0,0.0,1,1,0
315,1,32,36,210.00793437393838,51.02720707983076,0.0,0.0,0.0,0.0,1,1,0
