% From Raw File 
%% RTS 96 System Bus Data %% 
all_busdata96 = [ 
101,138,2,1,1,1,1.00,0.00,1.1,0.9,1.1,0.9
102,138,2,1,1,1,1.00,0.00,1.1,0.9,1.1,0.9
103,138,1,1,1,1,1.00,0.00,1.1,0.9,1.1,0.9
104,138,1,1,1,1,1.00,0.00,1.1,0.9,1.1,0.9
105,138,1,1,1,1,1.00,0.00,1.1,0.9,1.1,0.9
106,138,1,1,1,1,1.00,0.00,1.1,0.9,1.1,0.9
107,138,2,1,1,1,1.00,0.00,1.1,0.9,1.1,0.9
108,138,1,1,1,1,1.00,0.00,1.1,0.9,1.1,0.9
109,138,1,1,1,1,1.00,0.00,1.1,0.9,1.1,0.9
110,138,1,1,1,1,1.00,0.00,1.1,0.9,1.1,0.9
111,230,1,1,1,1,1.00,0.00,1.1,0.9,1.1,0.9
112,230,1,1,1,1,1.00,0.00,1.1,0.9,1.1,0.9
113,230,3,1,1,1,1.00,0.00,1.1,0.9,1.1,0.9
114,230,2,1,1,1,1.00,0.00,1.1,0.9,1.1,0.9
115,230,2,1,1,1,1.00,0.00,1.1,0.9,1.1,0.9
116,230,2,1,1,1,1.00,0.00,1.1,0.9,1.1,0.9
117,230,1,1,1,1,1.00,0.00,1.1,0.9,1.1,0.9
118,230,2,1,1,1,1.00,0.00,1.1,0.9,1.1,0.9
119,230,1,1,1,1,1.00,0.00,1.1,0.9,1.1,0.9
120,230,1,1,1,1,1.00,0.00,1.1,0.9,1.1,0.9
121,230,2,1,1,1,1.00,0.00,1.1,0.9,1.1,0.9
122,230,2,1,1,1,1.00,0.00,1.1,0.9,1.1,0.9
123,230,2,1,1,1,1.00,0.00,1.1,0.9,1.1,0.9
124,230,1,1,1,1,1.00,0.00,1.1,0.9,1.1,0.9
201,138,2,1,1,1,1.00,0.00,1.1,0.9,1.1,0.9
202,138,2,1,1,1,1.00,0.00,1.1,0.9,1.1,0.9
203,138,1,1,1,1,1.00,0.00,1.1,0.9,1.1,0.9
204,138,1,1,1,1,1.00,0.00,1.1,0.9,1.1,0.9
205,138,1,1,1,1,1.00,0.00,1.1,0.9,1.1,0.9
206,138,1,1,1,1,1.00,0.00,1.1,0.9,1.1,0.9
207,138,2,1,1,1,1.00,0.00,1.1,0.9,1.1,0.9
208,138,1,1,1,1,1.00,0.00,1.1,0.9,1.1,0.9
209,138,1,1,1,1,1.00,0.00,1.1,0.9,1.1,0.9
210,138,1,1,1,1,1.00,0.00,1.1,0.9,1.1,0.9
211,230,1,1,1,1,1.00,0.00,1.1,0.9,1.1,0.9
212,230,1,1,1,1,1.00,0.00,1.1,0.9,1.1,0.9
213,230,2,1,1,1,1.00,0.00,1.1,0.9,1.1,0.9
214,230,2,1,1,1,1.00,0.00,1.1,0.9,1.1,0.9
215,230,2,1,1,1,1.00,0.00,1.1,0.9,1.1,0.9
216,230,2,1,1,1,1.00,0.00,1.1,0.9,1.1,0.9
217,230,1,1,1,1,1.00,0.00,1.1,0.9,1.1,0.9
218,230,2,1,1,1,1.00,0.00,1.1,0.9,1.1,0.9
219,230,1,1,1,1,1.00,0.00,1.1,0.9,1.1,0.9
220,230,1,1,1,1,1.00,0.00,1.1,0.9,1.1,0.9
221,230,2,1,1,1,1.00,0.00,1.1,0.9,1.1,0.9
222,230,2,1,1,1,1.00,0.00,1.1,0.9,1.1,0.9
223,230,2,1,1,1,1.00,0.00,1.1,0.9,1.1,0.9
224,230,1,1,1,1,1.00,0.00,1.1,0.9,1.1,0.9
301,138,2,1,1,1,1.00,0.00,1.1,0.9,1.1,0.9
302,138,2,1,1,1,1.00,0.00,1.1,0.9,1.1,0.9
303,138,1,1,1,1,1.00,0.00,1.1,0.9,1.1,0.9
304,138,1,1,1,1,1.00,0.00,1.1,0.9,1.1,0.9
305,138,1,1,1,1,1.00,0.00,1.1,0.9,1.1,0.9
306,138,1,1,1,1,1.00,0.00,1.1,0.9,1.1,0.9
307,138,2,1,1,1,1.00,0.00,1.1,0.9,1.1,0.9
308,138,1,1,1,1,1.00,0.00,1.1,0.9,1.1,0.9
309,138,1,1,1,1,1.00,0.00,1.1,0.9,1.1,0.9
310,138,1,1,1,1,1.00,0.00,1.1,0.9,1.1,0.9
311,230,1,1,1,1,1.00,0.00,1.1,0.9,1.1,0.9
312,230,1,1,1,1,1.00,0.00,1.1,0.9,1.1,0.9
313,230,2,1,1,1,1.00,0.00,1.1,0.9,1.1,0.9
314,230,2,1,1,1,1.00,0.00,1.1,0.9,1.1,0.9
315,230,2,1,1,1,1.00,0.00,1.1,0.9,1.1,0.9
316,230,2,1,1,1,1.00,0.00,1.1,0.9,1.1,0.9
317,230,1,1,1,1,1.00,0.00,1.1,0.9,1.1,0.9
318,230,2,1,1,1,1.00,0.00,1.1,0.9,1.1,0.9
319,230,1,1,1,1,1.00,0.00,1.1,0.9,1.1,0.9
320,230,1,1,1,1,1.00,0.00,1.1,0.9,1.1,0.9
321,230,2,1,1,1,1.00,0.00,1.1,0.9,1.1,0.9
322,230,2,1,1,1,1.00,0.00,1.1,0.9,1.1,0.9
323,230,2,1,1,1,1.00,0.00,1.1,0.9,1.1,0.9
324,230,1,1,1,1,1.00,0.00,1.1,0.9,1.1,0.9
325,230,1,1,1,1,1.00,0.00,1.1,0.9,1.1,0.9
]; 
all_busName96 = [   ' 101 ';  ' 102 ';  ' 103 ';  ' 104 ';  ' 105 ';  ' 106 ';  ' 107 ';  ' 108 ';  ' 109 ';  ' 110 ';  ' 111 ';  ' 112 ';  ' 113 ';  ' 114 ';  ' 115 ';  ' 116 ';  ' 117 ';  ' 118 ';  ' 119 ';  ' 120 ';  ' 121 ';  ' 122 ';  ' 123 ';  ' 124 ';  ' 201 ';  ' 202 ';  ' 203 ';  ' 204 ';  ' 205 ';  ' 206 ';  ' 207 ';  ' 208 ';  ' 209 ';  ' 210 ';  ' 211 ';  ' 212 ';  ' 213 ';  ' 214 ';  ' 215 ';  ' 216 ';  ' 217 ';  ' 218 ';  ' 219 ';  ' 220 ';  ' 221 ';  ' 222 ';  ' 223 ';  ' 224 ';  ' 301 ';  ' 302 ';  ' 303 ';  ' 304 ';  ' 305 ';  ' 306 ';  ' 307 ';  ' 308 ';  ' 309 ';  ' 310 ';  ' 311 ';  ' 312 ';  ' 313 ';  ' 314 ';  ' 315 ';  ' 316 ';  ' 317 ';  ' 318 ';  ' 319 ';  ' 320 ';  ' 321 ';  ' 322 ';  ' 323 ';  ' 324 ';  ' 325 '; ];
%% RTS 96 System Load Data %% 
all_loaddata96 = [ 
101,1,11,11,53.098461883889314,18.76581950613549,0.0,0.0,0.0,0.0,1,1,0
102,1,11,12,47.45189325742288,13.048396963859908,0.0,0.0,0.0,0.0,1,1,0
103,1,11,11,133.60421170445343,31.35422880262616,0.0,0.0,0.0,0.0,1,1,0
104,1,11,11,62.10147201251797,7.839335612169931,0.0,0.0,0.0,0.0,1,1,0
105,1,11,11,37.05013234292683,8.568946494722832,0.0,0.0,0.0,0.0,1,1,0
106,1,11,12,74.68562909171843,21.77428526219297,0.0,0.0,0.0,0.0,1,1,0
107,1,11,12,99.35359107453259,20.812339498666116,0.0,0.0,0.0,0.0,1,1,0
108,1,11,12,125.3249400872047,21.40474989777594,0.0,0.0,0.0,0.0,1,1,0
109,1,11,13,128.49512335628273,30.82302071608007,0.0,0.0,0.0,0.0,1,1,0
110,1,11,13,111.2068371600746,20.996481538921593,0.0,0.0,0.0,0.0,1,1,0
111,1,11,13,0.0,0.0,0.0,0.0,0.0,0.0,1,1,0
112,1,11,13,0.0,0.0,0.0,0.0,0.0,0.0,1,1,0
113,1,12,14,209.28486758097216,38.798056868264354,0.0,0.0,0.0,0.0,1,1,0
114,1,12,16,174.49772647186546,22.904103015338954,0.0,0.0,0.0,0.0,1,1,0
115,1,12,16,233.73438397986138,42.00494397947788,0.0,0.0,0.0,0.0,1,1,0
116,1,12,16,89.76059166062157,9.956272232889196,0.0,0.0,0.0,0.0,1,1,0
117,1,12,17,0.0,0.0,0.0,0.0,0.0,0.0,1,1,0
118,1,12,17,256.2334681699722,51.53145505707655,0.0,0.0,0.0,0.0,1,1,0
119,1,12,15,91.34226612712376,20.83234796957611,0.0,0.0,0.0,0.0,1,1,0
120,1,12,15,110.93156653304099,15.646140634036158,0.0,0.0,0.0,0.0,1,1,0
121,1,12,17,0.0,0.0,0.0,0.0,0.0,0.0,1,1,0
122,1,12,17,0.0,0.0,0.0,0.0,0.0,0.0,1,1,0
123,1,12,15,0.0,0.0,0.0,0.0,0.0,0.0,1,1,0
124,1,12,16,0.0,0.0,0.0,0.0,0.0,0.0,1,1,0
201,1,21,21,54.403923884814965,14.885948103646841,0.0,0.0,0.0,0.0,1,1,0
202,1,21,22,61.62329594515432,15.267139636913315,0.0,0.0,0.0,0.0,1,1,0
203,1,21,21,142.59376751826144,20.495529783979148,0.0,0.0,0.0,0.0,1,1,0
204,1,21,21,47.39644586007641,7.713089734660461,0.0,0.0,0.0,0.0,1,1,0
205,1,21,21,52.351063799312996,11.917390502973833,0.0,0.0,0.0,0.0,1,1,0
206,1,21,22,115.00051007050688,14.8146190690672,0.0,0.0,0.0,0.0,1,1,0
207,1,21,22,76.61619097640505,12.888221757430582,0.0,0.0,0.0,0.0,1,1,0
208,1,21,22,122.12336802828675,24.06980347178201,0.0,0.0,0.0,0.0,1,1,0
209,1,21,23,113.35197069252958,21.885321806815266,0.0,0.0,0.0,0.0,1,1,0
210,1,21,23,108.23686824061791,23.821825792914257,0.0,0.0,0.0,0.0,1,1,0
211,1,21,23,0.0,0.0,0.0,0.0,0.0,0.0,1,1,0
212,1,21,23,0.0,0.0,0.0,0.0,0.0,0.0,1,1,0
213,1,22,24,198.7278997944931,36.937156874450764,0.0,0.0,0.0,0.0,1,1,0
214,1,22,26,146.28166478256276,24.345368291511807,0.0,0.0,0.0,0.0,1,1,0
215,1,22,26,193.58233220198542,43.818391989710925,0.0,0.0,0.0,0.0,1,1,0
216,1,22,26,87.55337880566249,9.74709370911587,0.0,0.0,0.0,0.0,1,1,0
217,1,22,27,0.0,0.0,0.0,0.0,0.0,0.0,1,1,0
218,1,22,27,224.23576489232195,57.78399403206613,0.0,0.0,0.0,0.0,1,1,0
219,1,22,25,122.21492034782489,27.426069323132555,0.0,0.0,0.0,0.0,1,1,0
220,1,22,25,81.16947238277793,17.36277086534528,0.0,0.0,0.0,0.0,1,1,0
221,1,22,27,0.0,0.0,0.0,0.0,0.0,0.0,1,1,0
222,1,22,27,0.0,0.0,0.0,0.0,0.0,0.0,1,1,0
223,1,22,25,0.0,0.0,0.0,0.0,0.0,0.0,1,1,0
224,1,22,26,0.0,0.0,0.0,0.0,0.0,0.0,1,1,0
301,1,31,31,96.67391467435006,11.145125009256788,0.0,0.0,0.0,0.0,1,1,0
302,1,31,32,47.760809500727106,17.83294065439515,0.0,0.0,0.0,0.0,1,1,0
303,1,31,31,111.07637397741247,27.85449402850885,0.0,0.0,0.0,0.0,1,1,0
304,1,31,31,36.01396274108793,11.624996488004223,0.0,0.0,0.0,0.0,1,1,0
305,1,31,31,44.3707168936925,8.36758248232752,0.0,0.0,0.0,0.0,1,1,0
306,1,31,32,120.23716493512543,19.73355519776512,0.0,0.0,0.0,0.0,1,1,0
307,1,31,32,101.87217611434171,15.642020145028363,0.0,0.0,0.0,0.0,1,1,0
308,1,31,32,152.35185135684208,20.299328545626718,0.0,0.0,0.0,0.0,1,1,0
309,1,31,33,148.4941098541464,27.549677335997856,0.0,0.0,0.0,0.0,1,1,0
310,1,31,33,119.74788668836327,19.891883689541366,0.0,0.0,0.0,0.0,1,1,0
311,1,31,33,0.0,0.0,0.0,0.0,0.0,0.0,1,1,0
312,1,31,33,0.0,0.0,0.0,0.0,0.0,0.0,1,1,0
313,1,32,34,200.19447148052976,28.986742347687017,0.0,0.0,0.0,0.0,1,1,0
314,1,32,36,118.75456872323548,30.424956154594714,0.0,0.0,0.0,0.0,1,1,0
315,1,32,36,231.66583535082424,34.39161042020022,0.0,0.0,0.0,0.0,1,1,0
