% From Raw File 
%% RTS 96 System Bus Data %% 
all_busdata96 = [ 
101,138,2,1,1,1,1.00,0.00,1.1,0.9,1.1,0.9
102,138,2,1,1,1,1.00,0.00,1.1,0.9,1.1,0.9
103,138,1,1,1,1,1.00,0.00,1.1,0.9,1.1,0.9
104,138,1,1,1,1,1.00,0.00,1.1,0.9,1.1,0.9
105,138,1,1,1,1,1.00,0.00,1.1,0.9,1.1,0.9
106,138,1,1,1,1,1.00,0.00,1.1,0.9,1.1,0.9
107,138,2,1,1,1,1.00,0.00,1.1,0.9,1.1,0.9
108,138,1,1,1,1,1.00,0.00,1.1,0.9,1.1,0.9
109,138,1,1,1,1,1.00,0.00,1.1,0.9,1.1,0.9
110,138,1,1,1,1,1.00,0.00,1.1,0.9,1.1,0.9
111,230,1,1,1,1,1.00,0.00,1.1,0.9,1.1,0.9
112,230,1,1,1,1,1.00,0.00,1.1,0.9,1.1,0.9
113,230,3,1,1,1,1.00,0.00,1.1,0.9,1.1,0.9
114,230,2,1,1,1,1.00,0.00,1.1,0.9,1.1,0.9
115,230,2,1,1,1,1.00,0.00,1.1,0.9,1.1,0.9
116,230,2,1,1,1,1.00,0.00,1.1,0.9,1.1,0.9
117,230,1,1,1,1,1.00,0.00,1.1,0.9,1.1,0.9
118,230,2,1,1,1,1.00,0.00,1.1,0.9,1.1,0.9
119,230,1,1,1,1,1.00,0.00,1.1,0.9,1.1,0.9
120,230,1,1,1,1,1.00,0.00,1.1,0.9,1.1,0.9
121,230,2,1,1,1,1.00,0.00,1.1,0.9,1.1,0.9
122,230,2,1,1,1,1.00,0.00,1.1,0.9,1.1,0.9
123,230,2,1,1,1,1.00,0.00,1.1,0.9,1.1,0.9
124,230,1,1,1,1,1.00,0.00,1.1,0.9,1.1,0.9
201,138,2,1,1,1,1.00,0.00,1.1,0.9,1.1,0.9
202,138,2,1,1,1,1.00,0.00,1.1,0.9,1.1,0.9
203,138,1,1,1,1,1.00,0.00,1.1,0.9,1.1,0.9
204,138,1,1,1,1,1.00,0.00,1.1,0.9,1.1,0.9
205,138,1,1,1,1,1.00,0.00,1.1,0.9,1.1,0.9
206,138,1,1,1,1,1.00,0.00,1.1,0.9,1.1,0.9
207,138,2,1,1,1,1.00,0.00,1.1,0.9,1.1,0.9
208,138,1,1,1,1,1.00,0.00,1.1,0.9,1.1,0.9
209,138,1,1,1,1,1.00,0.00,1.1,0.9,1.1,0.9
210,138,1,1,1,1,1.00,0.00,1.1,0.9,1.1,0.9
211,230,1,1,1,1,1.00,0.00,1.1,0.9,1.1,0.9
212,230,1,1,1,1,1.00,0.00,1.1,0.9,1.1,0.9
213,230,2,1,1,1,1.00,0.00,1.1,0.9,1.1,0.9
214,230,2,1,1,1,1.00,0.00,1.1,0.9,1.1,0.9
215,230,2,1,1,1,1.00,0.00,1.1,0.9,1.1,0.9
216,230,2,1,1,1,1.00,0.00,1.1,0.9,1.1,0.9
217,230,1,1,1,1,1.00,0.00,1.1,0.9,1.1,0.9
218,230,2,1,1,1,1.00,0.00,1.1,0.9,1.1,0.9
219,230,1,1,1,1,1.00,0.00,1.1,0.9,1.1,0.9
220,230,1,1,1,1,1.00,0.00,1.1,0.9,1.1,0.9
221,230,2,1,1,1,1.00,0.00,1.1,0.9,1.1,0.9
222,230,2,1,1,1,1.00,0.00,1.1,0.9,1.1,0.9
223,230,2,1,1,1,1.00,0.00,1.1,0.9,1.1,0.9
224,230,1,1,1,1,1.00,0.00,1.1,0.9,1.1,0.9
301,138,2,1,1,1,1.00,0.00,1.1,0.9,1.1,0.9
302,138,2,1,1,1,1.00,0.00,1.1,0.9,1.1,0.9
303,138,1,1,1,1,1.00,0.00,1.1,0.9,1.1,0.9
304,138,1,1,1,1,1.00,0.00,1.1,0.9,1.1,0.9
305,138,1,1,1,1,1.00,0.00,1.1,0.9,1.1,0.9
306,138,1,1,1,1,1.00,0.00,1.1,0.9,1.1,0.9
307,138,2,1,1,1,1.00,0.00,1.1,0.9,1.1,0.9
308,138,1,1,1,1,1.00,0.00,1.1,0.9,1.1,0.9
309,138,1,1,1,1,1.00,0.00,1.1,0.9,1.1,0.9
310,138,1,1,1,1,1.00,0.00,1.1,0.9,1.1,0.9
311,230,1,1,1,1,1.00,0.00,1.1,0.9,1.1,0.9
312,230,1,1,1,1,1.00,0.00,1.1,0.9,1.1,0.9
313,230,2,1,1,1,1.00,0.00,1.1,0.9,1.1,0.9
314,230,2,1,1,1,1.00,0.00,1.1,0.9,1.1,0.9
315,230,2,1,1,1,1.00,0.00,1.1,0.9,1.1,0.9
316,230,2,1,1,1,1.00,0.00,1.1,0.9,1.1,0.9
317,230,1,1,1,1,1.00,0.00,1.1,0.9,1.1,0.9
318,230,2,1,1,1,1.00,0.00,1.1,0.9,1.1,0.9
319,230,1,1,1,1,1.00,0.00,1.1,0.9,1.1,0.9
320,230,1,1,1,1,1.00,0.00,1.1,0.9,1.1,0.9
321,230,2,1,1,1,1.00,0.00,1.1,0.9,1.1,0.9
322,230,2,1,1,1,1.00,0.00,1.1,0.9,1.1,0.9
323,230,2,1,1,1,1.00,0.00,1.1,0.9,1.1,0.9
324,230,1,1,1,1,1.00,0.00,1.1,0.9,1.1,0.9
325,230,1,1,1,1,1.00,0.00,1.1,0.9,1.1,0.9
]; 
all_busName96 = [   ' 101 ';  ' 102 ';  ' 103 ';  ' 104 ';  ' 105 ';  ' 106 ';  ' 107 ';  ' 108 ';  ' 109 ';  ' 110 ';  ' 111 ';  ' 112 ';  ' 113 ';  ' 114 ';  ' 115 ';  ' 116 ';  ' 117 ';  ' 118 ';  ' 119 ';  ' 120 ';  ' 121 ';  ' 122 ';  ' 123 ';  ' 124 ';  ' 201 ';  ' 202 ';  ' 203 ';  ' 204 ';  ' 205 ';  ' 206 ';  ' 207 ';  ' 208 ';  ' 209 ';  ' 210 ';  ' 211 ';  ' 212 ';  ' 213 ';  ' 214 ';  ' 215 ';  ' 216 ';  ' 217 ';  ' 218 ';  ' 219 ';  ' 220 ';  ' 221 ';  ' 222 ';  ' 223 ';  ' 224 ';  ' 301 ';  ' 302 ';  ' 303 ';  ' 304 ';  ' 305 ';  ' 306 ';  ' 307 ';  ' 308 ';  ' 309 ';  ' 310 ';  ' 311 ';  ' 312 ';  ' 313 ';  ' 314 ';  ' 315 ';  ' 316 ';  ' 317 ';  ' 318 ';  ' 319 ';  ' 320 ';  ' 321 ';  ' 322 ';  ' 323 ';  ' 324 ';  ' 325 '; ];
%% RTS 96 System Load Data %% 
all_loaddata96 = [ 
101,1,11,11,95.16432788077388,11.494070335446205,0.0,0.0,0.0,0.0,1,1,0
102,1,11,12,52.001188570374296,10.810725008019245,0.0,0.0,0.0,0.0,1,1,0
103,1,11,11,130.02258832961505,32.05795401616506,0.0,0.0,0.0,0.0,1,1,0
104,1,11,11,62.20328666644328,12.887662787603215,0.0,0.0,0.0,0.0,1,1,0
105,1,11,11,37.904357581076916,11.455522932307609,0.0,0.0,0.0,0.0,1,1,0
106,1,11,12,121.02114387658685,22.14830583753437,0.0,0.0,0.0,0.0,1,1,0
107,1,11,12,79.87372383182519,19.836750562068776,0.0,0.0,0.0,0.0,1,1,0
108,1,11,12,144.3916499441353,28.129553719225573,0.0,0.0,0.0,0.0,1,1,0
109,1,11,13,109.72105620243588,22.27329257044103,0.0,0.0,0.0,0.0,1,1,0
110,1,11,13,139.37206754381884,21.21938741068728,0.0,0.0,0.0,0.0,1,1,0
111,1,11,13,0.0,0.0,0.0,0.0,0.0,0.0,1,1,0
112,1,11,13,0.0,0.0,0.0,0.0,0.0,0.0,1,1,0
113,1,12,14,185.61387555958936,38.78123466158341,0.0,0.0,0.0,0.0,1,1,0
114,1,12,16,146.564074934222,30.746586429122186,0.0,0.0,0.0,0.0,1,1,0
115,1,12,16,249.16400062443472,41.51306969945132,0.0,0.0,0.0,0.0,1,1,0
116,1,12,16,81.20380560601596,9.881778314301743,0.0,0.0,0.0,0.0,1,1,0
117,1,12,17,0.0,0.0,0.0,0.0,0.0,0.0,1,1,0
118,1,12,17,211.66118910635888,60.63828516300638,0.0,0.0,0.0,0.0,1,1,0
119,1,12,15,118.15701217268966,29.374998471039532,0.0,0.0,0.0,0.0,1,1,0
120,1,12,15,89.75061635375617,15.639045490985177,0.0,0.0,0.0,0.0,1,1,0
121,1,12,17,0.0,0.0,0.0,0.0,0.0,0.0,1,1,0
122,1,12,17,0.0,0.0,0.0,0.0,0.0,0.0,1,1,0
123,1,12,15,0.0,0.0,0.0,0.0,0.0,0.0,1,1,0
124,1,12,16,0.0,0.0,0.0,0.0,0.0,0.0,1,1,0
201,1,21,21,52.81002213731222,13.81582572136363,0.0,0.0,0.0,0.0,1,1,0
202,1,21,22,50.68991587693928,11.408658083321525,0.0,0.0,0.0,0.0,1,1,0
203,1,21,21,110.77384068988356,33.24262647107891,0.0,0.0,0.0,0.0,1,1,0
204,1,21,21,59.94251350726364,13.268747360837878,0.0,0.0,0.0,0.0,1,1,0
205,1,21,21,48.50013931065691,12.144785705003422,0.0,0.0,0.0,0.0,1,1,0
206,1,21,22,90.33415523088946,14.141857084397412,0.0,0.0,0.0,0.0,1,1,0
207,1,21,22,65.70324626112124,19.976472602281717,0.0,0.0,0.0,0.0,1,1,0
208,1,21,22,119.21123969529583,19.347402797309215,0.0,0.0,0.0,0.0,1,1,0
209,1,21,23,151.93245170310607,20.80911578449644,0.0,0.0,0.0,0.0,1,1,0
210,1,21,23,157.38150017338734,33.116440340369934,0.0,0.0,0.0,0.0,1,1,0
211,1,21,23,0.0,0.0,0.0,0.0,0.0,0.0,1,1,0
212,1,21,23,0.0,0.0,0.0,0.0,0.0,0.0,1,1,0
213,1,22,24,218.8809453830549,34.63612832335643,0.0,0.0,0.0,0.0,1,1,0
214,1,22,26,174.10357285069506,25.15106700904858,0.0,0.0,0.0,0.0,1,1,0
215,1,22,26,199.12898092262583,48.997708359432224,0.0,0.0,0.0,0.0,1,1,0
216,1,22,26,84.79276998333168,16.14899770344794,0.0,0.0,0.0,0.0,1,1,0
217,1,22,27,0.0,0.0,0.0,0.0,0.0,0.0,1,1,0
218,1,22,27,236.09601513314615,46.88124727986977,0.0,0.0,0.0,0.0,1,1,0
219,1,22,25,140.07126918085453,24.01801578944642,0.0,0.0,0.0,0.0,1,1,0
220,1,22,25,112.19602759584188,23.29779488010686,0.0,0.0,0.0,0.0,1,1,0
221,1,22,27,0.0,0.0,0.0,0.0,0.0,0.0,1,1,0
222,1,22,27,0.0,0.0,0.0,0.0,0.0,0.0,1,1,0
223,1,22,25,0.0,0.0,0.0,0.0,0.0,0.0,1,1,0
224,1,22,26,0.0,0.0,0.0,0.0,0.0,0.0,1,1,0
301,1,31,31,83.9003995776018,12.080808463194966,0.0,0.0,0.0,0.0,1,1,0
302,1,31,32,84.1274997329333,16.363687134264037,0.0,0.0,0.0,0.0,1,1,0
303,1,31,31,103.88425288970768,21.075831378238274,0.0,0.0,0.0,0.0,1,1,0
304,1,31,31,65.10344070382592,8.422810218590078,0.0,0.0,0.0,0.0,1,1,0
305,1,31,31,61.457493986532135,7.017901687785331,0.0,0.0,0.0,0.0,1,1,0
306,1,31,32,104.37743732075171,14.58487082249578,0.0,0.0,0.0,0.0,1,1,0
307,1,31,32,65.8397014365415,13.854732912221223,0.0,0.0,0.0,0.0,1,1,0
308,1,31,32,93.91404089568998,20.877013388232324,0.0,0.0,0.0,0.0,1,1,0
309,1,31,33,97.46330056912615,21.615719959267416,0.0,0.0,0.0,0.0,1,1,0
310,1,31,33,135.02799525862048,24.503328556878493,0.0,0.0,0.0,0.0,1,1,0
311,1,31,33,0.0,0.0,0.0,0.0,0.0,0.0,1,1,0
312,1,31,33,0.0,0.0,0.0,0.0,0.0,0.0,1,1,0
313,1,32,34,135.80909808374102,30.214968500804336,0.0,0.0,0.0,0.0,1,1,0
314,1,32,36,100.16691159160416,32.10575263159443,0.0,0.0,0.0,0.0,1,1,0
315,1,32,36,164.23217755147778,33.558859010794755,0.0,0.0,0.0,0.0,1,1,0
