% From Raw File 
%% RTS 96 System Bus Data %% 
all_busdata96 = [ 
101,138,2,1,1,1,1.00,0.00,1.1,0.9,1.1,0.9
102,138,2,1,1,1,1.00,0.00,1.1,0.9,1.1,0.9
103,138,1,1,1,1,1.00,0.00,1.1,0.9,1.1,0.9
104,138,1,1,1,1,1.00,0.00,1.1,0.9,1.1,0.9
105,138,1,1,1,1,1.00,0.00,1.1,0.9,1.1,0.9
106,138,1,1,1,1,1.00,0.00,1.1,0.9,1.1,0.9
107,138,2,1,1,1,1.00,0.00,1.1,0.9,1.1,0.9
108,138,1,1,1,1,1.00,0.00,1.1,0.9,1.1,0.9
109,138,1,1,1,1,1.00,0.00,1.1,0.9,1.1,0.9
110,138,1,1,1,1,1.00,0.00,1.1,0.9,1.1,0.9
111,230,1,1,1,1,1.00,0.00,1.1,0.9,1.1,0.9
112,230,1,1,1,1,1.00,0.00,1.1,0.9,1.1,0.9
113,230,3,1,1,1,1.00,0.00,1.1,0.9,1.1,0.9
114,230,2,1,1,1,1.00,0.00,1.1,0.9,1.1,0.9
115,230,2,1,1,1,1.00,0.00,1.1,0.9,1.1,0.9
116,230,2,1,1,1,1.00,0.00,1.1,0.9,1.1,0.9
117,230,1,1,1,1,1.00,0.00,1.1,0.9,1.1,0.9
118,230,2,1,1,1,1.00,0.00,1.1,0.9,1.1,0.9
119,230,1,1,1,1,1.00,0.00,1.1,0.9,1.1,0.9
120,230,1,1,1,1,1.00,0.00,1.1,0.9,1.1,0.9
121,230,2,1,1,1,1.00,0.00,1.1,0.9,1.1,0.9
122,230,2,1,1,1,1.00,0.00,1.1,0.9,1.1,0.9
123,230,2,1,1,1,1.00,0.00,1.1,0.9,1.1,0.9
124,230,1,1,1,1,1.00,0.00,1.1,0.9,1.1,0.9
201,138,2,1,1,1,1.00,0.00,1.1,0.9,1.1,0.9
202,138,2,1,1,1,1.00,0.00,1.1,0.9,1.1,0.9
203,138,1,1,1,1,1.00,0.00,1.1,0.9,1.1,0.9
204,138,1,1,1,1,1.00,0.00,1.1,0.9,1.1,0.9
205,138,1,1,1,1,1.00,0.00,1.1,0.9,1.1,0.9
206,138,1,1,1,1,1.00,0.00,1.1,0.9,1.1,0.9
207,138,2,1,1,1,1.00,0.00,1.1,0.9,1.1,0.9
208,138,1,1,1,1,1.00,0.00,1.1,0.9,1.1,0.9
209,138,1,1,1,1,1.00,0.00,1.1,0.9,1.1,0.9
210,138,1,1,1,1,1.00,0.00,1.1,0.9,1.1,0.9
211,230,1,1,1,1,1.00,0.00,1.1,0.9,1.1,0.9
212,230,1,1,1,1,1.00,0.00,1.1,0.9,1.1,0.9
213,230,2,1,1,1,1.00,0.00,1.1,0.9,1.1,0.9
214,230,2,1,1,1,1.00,0.00,1.1,0.9,1.1,0.9
215,230,2,1,1,1,1.00,0.00,1.1,0.9,1.1,0.9
216,230,2,1,1,1,1.00,0.00,1.1,0.9,1.1,0.9
217,230,1,1,1,1,1.00,0.00,1.1,0.9,1.1,0.9
218,230,2,1,1,1,1.00,0.00,1.1,0.9,1.1,0.9
219,230,1,1,1,1,1.00,0.00,1.1,0.9,1.1,0.9
220,230,1,1,1,1,1.00,0.00,1.1,0.9,1.1,0.9
221,230,2,1,1,1,1.00,0.00,1.1,0.9,1.1,0.9
222,230,2,1,1,1,1.00,0.00,1.1,0.9,1.1,0.9
223,230,2,1,1,1,1.00,0.00,1.1,0.9,1.1,0.9
224,230,1,1,1,1,1.00,0.00,1.1,0.9,1.1,0.9
301,138,2,1,1,1,1.00,0.00,1.1,0.9,1.1,0.9
302,138,2,1,1,1,1.00,0.00,1.1,0.9,1.1,0.9
303,138,1,1,1,1,1.00,0.00,1.1,0.9,1.1,0.9
304,138,1,1,1,1,1.00,0.00,1.1,0.9,1.1,0.9
305,138,1,1,1,1,1.00,0.00,1.1,0.9,1.1,0.9
306,138,1,1,1,1,1.00,0.00,1.1,0.9,1.1,0.9
307,138,2,1,1,1,1.00,0.00,1.1,0.9,1.1,0.9
308,138,1,1,1,1,1.00,0.00,1.1,0.9,1.1,0.9
309,138,1,1,1,1,1.00,0.00,1.1,0.9,1.1,0.9
310,138,1,1,1,1,1.00,0.00,1.1,0.9,1.1,0.9
311,230,1,1,1,1,1.00,0.00,1.1,0.9,1.1,0.9
312,230,1,1,1,1,1.00,0.00,1.1,0.9,1.1,0.9
313,230,2,1,1,1,1.00,0.00,1.1,0.9,1.1,0.9
314,230,2,1,1,1,1.00,0.00,1.1,0.9,1.1,0.9
315,230,2,1,1,1,1.00,0.00,1.1,0.9,1.1,0.9
316,230,2,1,1,1,1.00,0.00,1.1,0.9,1.1,0.9
317,230,1,1,1,1,1.00,0.00,1.1,0.9,1.1,0.9
318,230,2,1,1,1,1.00,0.00,1.1,0.9,1.1,0.9
319,230,1,1,1,1,1.00,0.00,1.1,0.9,1.1,0.9
320,230,1,1,1,1,1.00,0.00,1.1,0.9,1.1,0.9
321,230,2,1,1,1,1.00,0.00,1.1,0.9,1.1,0.9
322,230,2,1,1,1,1.00,0.00,1.1,0.9,1.1,0.9
323,230,2,1,1,1,1.00,0.00,1.1,0.9,1.1,0.9
324,230,1,1,1,1,1.00,0.00,1.1,0.9,1.1,0.9
325,230,1,1,1,1,1.00,0.00,1.1,0.9,1.1,0.9
]; 
all_busName96 = [   ' 101 ';  ' 102 ';  ' 103 ';  ' 104 ';  ' 105 ';  ' 106 ';  ' 107 ';  ' 108 ';  ' 109 ';  ' 110 ';  ' 111 ';  ' 112 ';  ' 113 ';  ' 114 ';  ' 115 ';  ' 116 ';  ' 117 ';  ' 118 ';  ' 119 ';  ' 120 ';  ' 121 ';  ' 122 ';  ' 123 ';  ' 124 ';  ' 201 ';  ' 202 ';  ' 203 ';  ' 204 ';  ' 205 ';  ' 206 ';  ' 207 ';  ' 208 ';  ' 209 ';  ' 210 ';  ' 211 ';  ' 212 ';  ' 213 ';  ' 214 ';  ' 215 ';  ' 216 ';  ' 217 ';  ' 218 ';  ' 219 ';  ' 220 ';  ' 221 ';  ' 222 ';  ' 223 ';  ' 224 ';  ' 301 ';  ' 302 ';  ' 303 ';  ' 304 ';  ' 305 ';  ' 306 ';  ' 307 ';  ' 308 ';  ' 309 ';  ' 310 ';  ' 311 ';  ' 312 ';  ' 313 ';  ' 314 ';  ' 315 ';  ' 316 ';  ' 317 ';  ' 318 ';  ' 319 ';  ' 320 ';  ' 321 ';  ' 322 ';  ' 323 ';  ' 324 ';  ' 325 '; ];
%% RTS 96 System Load Data %% 
all_loaddata96 = [ 
101,1,11,11,66.34804689192194,12.23166212331634,0.0,0.0,0.0,0.0,1,1,0
102,1,11,12,59.0013113782018,16.434099257902243,0.0,0.0,0.0,0.0,1,1,0
103,1,11,11,123.02155684287752,26.330213112534675,0.0,0.0,0.0,0.0,1,1,0
104,1,11,11,36.82452236415138,9.224332379974891,0.0,0.0,0.0,0.0,1,1,0
105,1,11,11,63.48571143237013,9.226886073343735,0.0,0.0,0.0,0.0,1,1,0
106,1,11,12,89.90120827816018,25.08155640627779,0.0,0.0,0.0,0.0,1,1,0
107,1,11,12,79.95731762158103,15.653306393469682,0.0,0.0,0.0,0.0,1,1,0
108,1,11,12,133.35186342389017,17.593581939273978,0.0,0.0,0.0,0.0,1,1,0
109,1,11,13,96.80026100987219,30.281259905282784,0.0,0.0,0.0,0.0,1,1,0
110,1,11,13,99.07046362733398,21.462793631276114,0.0,0.0,0.0,0.0,1,1,0
111,1,11,13,0.0,0.0,0.0,0.0,0.0,0.0,1,1,0
112,1,11,13,0.0,0.0,0.0,0.0,0.0,0.0,1,1,0
113,1,12,14,227.00807621359152,33.23835980339432,0.0,0.0,0.0,0.0,1,1,0
114,1,12,16,138.8098251212217,25.050163584809052,0.0,0.0,0.0,0.0,1,1,0
115,1,12,16,184.16148098413186,37.7817078700751,0.0,0.0,0.0,0.0,1,1,0
116,1,12,16,57.34611510906368,14.06875686741527,0.0,0.0,0.0,0.0,1,1,0
117,1,12,17,0.0,0.0,0.0,0.0,0.0,0.0,1,1,0
118,1,12,17,240.08549478899164,35.04359653496202,0.0,0.0,0.0,0.0,1,1,0
119,1,12,15,138.76958597209216,21.873332818752896,0.0,0.0,0.0,0.0,1,1,0
120,1,12,15,66.94692435421943,13.224230950546637,0.0,0.0,0.0,0.0,1,1,0
121,1,12,17,0.0,0.0,0.0,0.0,0.0,0.0,1,1,0
122,1,12,17,0.0,0.0,0.0,0.0,0.0,0.0,1,1,0
123,1,12,15,0.0,0.0,0.0,0.0,0.0,0.0,1,1,0
124,1,12,16,0.0,0.0,0.0,0.0,0.0,0.0,1,1,0
201,1,21,21,66.20830081228371,15.991551960083005,0.0,0.0,0.0,0.0,1,1,0
202,1,21,22,47.328150593099835,14.265571660724468,0.0,0.0,0.0,0.0,1,1,0
203,1,21,21,109.13178886720351,30.30600124054779,0.0,0.0,0.0,0.0,1,1,0
204,1,21,21,38.32290889195958,12.900719341500896,0.0,0.0,0.0,0.0,1,1,0
205,1,21,21,35.12618837268669,12.484577233596985,0.0,0.0,0.0,0.0,1,1,0
206,1,21,22,98.15215467991793,25.124942740657367,0.0,0.0,0.0,0.0,1,1,0
207,1,21,22,103.6913968802488,21.320612794464683,0.0,0.0,0.0,0.0,1,1,0
208,1,21,22,125.79851242299335,30.61330281576351,0.0,0.0,0.0,0.0,1,1,0
209,1,21,23,103.00116860140348,30.170757493307814,0.0,0.0,0.0,0.0,1,1,0
210,1,21,23,100.90825144951161,31.959650877580046,0.0,0.0,0.0,0.0,1,1,0
211,1,21,23,0.0,0.0,0.0,0.0,0.0,0.0,1,1,0
212,1,21,23,0.0,0.0,0.0,0.0,0.0,0.0,1,1,0
213,1,22,24,157.74858521616832,30.65583375344798,0.0,0.0,0.0,0.0,1,1,0
214,1,22,26,130.2376337370568,20.0569505304324,0.0,0.0,0.0,0.0,1,1,0
215,1,22,26,238.74648104714532,36.12849095034599,0.0,0.0,0.0,0.0,1,1,0
216,1,22,26,66.5607029632246,12.606083860776387,0.0,0.0,0.0,0.0,1,1,0
217,1,22,27,0.0,0.0,0.0,0.0,0.0,0.0,1,1,0
218,1,22,27,242.86330349845707,45.92306475359537,0.0,0.0,0.0,0.0,1,1,0
219,1,22,25,90.87514335538927,26.272126406124183,0.0,0.0,0.0,0.0,1,1,0
220,1,22,25,63.37391401387452,18.785892216327323,0.0,0.0,0.0,0.0,1,1,0
221,1,22,27,0.0,0.0,0.0,0.0,0.0,0.0,1,1,0
222,1,22,27,0.0,0.0,0.0,0.0,0.0,0.0,1,1,0
223,1,22,25,0.0,0.0,0.0,0.0,0.0,0.0,1,1,0
224,1,22,26,0.0,0.0,0.0,0.0,0.0,0.0,1,1,0
301,1,31,31,86.48773435544092,15.91248187410459,0.0,0.0,0.0,0.0,1,1,0
302,1,31,32,71.21401456129979,17.8420061528245,0.0,0.0,0.0,0.0,1,1,0
303,1,31,31,156.52638900274505,18.957178503602183,0.0,0.0,0.0,0.0,1,1,0
304,1,31,31,64.18839667872246,11.49404577104724,0.0,0.0,0.0,0.0,1,1,0
305,1,31,31,58.41283491795282,7.151638277242239,0.0,0.0,0.0,0.0,1,1,0
306,1,31,32,115.62383119956851,16.709440496994183,0.0,0.0,0.0,0.0,1,1,0
307,1,31,32,108.00163728371844,12.915892451300751,0.0,0.0,0.0,0.0,1,1,0
308,1,31,32,119.38195592036693,30.176119976853023,0.0,0.0,0.0,0.0,1,1,0
309,1,31,33,151.60800653117826,17.674028238921984,0.0,0.0,0.0,0.0,1,1,0
310,1,31,33,104.40774419365775,31.799031278410926,0.0,0.0,0.0,0.0,1,1,0
311,1,31,33,0.0,0.0,0.0,0.0,0.0,0.0,1,1,0
312,1,31,33,0.0,0.0,0.0,0.0,0.0,0.0,1,1,0
313,1,32,34,169.55717322829693,31.392329597634728,0.0,0.0,0.0,0.0,1,1,0
314,1,32,36,145.82249958608656,19.629662855029665,0.0,0.0,0.0,0.0,1,1,0
315,1,32,36,165.98714809519896,43.80218316714763,0.0,0.0,0.0,0.0,1,1,0
