% From Raw File 
%% RTS 96 System Bus Data %% 
all_busdata96 = [ 
101,138,2,1,1,1,1.00,0.00,1.1,0.9,1.1,0.9
102,138,2,1,1,1,1.00,0.00,1.1,0.9,1.1,0.9
103,138,1,1,1,1,1.00,0.00,1.1,0.9,1.1,0.9
104,138,1,1,1,1,1.00,0.00,1.1,0.9,1.1,0.9
105,138,1,1,1,1,1.00,0.00,1.1,0.9,1.1,0.9
106,138,1,1,1,1,1.00,0.00,1.1,0.9,1.1,0.9
107,138,2,1,1,1,1.00,0.00,1.1,0.9,1.1,0.9
108,138,1,1,1,1,1.00,0.00,1.1,0.9,1.1,0.9
109,138,1,1,1,1,1.00,0.00,1.1,0.9,1.1,0.9
110,138,1,1,1,1,1.00,0.00,1.1,0.9,1.1,0.9
111,230,1,1,1,1,1.00,0.00,1.1,0.9,1.1,0.9
112,230,1,1,1,1,1.00,0.00,1.1,0.9,1.1,0.9
113,230,3,1,1,1,1.00,0.00,1.1,0.9,1.1,0.9
114,230,2,1,1,1,1.00,0.00,1.1,0.9,1.1,0.9
115,230,2,1,1,1,1.00,0.00,1.1,0.9,1.1,0.9
116,230,2,1,1,1,1.00,0.00,1.1,0.9,1.1,0.9
117,230,1,1,1,1,1.00,0.00,1.1,0.9,1.1,0.9
118,230,2,1,1,1,1.00,0.00,1.1,0.9,1.1,0.9
119,230,1,1,1,1,1.00,0.00,1.1,0.9,1.1,0.9
120,230,1,1,1,1,1.00,0.00,1.1,0.9,1.1,0.9
121,230,2,1,1,1,1.00,0.00,1.1,0.9,1.1,0.9
122,230,2,1,1,1,1.00,0.00,1.1,0.9,1.1,0.9
123,230,2,1,1,1,1.00,0.00,1.1,0.9,1.1,0.9
124,230,1,1,1,1,1.00,0.00,1.1,0.9,1.1,0.9
201,138,2,1,1,1,1.00,0.00,1.1,0.9,1.1,0.9
202,138,2,1,1,1,1.00,0.00,1.1,0.9,1.1,0.9
203,138,1,1,1,1,1.00,0.00,1.1,0.9,1.1,0.9
204,138,1,1,1,1,1.00,0.00,1.1,0.9,1.1,0.9
205,138,1,1,1,1,1.00,0.00,1.1,0.9,1.1,0.9
206,138,1,1,1,1,1.00,0.00,1.1,0.9,1.1,0.9
207,138,2,1,1,1,1.00,0.00,1.1,0.9,1.1,0.9
208,138,1,1,1,1,1.00,0.00,1.1,0.9,1.1,0.9
209,138,1,1,1,1,1.00,0.00,1.1,0.9,1.1,0.9
210,138,1,1,1,1,1.00,0.00,1.1,0.9,1.1,0.9
211,230,1,1,1,1,1.00,0.00,1.1,0.9,1.1,0.9
212,230,1,1,1,1,1.00,0.00,1.1,0.9,1.1,0.9
213,230,2,1,1,1,1.00,0.00,1.1,0.9,1.1,0.9
214,230,2,1,1,1,1.00,0.00,1.1,0.9,1.1,0.9
215,230,2,1,1,1,1.00,0.00,1.1,0.9,1.1,0.9
216,230,2,1,1,1,1.00,0.00,1.1,0.9,1.1,0.9
217,230,1,1,1,1,1.00,0.00,1.1,0.9,1.1,0.9
218,230,2,1,1,1,1.00,0.00,1.1,0.9,1.1,0.9
219,230,1,1,1,1,1.00,0.00,1.1,0.9,1.1,0.9
220,230,1,1,1,1,1.00,0.00,1.1,0.9,1.1,0.9
221,230,2,1,1,1,1.00,0.00,1.1,0.9,1.1,0.9
222,230,2,1,1,1,1.00,0.00,1.1,0.9,1.1,0.9
223,230,2,1,1,1,1.00,0.00,1.1,0.9,1.1,0.9
224,230,1,1,1,1,1.00,0.00,1.1,0.9,1.1,0.9
301,138,2,1,1,1,1.00,0.00,1.1,0.9,1.1,0.9
302,138,2,1,1,1,1.00,0.00,1.1,0.9,1.1,0.9
303,138,1,1,1,1,1.00,0.00,1.1,0.9,1.1,0.9
304,138,1,1,1,1,1.00,0.00,1.1,0.9,1.1,0.9
305,138,1,1,1,1,1.00,0.00,1.1,0.9,1.1,0.9
306,138,1,1,1,1,1.00,0.00,1.1,0.9,1.1,0.9
307,138,2,1,1,1,1.00,0.00,1.1,0.9,1.1,0.9
308,138,1,1,1,1,1.00,0.00,1.1,0.9,1.1,0.9
309,138,1,1,1,1,1.00,0.00,1.1,0.9,1.1,0.9
310,138,1,1,1,1,1.00,0.00,1.1,0.9,1.1,0.9
311,230,1,1,1,1,1.00,0.00,1.1,0.9,1.1,0.9
312,230,1,1,1,1,1.00,0.00,1.1,0.9,1.1,0.9
313,230,2,1,1,1,1.00,0.00,1.1,0.9,1.1,0.9
314,230,2,1,1,1,1.00,0.00,1.1,0.9,1.1,0.9
315,230,2,1,1,1,1.00,0.00,1.1,0.9,1.1,0.9
316,230,2,1,1,1,1.00,0.00,1.1,0.9,1.1,0.9
317,230,1,1,1,1,1.00,0.00,1.1,0.9,1.1,0.9
318,230,2,1,1,1,1.00,0.00,1.1,0.9,1.1,0.9
319,230,1,1,1,1,1.00,0.00,1.1,0.9,1.1,0.9
320,230,1,1,1,1,1.00,0.00,1.1,0.9,1.1,0.9
321,230,2,1,1,1,1.00,0.00,1.1,0.9,1.1,0.9
322,230,2,1,1,1,1.00,0.00,1.1,0.9,1.1,0.9
323,230,2,1,1,1,1.00,0.00,1.1,0.9,1.1,0.9
324,230,1,1,1,1,1.00,0.00,1.1,0.9,1.1,0.9
325,230,1,1,1,1,1.00,0.00,1.1,0.9,1.1,0.9
]; 
all_busName96 = [   ' 101 ';  ' 102 ';  ' 103 ';  ' 104 ';  ' 105 ';  ' 106 ';  ' 107 ';  ' 108 ';  ' 109 ';  ' 110 ';  ' 111 ';  ' 112 ';  ' 113 ';  ' 114 ';  ' 115 ';  ' 116 ';  ' 117 ';  ' 118 ';  ' 119 ';  ' 120 ';  ' 121 ';  ' 122 ';  ' 123 ';  ' 124 ';  ' 201 ';  ' 202 ';  ' 203 ';  ' 204 ';  ' 205 ';  ' 206 ';  ' 207 ';  ' 208 ';  ' 209 ';  ' 210 ';  ' 211 ';  ' 212 ';  ' 213 ';  ' 214 ';  ' 215 ';  ' 216 ';  ' 217 ';  ' 218 ';  ' 219 ';  ' 220 ';  ' 221 ';  ' 222 ';  ' 223 ';  ' 224 ';  ' 301 ';  ' 302 ';  ' 303 ';  ' 304 ';  ' 305 ';  ' 306 ';  ' 307 ';  ' 308 ';  ' 309 ';  ' 310 ';  ' 311 ';  ' 312 ';  ' 313 ';  ' 314 ';  ' 315 ';  ' 316 ';  ' 317 ';  ' 318 ';  ' 319 ';  ' 320 ';  ' 321 ';  ' 322 ';  ' 323 ';  ' 324 ';  ' 325 '; ];
%% RTS 96 System Load Data %% 
all_loaddata96 = [ 
101,1,11,11,92.14296220682411,13.220957589962985,0.0,0.0,0.0,0.0,1,1,0
102,1,11,12,64.3970858553508,10.07235592652019,0.0,0.0,0.0,0.0,1,1,0
103,1,11,11,153.13384864508362,24.840364619171616,0.0,0.0,0.0,0.0,1,1,0
104,1,11,11,37.133338355037196,7.463994674253277,0.0,0.0,0.0,0.0,1,1,0
105,1,11,11,37.487661184672916,10.832476763666142,0.0,0.0,0.0,0.0,1,1,0
106,1,11,12,87.90533238730877,24.981768435457912,0.0,0.0,0.0,0.0,1,1,0
107,1,11,12,106.2279658910469,13.536454696634317,0.0,0.0,0.0,0.0,1,1,0
108,1,11,12,118.30654914743955,28.976021459727317,0.0,0.0,0.0,0.0,1,1,0
109,1,11,13,87.54086895596352,26.566324710399474,0.0,0.0,0.0,0.0,1,1,0
110,1,11,13,137.22091297595668,23.97054322152771,0.0,0.0,0.0,0.0,1,1,0
111,1,11,13,0.0,0.0,0.0,0.0,0.0,0.0,1,1,0
112,1,11,13,0.0,0.0,0.0,0.0,0.0,0.0,1,1,0
113,1,12,14,133.07746189598436,26.218021894105146,0.0,0.0,0.0,0.0,1,1,0
114,1,12,16,133.7607049283135,19.887231549861657,0.0,0.0,0.0,0.0,1,1,0
115,1,12,16,210.87476705141978,46.066900335627786,0.0,0.0,0.0,0.0,1,1,0
116,1,12,16,74.84065080343744,10.672526512719688,0.0,0.0,0.0,0.0,1,1,0
117,1,12,17,0.0,0.0,0.0,0.0,0.0,0.0,1,1,0
118,1,12,17,282.19770265806704,42.52194585441873,0.0,0.0,0.0,0.0,1,1,0
119,1,12,15,101.14516951822168,26.608961960869795,0.0,0.0,0.0,0.0,1,1,0
120,1,12,15,109.36797239969373,20.646332811440807,0.0,0.0,0.0,0.0,1,1,0
121,1,12,17,0.0,0.0,0.0,0.0,0.0,0.0,1,1,0
122,1,12,17,0.0,0.0,0.0,0.0,0.0,0.0,1,1,0
123,1,12,15,0.0,0.0,0.0,0.0,0.0,0.0,1,1,0
124,1,12,16,0.0,0.0,0.0,0.0,0.0,0.0,1,1,0
201,1,21,21,91.02500698423515,12.914857888877671,0.0,0.0,0.0,0.0,1,1,0
202,1,21,22,62.44803443285055,14.87349771270342,0.0,0.0,0.0,0.0,1,1,0
203,1,21,21,154.27503323481045,28.614892829054824,0.0,0.0,0.0,0.0,1,1,0
204,1,21,21,56.70135551288835,12.820047131458765,0.0,0.0,0.0,0.0,1,1,0
205,1,21,21,45.110240920327705,12.267144003559089,0.0,0.0,0.0,0.0,1,1,0
206,1,21,22,81.56286640323624,18.58892814932652,0.0,0.0,0.0,0.0,1,1,0
207,1,21,22,105.54569486659602,14.579679434773277,0.0,0.0,0.0,0.0,1,1,0
208,1,21,22,106.97333054827759,19.301675940501035,0.0,0.0,0.0,0.0,1,1,0
209,1,21,23,156.58760632204357,20.952300058129055,0.0,0.0,0.0,0.0,1,1,0
210,1,21,23,134.99852961363828,31.423024419380347,0.0,0.0,0.0,0.0,1,1,0
211,1,21,23,0.0,0.0,0.0,0.0,0.0,0.0,1,1,0
212,1,21,23,0.0,0.0,0.0,0.0,0.0,0.0,1,1,0
213,1,22,24,141.9294925309976,32.42154969411967,0.0,0.0,0.0,0.0,1,1,0
214,1,22,26,105.40395518503608,21.94453716420885,0.0,0.0,0.0,0.0,1,1,0
215,1,22,26,184.14483719060257,40.09616418506205,0.0,0.0,0.0,0.0,1,1,0
216,1,22,26,49.45612010217737,15.250647450543008,0.0,0.0,0.0,0.0,1,1,0
217,1,22,27,0.0,0.0,0.0,0.0,0.0,0.0,1,1,0
218,1,22,27,217.73380489076806,54.31187385440525,0.0,0.0,0.0,0.0,1,1,0
219,1,22,25,142.90272764033637,30.730447124943556,0.0,0.0,0.0,0.0,1,1,0
220,1,22,25,101.57930285135507,20.543231468123107,0.0,0.0,0.0,0.0,1,1,0
221,1,22,27,0.0,0.0,0.0,0.0,0.0,0.0,1,1,0
222,1,22,27,0.0,0.0,0.0,0.0,0.0,0.0,1,1,0
223,1,22,25,0.0,0.0,0.0,0.0,0.0,0.0,1,1,0
224,1,22,26,0.0,0.0,0.0,0.0,0.0,0.0,1,1,0
301,1,31,31,89.09593209460526,16.5831105306278,0.0,0.0,0.0,0.0,1,1,0
302,1,31,32,68.40885457989256,15.762590580068528,0.0,0.0,0.0,0.0,1,1,0
303,1,31,31,131.0486489710584,18.232257018403008,0.0,0.0,0.0,0.0,1,1,0
304,1,31,31,47.65879729002071,12.755446911338483,0.0,0.0,0.0,0.0,1,1,0
305,1,31,31,48.13458832033058,12.40059278771477,0.0,0.0,0.0,0.0,1,1,0
306,1,31,32,71.838392395005,16.827067915690876,0.0,0.0,0.0,0.0,1,1,0
307,1,31,32,96.01856531220255,20.52924630980822,0.0,0.0,0.0,0.0,1,1,0
308,1,31,32,146.8881798437859,24.80601683459384,0.0,0.0,0.0,0.0,1,1,0
309,1,31,33,108.93235974771088,18.47631273712311,0.0,0.0,0.0,0.0,1,1,0
310,1,31,33,109.1169028379456,21.070201238790524,0.0,0.0,0.0,0.0,1,1,0
311,1,31,33,0.0,0.0,0.0,0.0,0.0,0.0,1,1,0
312,1,31,33,0.0,0.0,0.0,0.0,0.0,0.0,1,1,0
313,1,32,34,195.87857658093748,39.069236721646504,0.0,0.0,0.0,0.0,1,1,0
314,1,32,36,125.12376793126306,23.987402121732803,0.0,0.0,0.0,0.0,1,1,0
315,1,32,36,213.7712183071037,54.25886064117551,0.0,0.0,0.0,0.0,1,1,0
