% From Raw File 
%% RTS 96 System Bus Data %% 
all_busdata96 = [ 
101,138,2,1,1,1,1.00,0.00,1.1,0.9,1.1,0.9
102,138,2,1,1,1,1.00,0.00,1.1,0.9,1.1,0.9
103,138,1,1,1,1,1.00,0.00,1.1,0.9,1.1,0.9
104,138,1,1,1,1,1.00,0.00,1.1,0.9,1.1,0.9
105,138,1,1,1,1,1.00,0.00,1.1,0.9,1.1,0.9
106,138,1,1,1,1,1.00,0.00,1.1,0.9,1.1,0.9
107,138,2,1,1,1,1.00,0.00,1.1,0.9,1.1,0.9
108,138,1,1,1,1,1.00,0.00,1.1,0.9,1.1,0.9
109,138,1,1,1,1,1.00,0.00,1.1,0.9,1.1,0.9
110,138,1,1,1,1,1.00,0.00,1.1,0.9,1.1,0.9
111,230,1,1,1,1,1.00,0.00,1.1,0.9,1.1,0.9
112,230,1,1,1,1,1.00,0.00,1.1,0.9,1.1,0.9
113,230,3,1,1,1,1.00,0.00,1.1,0.9,1.1,0.9
114,230,2,1,1,1,1.00,0.00,1.1,0.9,1.1,0.9
115,230,2,1,1,1,1.00,0.00,1.1,0.9,1.1,0.9
116,230,2,1,1,1,1.00,0.00,1.1,0.9,1.1,0.9
117,230,1,1,1,1,1.00,0.00,1.1,0.9,1.1,0.9
118,230,2,1,1,1,1.00,0.00,1.1,0.9,1.1,0.9
119,230,1,1,1,1,1.00,0.00,1.1,0.9,1.1,0.9
120,230,1,1,1,1,1.00,0.00,1.1,0.9,1.1,0.9
121,230,2,1,1,1,1.00,0.00,1.1,0.9,1.1,0.9
122,230,2,1,1,1,1.00,0.00,1.1,0.9,1.1,0.9
123,230,2,1,1,1,1.00,0.00,1.1,0.9,1.1,0.9
124,230,1,1,1,1,1.00,0.00,1.1,0.9,1.1,0.9
201,138,2,1,1,1,1.00,0.00,1.1,0.9,1.1,0.9
202,138,2,1,1,1,1.00,0.00,1.1,0.9,1.1,0.9
203,138,1,1,1,1,1.00,0.00,1.1,0.9,1.1,0.9
204,138,1,1,1,1,1.00,0.00,1.1,0.9,1.1,0.9
205,138,1,1,1,1,1.00,0.00,1.1,0.9,1.1,0.9
206,138,1,1,1,1,1.00,0.00,1.1,0.9,1.1,0.9
207,138,2,1,1,1,1.00,0.00,1.1,0.9,1.1,0.9
208,138,1,1,1,1,1.00,0.00,1.1,0.9,1.1,0.9
209,138,1,1,1,1,1.00,0.00,1.1,0.9,1.1,0.9
210,138,1,1,1,1,1.00,0.00,1.1,0.9,1.1,0.9
211,230,1,1,1,1,1.00,0.00,1.1,0.9,1.1,0.9
212,230,1,1,1,1,1.00,0.00,1.1,0.9,1.1,0.9
213,230,2,1,1,1,1.00,0.00,1.1,0.9,1.1,0.9
214,230,2,1,1,1,1.00,0.00,1.1,0.9,1.1,0.9
215,230,2,1,1,1,1.00,0.00,1.1,0.9,1.1,0.9
216,230,2,1,1,1,1.00,0.00,1.1,0.9,1.1,0.9
217,230,1,1,1,1,1.00,0.00,1.1,0.9,1.1,0.9
218,230,2,1,1,1,1.00,0.00,1.1,0.9,1.1,0.9
219,230,1,1,1,1,1.00,0.00,1.1,0.9,1.1,0.9
220,230,1,1,1,1,1.00,0.00,1.1,0.9,1.1,0.9
221,230,2,1,1,1,1.00,0.00,1.1,0.9,1.1,0.9
222,230,2,1,1,1,1.00,0.00,1.1,0.9,1.1,0.9
223,230,2,1,1,1,1.00,0.00,1.1,0.9,1.1,0.9
224,230,1,1,1,1,1.00,0.00,1.1,0.9,1.1,0.9
301,138,2,1,1,1,1.00,0.00,1.1,0.9,1.1,0.9
302,138,2,1,1,1,1.00,0.00,1.1,0.9,1.1,0.9
303,138,1,1,1,1,1.00,0.00,1.1,0.9,1.1,0.9
304,138,1,1,1,1,1.00,0.00,1.1,0.9,1.1,0.9
305,138,1,1,1,1,1.00,0.00,1.1,0.9,1.1,0.9
306,138,1,1,1,1,1.00,0.00,1.1,0.9,1.1,0.9
307,138,2,1,1,1,1.00,0.00,1.1,0.9,1.1,0.9
308,138,1,1,1,1,1.00,0.00,1.1,0.9,1.1,0.9
309,138,1,1,1,1,1.00,0.00,1.1,0.9,1.1,0.9
310,138,1,1,1,1,1.00,0.00,1.1,0.9,1.1,0.9
311,230,1,1,1,1,1.00,0.00,1.1,0.9,1.1,0.9
312,230,1,1,1,1,1.00,0.00,1.1,0.9,1.1,0.9
313,230,2,1,1,1,1.00,0.00,1.1,0.9,1.1,0.9
314,230,2,1,1,1,1.00,0.00,1.1,0.9,1.1,0.9
315,230,2,1,1,1,1.00,0.00,1.1,0.9,1.1,0.9
316,230,2,1,1,1,1.00,0.00,1.1,0.9,1.1,0.9
317,230,1,1,1,1,1.00,0.00,1.1,0.9,1.1,0.9
318,230,2,1,1,1,1.00,0.00,1.1,0.9,1.1,0.9
319,230,1,1,1,1,1.00,0.00,1.1,0.9,1.1,0.9
320,230,1,1,1,1,1.00,0.00,1.1,0.9,1.1,0.9
321,230,2,1,1,1,1.00,0.00,1.1,0.9,1.1,0.9
322,230,2,1,1,1,1.00,0.00,1.1,0.9,1.1,0.9
323,230,2,1,1,1,1.00,0.00,1.1,0.9,1.1,0.9
324,230,1,1,1,1,1.00,0.00,1.1,0.9,1.1,0.9
325,230,1,1,1,1,1.00,0.00,1.1,0.9,1.1,0.9
]; 
all_busName96 = [   ' 101 ';  ' 102 ';  ' 103 ';  ' 104 ';  ' 105 ';  ' 106 ';  ' 107 ';  ' 108 ';  ' 109 ';  ' 110 ';  ' 111 ';  ' 112 ';  ' 113 ';  ' 114 ';  ' 115 ';  ' 116 ';  ' 117 ';  ' 118 ';  ' 119 ';  ' 120 ';  ' 121 ';  ' 122 ';  ' 123 ';  ' 124 ';  ' 201 ';  ' 202 ';  ' 203 ';  ' 204 ';  ' 205 ';  ' 206 ';  ' 207 ';  ' 208 ';  ' 209 ';  ' 210 ';  ' 211 ';  ' 212 ';  ' 213 ';  ' 214 ';  ' 215 ';  ' 216 ';  ' 217 ';  ' 218 ';  ' 219 ';  ' 220 ';  ' 221 ';  ' 222 ';  ' 223 ';  ' 224 ';  ' 301 ';  ' 302 ';  ' 303 ';  ' 304 ';  ' 305 ';  ' 306 ';  ' 307 ';  ' 308 ';  ' 309 ';  ' 310 ';  ' 311 ';  ' 312 ';  ' 313 ';  ' 314 ';  ' 315 ';  ' 316 ';  ' 317 ';  ' 318 ';  ' 319 ';  ' 320 ';  ' 321 ';  ' 322 ';  ' 323 ';  ' 324 ';  ' 325 '; ];
%% RTS 96 System Load Data %% 
all_loaddata96 = [ 
101,1,11,11,57.38964309933688,19.391057636688185,0.0,0.0,0.0,0.0,1,1,0
102,1,11,12,53.77115951884822,13.842351753037423,0.0,0.0,0.0,0.0,1,1,0
103,1,11,11,119.60609644659048,19.951395044865503,0.0,0.0,0.0,0.0,1,1,0
104,1,11,11,63.29387523585855,13.108400089991978,0.0,0.0,0.0,0.0,1,1,0
105,1,11,11,35.94444284856124,6.809138474022969,0.0,0.0,0.0,0.0,1,1,0
106,1,11,12,72.11141570102647,20.923030869025737,0.0,0.0,0.0,0.0,1,1,0
107,1,11,12,61.99063547651167,19.542554968823676,0.0,0.0,0.0,0.0,1,1,0
108,1,11,12,91.35550129489457,21.90032406969345,0.0,0.0,0.0,0.0,1,1,0
109,1,11,13,120.12506961704116,24.3593909355551,0.0,0.0,0.0,0.0,1,1,0
110,1,11,13,101.94180324387642,31.33659365447983,0.0,0.0,0.0,0.0,1,1,0
111,1,11,13,0.0,0.0,0.0,0.0,0.0,0.0,1,1,0
112,1,11,13,0.0,0.0,0.0,0.0,0.0,0.0,1,1,0
113,1,12,14,177.36030260600242,28.357599996179154,0.0,0.0,0.0,0.0,1,1,0
114,1,12,16,102.70372043040769,23.10977710017068,0.0,0.0,0.0,0.0,1,1,0
115,1,12,16,283.85382188654177,46.749774664914604,0.0,0.0,0.0,0.0,1,1,0
116,1,12,16,58.77535210811533,15.22815073148813,0.0,0.0,0.0,0.0,1,1,0
117,1,12,17,0.0,0.0,0.0,0.0,0.0,0.0,1,1,0
118,1,12,17,201.38711493435125,43.958910973245466,0.0,0.0,0.0,0.0,1,1,0
119,1,12,15,95.45638202562542,27.06701044954648,0.0,0.0,0.0,0.0,1,1,0
120,1,12,15,94.22920472052097,15.076082592898327,0.0,0.0,0.0,0.0,1,1,0
121,1,12,17,0.0,0.0,0.0,0.0,0.0,0.0,1,1,0
122,1,12,17,0.0,0.0,0.0,0.0,0.0,0.0,1,1,0
123,1,12,15,0.0,0.0,0.0,0.0,0.0,0.0,1,1,0
124,1,12,16,0.0,0.0,0.0,0.0,0.0,0.0,1,1,0
201,1,21,21,60.104631109672596,12.780877583583164,0.0,0.0,0.0,0.0,1,1,0
202,1,21,22,86.75210562895617,15.365925529654138,0.0,0.0,0.0,0.0,1,1,0
203,1,21,21,142.29093840735217,19.468342092419086,0.0,0.0,0.0,0.0,1,1,0
204,1,21,21,53.98127324596568,12.459299468811835,0.0,0.0,0.0,0.0,1,1,0
205,1,21,21,61.429974764769625,9.201379558762909,0.0,0.0,0.0,0.0,1,1,0
206,1,21,22,75.14964873410537,23.178029411146603,0.0,0.0,0.0,0.0,1,1,0
207,1,21,22,105.87247202144935,22.39614041169989,0.0,0.0,0.0,0.0,1,1,0
208,1,21,22,130.32908062769332,21.7306633142482,0.0,0.0,0.0,0.0,1,1,0
209,1,21,23,138.9737331876182,21.950347626501696,0.0,0.0,0.0,0.0,1,1,0
210,1,21,23,123.7945915659978,21.77588130623661,0.0,0.0,0.0,0.0,1,1,0
211,1,21,23,0.0,0.0,0.0,0.0,0.0,0.0,1,1,0
212,1,21,23,0.0,0.0,0.0,0.0,0.0,0.0,1,1,0
213,1,22,24,154.92736690535278,47.41805098684318,0.0,0.0,0.0,0.0,1,1,0
214,1,22,26,173.79355759905903,19.413028895294385,0.0,0.0,0.0,0.0,1,1,0
215,1,22,26,258.70429340864973,48.646391908282034,0.0,0.0,0.0,0.0,1,1,0
216,1,22,26,79.04205388108268,15.412784664468838,0.0,0.0,0.0,0.0,1,1,0
217,1,22,27,0.0,0.0,0.0,0.0,0.0,0.0,1,1,0
218,1,22,27,190.95510416829458,34.7433080997007,0.0,0.0,0.0,0.0,1,1,0
219,1,22,25,99.43839856926938,28.86374303958057,0.0,0.0,0.0,0.0,1,1,0
220,1,22,25,82.57115722816586,19.083733360781707,0.0,0.0,0.0,0.0,1,1,0
221,1,22,27,0.0,0.0,0.0,0.0,0.0,0.0,1,1,0
222,1,22,27,0.0,0.0,0.0,0.0,0.0,0.0,1,1,0
223,1,22,25,0.0,0.0,0.0,0.0,0.0,0.0,1,1,0
224,1,22,26,0.0,0.0,0.0,0.0,0.0,0.0,1,1,0
301,1,31,31,78.73432932319845,13.366375464103651,0.0,0.0,0.0,0.0,1,1,0
302,1,31,32,71.23787536828748,14.573579568604007,0.0,0.0,0.0,0.0,1,1,0
303,1,31,31,122.20144559491519,29.888881293388458,0.0,0.0,0.0,0.0,1,1,0
304,1,31,31,41.89076638048365,12.607898729941109,0.0,0.0,0.0,0.0,1,1,0
305,1,31,31,48.07682161555267,12.287271148952374,0.0,0.0,0.0,0.0,1,1,0
306,1,31,32,119.64447560921724,21.605756500904448,0.0,0.0,0.0,0.0,1,1,0
307,1,31,32,88.50163814897532,17.90541993000079,0.0,0.0,0.0,0.0,1,1,0
308,1,31,32,114.73051183149191,28.207979887870838,0.0,0.0,0.0,0.0,1,1,0
309,1,31,33,121.04867374784779,28.700221553729477,0.0,0.0,0.0,0.0,1,1,0
310,1,31,33,96.66893011990142,24.03963205328397,0.0,0.0,0.0,0.0,1,1,0
311,1,31,33,0.0,0.0,0.0,0.0,0.0,0.0,1,1,0
312,1,31,33,0.0,0.0,0.0,0.0,0.0,0.0,1,1,0
313,1,32,34,237.0091850398283,45.872537440489225,0.0,0.0,0.0,0.0,1,1,0
314,1,32,36,169.20544644096134,23.344954960054626,0.0,0.0,0.0,0.0,1,1,0
315,1,32,36,236.3807404607959,48.77753102308809,0.0,0.0,0.0,0.0,1,1,0
