% From Raw File 
%% RTS 96 System Bus Data %% 
all_busdata96 = [ 
101,138,2,1,1,1,1.00,0.00,1.1,0.9,1.1,0.9
102,138,2,1,1,1,1.00,0.00,1.1,0.9,1.1,0.9
103,138,1,1,1,1,1.00,0.00,1.1,0.9,1.1,0.9
104,138,1,1,1,1,1.00,0.00,1.1,0.9,1.1,0.9
105,138,1,1,1,1,1.00,0.00,1.1,0.9,1.1,0.9
106,138,1,1,1,1,1.00,0.00,1.1,0.9,1.1,0.9
107,138,2,1,1,1,1.00,0.00,1.1,0.9,1.1,0.9
108,138,1,1,1,1,1.00,0.00,1.1,0.9,1.1,0.9
109,138,1,1,1,1,1.00,0.00,1.1,0.9,1.1,0.9
110,138,1,1,1,1,1.00,0.00,1.1,0.9,1.1,0.9
111,230,1,1,1,1,1.00,0.00,1.1,0.9,1.1,0.9
112,230,1,1,1,1,1.00,0.00,1.1,0.9,1.1,0.9
113,230,3,1,1,1,1.00,0.00,1.1,0.9,1.1,0.9
114,230,2,1,1,1,1.00,0.00,1.1,0.9,1.1,0.9
115,230,2,1,1,1,1.00,0.00,1.1,0.9,1.1,0.9
116,230,2,1,1,1,1.00,0.00,1.1,0.9,1.1,0.9
117,230,1,1,1,1,1.00,0.00,1.1,0.9,1.1,0.9
118,230,2,1,1,1,1.00,0.00,1.1,0.9,1.1,0.9
119,230,1,1,1,1,1.00,0.00,1.1,0.9,1.1,0.9
120,230,1,1,1,1,1.00,0.00,1.1,0.9,1.1,0.9
121,230,2,1,1,1,1.00,0.00,1.1,0.9,1.1,0.9
122,230,2,1,1,1,1.00,0.00,1.1,0.9,1.1,0.9
123,230,2,1,1,1,1.00,0.00,1.1,0.9,1.1,0.9
124,230,1,1,1,1,1.00,0.00,1.1,0.9,1.1,0.9
201,138,2,1,1,1,1.00,0.00,1.1,0.9,1.1,0.9
202,138,2,1,1,1,1.00,0.00,1.1,0.9,1.1,0.9
203,138,1,1,1,1,1.00,0.00,1.1,0.9,1.1,0.9
204,138,1,1,1,1,1.00,0.00,1.1,0.9,1.1,0.9
205,138,1,1,1,1,1.00,0.00,1.1,0.9,1.1,0.9
206,138,1,1,1,1,1.00,0.00,1.1,0.9,1.1,0.9
207,138,2,1,1,1,1.00,0.00,1.1,0.9,1.1,0.9
208,138,1,1,1,1,1.00,0.00,1.1,0.9,1.1,0.9
209,138,1,1,1,1,1.00,0.00,1.1,0.9,1.1,0.9
210,138,1,1,1,1,1.00,0.00,1.1,0.9,1.1,0.9
211,230,1,1,1,1,1.00,0.00,1.1,0.9,1.1,0.9
212,230,1,1,1,1,1.00,0.00,1.1,0.9,1.1,0.9
213,230,2,1,1,1,1.00,0.00,1.1,0.9,1.1,0.9
214,230,2,1,1,1,1.00,0.00,1.1,0.9,1.1,0.9
215,230,2,1,1,1,1.00,0.00,1.1,0.9,1.1,0.9
216,230,2,1,1,1,1.00,0.00,1.1,0.9,1.1,0.9
217,230,1,1,1,1,1.00,0.00,1.1,0.9,1.1,0.9
218,230,2,1,1,1,1.00,0.00,1.1,0.9,1.1,0.9
219,230,1,1,1,1,1.00,0.00,1.1,0.9,1.1,0.9
220,230,1,1,1,1,1.00,0.00,1.1,0.9,1.1,0.9
221,230,2,1,1,1,1.00,0.00,1.1,0.9,1.1,0.9
222,230,2,1,1,1,1.00,0.00,1.1,0.9,1.1,0.9
223,230,2,1,1,1,1.00,0.00,1.1,0.9,1.1,0.9
224,230,1,1,1,1,1.00,0.00,1.1,0.9,1.1,0.9
301,138,2,1,1,1,1.00,0.00,1.1,0.9,1.1,0.9
302,138,2,1,1,1,1.00,0.00,1.1,0.9,1.1,0.9
303,138,1,1,1,1,1.00,0.00,1.1,0.9,1.1,0.9
304,138,1,1,1,1,1.00,0.00,1.1,0.9,1.1,0.9
305,138,1,1,1,1,1.00,0.00,1.1,0.9,1.1,0.9
306,138,1,1,1,1,1.00,0.00,1.1,0.9,1.1,0.9
307,138,2,1,1,1,1.00,0.00,1.1,0.9,1.1,0.9
308,138,1,1,1,1,1.00,0.00,1.1,0.9,1.1,0.9
309,138,1,1,1,1,1.00,0.00,1.1,0.9,1.1,0.9
310,138,1,1,1,1,1.00,0.00,1.1,0.9,1.1,0.9
311,230,1,1,1,1,1.00,0.00,1.1,0.9,1.1,0.9
312,230,1,1,1,1,1.00,0.00,1.1,0.9,1.1,0.9
313,230,2,1,1,1,1.00,0.00,1.1,0.9,1.1,0.9
314,230,2,1,1,1,1.00,0.00,1.1,0.9,1.1,0.9
315,230,2,1,1,1,1.00,0.00,1.1,0.9,1.1,0.9
316,230,2,1,1,1,1.00,0.00,1.1,0.9,1.1,0.9
317,230,1,1,1,1,1.00,0.00,1.1,0.9,1.1,0.9
318,230,2,1,1,1,1.00,0.00,1.1,0.9,1.1,0.9
319,230,1,1,1,1,1.00,0.00,1.1,0.9,1.1,0.9
320,230,1,1,1,1,1.00,0.00,1.1,0.9,1.1,0.9
321,230,2,1,1,1,1.00,0.00,1.1,0.9,1.1,0.9
322,230,2,1,1,1,1.00,0.00,1.1,0.9,1.1,0.9
323,230,2,1,1,1,1.00,0.00,1.1,0.9,1.1,0.9
324,230,1,1,1,1,1.00,0.00,1.1,0.9,1.1,0.9
325,230,1,1,1,1,1.00,0.00,1.1,0.9,1.1,0.9
]; 
all_busName96 = [   ' 101 ';  ' 102 ';  ' 103 ';  ' 104 ';  ' 105 ';  ' 106 ';  ' 107 ';  ' 108 ';  ' 109 ';  ' 110 ';  ' 111 ';  ' 112 ';  ' 113 ';  ' 114 ';  ' 115 ';  ' 116 ';  ' 117 ';  ' 118 ';  ' 119 ';  ' 120 ';  ' 121 ';  ' 122 ';  ' 123 ';  ' 124 ';  ' 201 ';  ' 202 ';  ' 203 ';  ' 204 ';  ' 205 ';  ' 206 ';  ' 207 ';  ' 208 ';  ' 209 ';  ' 210 ';  ' 211 ';  ' 212 ';  ' 213 ';  ' 214 ';  ' 215 ';  ' 216 ';  ' 217 ';  ' 218 ';  ' 219 ';  ' 220 ';  ' 221 ';  ' 222 ';  ' 223 ';  ' 224 ';  ' 301 ';  ' 302 ';  ' 303 ';  ' 304 ';  ' 305 ';  ' 306 ';  ' 307 ';  ' 308 ';  ' 309 ';  ' 310 ';  ' 311 ';  ' 312 ';  ' 313 ';  ' 314 ';  ' 315 ';  ' 316 ';  ' 317 ';  ' 318 ';  ' 319 ';  ' 320 ';  ' 321 ';  ' 322 ';  ' 323 ';  ' 324 ';  ' 325 '; ];
%% RTS 96 System Load Data %% 
all_loaddata96 = [ 
101,1,11,11,65.28261656035558,14.874310374417343,0.0,0.0,0.0,0.0,1,1,0
102,1,11,12,74.57938110890645,11.199133897874503,0.0,0.0,0.0,0.0,1,1,0
103,1,11,11,109.3243217746904,20.565198399181615,0.0,0.0,0.0,0.0,1,1,0
104,1,11,11,43.45885238964278,10.23443758514151,0.0,0.0,0.0,0.0,1,1,0
105,1,11,11,41.52812944494705,10.909264739283453,0.0,0.0,0.0,0.0,1,1,0
106,1,11,12,91.40082523753122,22.591976304156706,0.0,0.0,0.0,0.0,1,1,0
107,1,11,12,107.93360716620809,19.84406993697281,0.0,0.0,0.0,0.0,1,1,0
108,1,11,12,144.97468710742424,18.251252739049495,0.0,0.0,0.0,0.0,1,1,0
109,1,11,13,142.82227210140323,29.13571308823619,0.0,0.0,0.0,0.0,1,1,0
110,1,11,13,125.39381495584873,24.739678654856977,0.0,0.0,0.0,0.0,1,1,0
111,1,11,13,0.0,0.0,0.0,0.0,0.0,0.0,1,1,0
112,1,11,13,0.0,0.0,0.0,0.0,0.0,0.0,1,1,0
113,1,12,14,181.48034804991937,36.63425937355337,0.0,0.0,0.0,0.0,1,1,0
114,1,12,16,123.019657882242,30.27407535796794,0.0,0.0,0.0,0.0,1,1,0
115,1,12,16,195.1904690261589,54.5816264960289,0.0,0.0,0.0,0.0,1,1,0
116,1,12,16,67.79222554711158,12.16985817993991,0.0,0.0,0.0,0.0,1,1,0
117,1,12,17,0.0,0.0,0.0,0.0,0.0,0.0,1,1,0
118,1,12,17,214.97361779333744,44.50156340698768,0.0,0.0,0.0,0.0,1,1,0
119,1,12,15,125.52632815448278,20.292812709260122,0.0,0.0,0.0,0.0,1,1,0
120,1,12,15,86.44893038506508,16.727850024726614,0.0,0.0,0.0,0.0,1,1,0
121,1,12,17,0.0,0.0,0.0,0.0,0.0,0.0,1,1,0
122,1,12,17,0.0,0.0,0.0,0.0,0.0,0.0,1,1,0
123,1,12,15,0.0,0.0,0.0,0.0,0.0,0.0,1,1,0
124,1,12,16,0.0,0.0,0.0,0.0,0.0,0.0,1,1,0
201,1,21,21,69.761215294802,18.52752670935262,0.0,0.0,0.0,0.0,1,1,0
202,1,21,22,79.58948137873183,14.257182421853766,0.0,0.0,0.0,0.0,1,1,0
203,1,21,21,142.11334942499454,31.794557772289217,0.0,0.0,0.0,0.0,1,1,0
204,1,21,21,65.42966550333314,11.61716145666735,0.0,0.0,0.0,0.0,1,1,0
205,1,21,21,53.70600363860988,8.861834315564018,0.0,0.0,0.0,0.0,1,1,0
206,1,21,22,113.1693785067335,21.2093884030737,0.0,0.0,0.0,0.0,1,1,0
207,1,21,22,78.009287327528,15.261756740449925,0.0,0.0,0.0,0.0,1,1,0
208,1,21,22,140.91165272110774,22.981959688770118,0.0,0.0,0.0,0.0,1,1,0
209,1,21,23,125.85878333420611,32.42266052404046,0.0,0.0,0.0,0.0,1,1,0
210,1,21,23,152.95032559730274,21.350934838587417,0.0,0.0,0.0,0.0,1,1,0
211,1,21,23,0.0,0.0,0.0,0.0,0.0,0.0,1,1,0
212,1,21,23,0.0,0.0,0.0,0.0,0.0,0.0,1,1,0
213,1,22,24,226.78588511714946,40.54531362343049,0.0,0.0,0.0,0.0,1,1,0
214,1,22,26,148.5434278923098,30.905832050923117,0.0,0.0,0.0,0.0,1,1,0
215,1,22,26,238.8372574465442,38.090256575328105,0.0,0.0,0.0,0.0,1,1,0
216,1,22,26,72.10047866315581,13.874242053257301,0.0,0.0,0.0,0.0,1,1,0
217,1,22,27,0.0,0.0,0.0,0.0,0.0,0.0,1,1,0
218,1,22,27,202.54147554553464,40.59439798415155,0.0,0.0,0.0,0.0,1,1,0
219,1,22,25,133.5718824192584,22.964271969872758,0.0,0.0,0.0,0.0,1,1,0
220,1,22,25,91.68588085078598,16.772709077382927,0.0,0.0,0.0,0.0,1,1,0
221,1,22,27,0.0,0.0,0.0,0.0,0.0,0.0,1,1,0
222,1,22,27,0.0,0.0,0.0,0.0,0.0,0.0,1,1,0
223,1,22,25,0.0,0.0,0.0,0.0,0.0,0.0,1,1,0
224,1,22,26,0.0,0.0,0.0,0.0,0.0,0.0,1,1,0
301,1,31,31,87.55127977487146,13.506030440542103,0.0,0.0,0.0,0.0,1,1,0
302,1,31,32,71.48444832807296,12.670655331423506,0.0,0.0,0.0,0.0,1,1,0
303,1,31,31,102.81148730236384,30.555519767484768,0.0,0.0,0.0,0.0,1,1,0
304,1,31,31,61.80854315098459,7.401438062315107,0.0,0.0,0.0,0.0,1,1,0
305,1,31,31,60.373757014814394,8.802038950606807,0.0,0.0,0.0,0.0,1,1,0
306,1,31,32,98.88727714009099,17.928788639120757,0.0,0.0,0.0,0.0,1,1,0
307,1,31,32,65.49620999882463,13.749765368200604,0.0,0.0,0.0,0.0,1,1,0
308,1,31,32,117.78364769576183,30.428292997688754,0.0,0.0,0.0,0.0,1,1,0
309,1,31,33,145.15413544601296,25.27138357319869,0.0,0.0,0.0,0.0,1,1,0
310,1,31,33,147.44449843584908,35.79244608845003,0.0,0.0,0.0,0.0,1,1,0
311,1,31,33,0.0,0.0,0.0,0.0,0.0,0.0,1,1,0
312,1,31,33,0.0,0.0,0.0,0.0,0.0,0.0,1,1,0
313,1,32,34,212.7805833927908,39.50750824138373,0.0,0.0,0.0,0.0,1,1,0
314,1,32,36,94.27423607445806,28.246869486495015,0.0,0.0,0.0,0.0,1,1,0
315,1,32,36,179.62557524933672,44.666420556163786,0.0,0.0,0.0,0.0,1,1,0
