% From Raw File 
%% RTS 96 System Bus Data %% 
all_busdata96 = [ 
101,138,2,1,1,1,1.00,0.00,1.1,0.9,1.1,0.9
102,138,2,1,1,1,1.00,0.00,1.1,0.9,1.1,0.9
103,138,1,1,1,1,1.00,0.00,1.1,0.9,1.1,0.9
104,138,1,1,1,1,1.00,0.00,1.1,0.9,1.1,0.9
105,138,1,1,1,1,1.00,0.00,1.1,0.9,1.1,0.9
106,138,1,1,1,1,1.00,0.00,1.1,0.9,1.1,0.9
107,138,2,1,1,1,1.00,0.00,1.1,0.9,1.1,0.9
108,138,1,1,1,1,1.00,0.00,1.1,0.9,1.1,0.9
109,138,1,1,1,1,1.00,0.00,1.1,0.9,1.1,0.9
110,138,1,1,1,1,1.00,0.00,1.1,0.9,1.1,0.9
111,230,1,1,1,1,1.00,0.00,1.1,0.9,1.1,0.9
112,230,1,1,1,1,1.00,0.00,1.1,0.9,1.1,0.9
113,230,3,1,1,1,1.00,0.00,1.1,0.9,1.1,0.9
114,230,2,1,1,1,1.00,0.00,1.1,0.9,1.1,0.9
115,230,2,1,1,1,1.00,0.00,1.1,0.9,1.1,0.9
116,230,2,1,1,1,1.00,0.00,1.1,0.9,1.1,0.9
117,230,1,1,1,1,1.00,0.00,1.1,0.9,1.1,0.9
118,230,2,1,1,1,1.00,0.00,1.1,0.9,1.1,0.9
119,230,1,1,1,1,1.00,0.00,1.1,0.9,1.1,0.9
120,230,1,1,1,1,1.00,0.00,1.1,0.9,1.1,0.9
121,230,2,1,1,1,1.00,0.00,1.1,0.9,1.1,0.9
122,230,2,1,1,1,1.00,0.00,1.1,0.9,1.1,0.9
123,230,2,1,1,1,1.00,0.00,1.1,0.9,1.1,0.9
124,230,1,1,1,1,1.00,0.00,1.1,0.9,1.1,0.9
201,138,2,1,1,1,1.00,0.00,1.1,0.9,1.1,0.9
202,138,2,1,1,1,1.00,0.00,1.1,0.9,1.1,0.9
203,138,1,1,1,1,1.00,0.00,1.1,0.9,1.1,0.9
204,138,1,1,1,1,1.00,0.00,1.1,0.9,1.1,0.9
205,138,1,1,1,1,1.00,0.00,1.1,0.9,1.1,0.9
206,138,1,1,1,1,1.00,0.00,1.1,0.9,1.1,0.9
207,138,2,1,1,1,1.00,0.00,1.1,0.9,1.1,0.9
208,138,1,1,1,1,1.00,0.00,1.1,0.9,1.1,0.9
209,138,1,1,1,1,1.00,0.00,1.1,0.9,1.1,0.9
210,138,1,1,1,1,1.00,0.00,1.1,0.9,1.1,0.9
211,230,1,1,1,1,1.00,0.00,1.1,0.9,1.1,0.9
212,230,1,1,1,1,1.00,0.00,1.1,0.9,1.1,0.9
213,230,2,1,1,1,1.00,0.00,1.1,0.9,1.1,0.9
214,230,2,1,1,1,1.00,0.00,1.1,0.9,1.1,0.9
215,230,2,1,1,1,1.00,0.00,1.1,0.9,1.1,0.9
216,230,2,1,1,1,1.00,0.00,1.1,0.9,1.1,0.9
217,230,1,1,1,1,1.00,0.00,1.1,0.9,1.1,0.9
218,230,2,1,1,1,1.00,0.00,1.1,0.9,1.1,0.9
219,230,1,1,1,1,1.00,0.00,1.1,0.9,1.1,0.9
220,230,1,1,1,1,1.00,0.00,1.1,0.9,1.1,0.9
221,230,2,1,1,1,1.00,0.00,1.1,0.9,1.1,0.9
222,230,2,1,1,1,1.00,0.00,1.1,0.9,1.1,0.9
223,230,2,1,1,1,1.00,0.00,1.1,0.9,1.1,0.9
224,230,1,1,1,1,1.00,0.00,1.1,0.9,1.1,0.9
301,138,2,1,1,1,1.00,0.00,1.1,0.9,1.1,0.9
302,138,2,1,1,1,1.00,0.00,1.1,0.9,1.1,0.9
303,138,1,1,1,1,1.00,0.00,1.1,0.9,1.1,0.9
304,138,1,1,1,1,1.00,0.00,1.1,0.9,1.1,0.9
305,138,1,1,1,1,1.00,0.00,1.1,0.9,1.1,0.9
306,138,1,1,1,1,1.00,0.00,1.1,0.9,1.1,0.9
307,138,2,1,1,1,1.00,0.00,1.1,0.9,1.1,0.9
308,138,1,1,1,1,1.00,0.00,1.1,0.9,1.1,0.9
309,138,1,1,1,1,1.00,0.00,1.1,0.9,1.1,0.9
310,138,1,1,1,1,1.00,0.00,1.1,0.9,1.1,0.9
311,230,1,1,1,1,1.00,0.00,1.1,0.9,1.1,0.9
312,230,1,1,1,1,1.00,0.00,1.1,0.9,1.1,0.9
313,230,2,1,1,1,1.00,0.00,1.1,0.9,1.1,0.9
314,230,2,1,1,1,1.00,0.00,1.1,0.9,1.1,0.9
315,230,2,1,1,1,1.00,0.00,1.1,0.9,1.1,0.9
316,230,2,1,1,1,1.00,0.00,1.1,0.9,1.1,0.9
317,230,1,1,1,1,1.00,0.00,1.1,0.9,1.1,0.9
318,230,2,1,1,1,1.00,0.00,1.1,0.9,1.1,0.9
319,230,1,1,1,1,1.00,0.00,1.1,0.9,1.1,0.9
320,230,1,1,1,1,1.00,0.00,1.1,0.9,1.1,0.9
321,230,2,1,1,1,1.00,0.00,1.1,0.9,1.1,0.9
322,230,2,1,1,1,1.00,0.00,1.1,0.9,1.1,0.9
323,230,2,1,1,1,1.00,0.00,1.1,0.9,1.1,0.9
324,230,1,1,1,1,1.00,0.00,1.1,0.9,1.1,0.9
325,230,1,1,1,1,1.00,0.00,1.1,0.9,1.1,0.9
]; 
all_busName96 = [   ' 101 ';  ' 102 ';  ' 103 ';  ' 104 ';  ' 105 ';  ' 106 ';  ' 107 ';  ' 108 ';  ' 109 ';  ' 110 ';  ' 111 ';  ' 112 ';  ' 113 ';  ' 114 ';  ' 115 ';  ' 116 ';  ' 117 ';  ' 118 ';  ' 119 ';  ' 120 ';  ' 121 ';  ' 122 ';  ' 123 ';  ' 124 ';  ' 201 ';  ' 202 ';  ' 203 ';  ' 204 ';  ' 205 ';  ' 206 ';  ' 207 ';  ' 208 ';  ' 209 ';  ' 210 ';  ' 211 ';  ' 212 ';  ' 213 ';  ' 214 ';  ' 215 ';  ' 216 ';  ' 217 ';  ' 218 ';  ' 219 ';  ' 220 ';  ' 221 ';  ' 222 ';  ' 223 ';  ' 224 ';  ' 301 ';  ' 302 ';  ' 303 ';  ' 304 ';  ' 305 ';  ' 306 ';  ' 307 ';  ' 308 ';  ' 309 ';  ' 310 ';  ' 311 ';  ' 312 ';  ' 313 ';  ' 314 ';  ' 315 ';  ' 316 ';  ' 317 ';  ' 318 ';  ' 319 ';  ' 320 ';  ' 321 ';  ' 322 ';  ' 323 ';  ' 324 ';  ' 325 '; ];
%% RTS 96 System Load Data %% 
all_loaddata96 = [ 
101,1,11,11,59.94638065025824,17.108318740161693,0.0,0.0,0.0,0.0,1,1,0
102,1,11,12,55.83743998672818,15.04643692944478,0.0,0.0,0.0,0.0,1,1,0
103,1,11,11,124.50267405507154,31.48729683064325,0.0,0.0,0.0,0.0,1,1,0
104,1,11,11,48.01228304892518,7.516923463111509,0.0,0.0,0.0,0.0,1,1,0
105,1,11,11,45.754674773172475,7.656109073804318,0.0,0.0,0.0,0.0,1,1,0
106,1,11,12,74.09029307749049,25.111149468258954,0.0,0.0,0.0,0.0,1,1,0
107,1,11,12,95.40869171806263,20.16808347471873,0.0,0.0,0.0,0.0,1,1,0
108,1,11,12,86.03208101265938,20.824639239653013,0.0,0.0,0.0,0.0,1,1,0
109,1,11,13,99.92199005593895,29.158635245860555,0.0,0.0,0.0,0.0,1,1,0
110,1,11,13,98.3233954634175,24.626619541531426,0.0,0.0,0.0,0.0,1,1,0
111,1,11,13,0.0,0.0,0.0,0.0,0.0,0.0,1,1,0
112,1,11,13,0.0,0.0,0.0,0.0,0.0,0.0,1,1,0
113,1,12,14,225.25645905521816,38.17806696035396,0.0,0.0,0.0,0.0,1,1,0
114,1,12,16,115.97694752492727,27.770377509923005,0.0,0.0,0.0,0.0,1,1,0
115,1,12,16,179.15576835053963,39.80653744484782,0.0,0.0,0.0,0.0,1,1,0
116,1,12,16,71.72257868086918,16.439110821646636,0.0,0.0,0.0,0.0,1,1,0
117,1,12,17,0.0,0.0,0.0,0.0,0.0,0.0,1,1,0
118,1,12,17,288.72640754503965,50.11606292990204,0.0,0.0,0.0,0.0,1,1,0
119,1,12,15,104.58608926490915,31.022603623528124,0.0,0.0,0.0,0.0,1,1,0
120,1,12,15,62.95094742373823,15.057488403898011,0.0,0.0,0.0,0.0,1,1,0
121,1,12,17,0.0,0.0,0.0,0.0,0.0,0.0,1,1,0
122,1,12,17,0.0,0.0,0.0,0.0,0.0,0.0,1,1,0
123,1,12,15,0.0,0.0,0.0,0.0,0.0,0.0,1,1,0
124,1,12,16,0.0,0.0,0.0,0.0,0.0,0.0,1,1,0
201,1,21,21,94.7201682611771,11.471141246736423,0.0,0.0,0.0,0.0,1,1,0
202,1,21,22,56.90599934012638,14.591133051169106,0.0,0.0,0.0,0.0,1,1,0
203,1,21,21,112.08401008141972,29.022229944424613,0.0,0.0,0.0,0.0,1,1,0
204,1,21,21,62.49138366651898,11.245168292837217,0.0,0.0,0.0,0.0,1,1,0
205,1,21,21,37.69665065692943,9.088988057258259,0.0,0.0,0.0,0.0,1,1,0
206,1,21,22,116.73481014188715,19.15987967721429,0.0,0.0,0.0,0.0,1,1,0
207,1,21,22,61.39679546302068,14.776905733809109,0.0,0.0,0.0,0.0,1,1,0
208,1,21,22,121.87491469457383,29.759521183247678,0.0,0.0,0.0,0.0,1,1,0
209,1,21,23,140.55964808702933,25.731313631999306,0.0,0.0,0.0,0.0,1,1,0
210,1,21,23,110.57342086327796,35.688193819781766,0.0,0.0,0.0,0.0,1,1,0
211,1,21,23,0.0,0.0,0.0,0.0,0.0,0.0,1,1,0
212,1,21,23,0.0,0.0,0.0,0.0,0.0,0.0,1,1,0
213,1,22,24,224.84250253389965,43.12381742511978,0.0,0.0,0.0,0.0,1,1,0
214,1,22,26,138.13669821917398,25.115751805820363,0.0,0.0,0.0,0.0,1,1,0
215,1,22,26,243.24705290832722,35.25419627273082,0.0,0.0,0.0,0.0,1,1,0
216,1,22,26,86.78219126801939,17.365167876013555,0.0,0.0,0.0,0.0,1,1,0
217,1,22,27,0.0,0.0,0.0,0.0,0.0,0.0,1,1,0
218,1,22,27,298.6718872305128,60.69138631249053,0.0,0.0,0.0,0.0,1,1,0
219,1,22,25,159.51445038757984,20.67930204278254,0.0,0.0,0.0,0.0,1,1,0
220,1,22,25,74.96008731100558,15.849142458798644,0.0,0.0,0.0,0.0,1,1,0
221,1,22,27,0.0,0.0,0.0,0.0,0.0,0.0,1,1,0
222,1,22,27,0.0,0.0,0.0,0.0,0.0,0.0,1,1,0
223,1,22,25,0.0,0.0,0.0,0.0,0.0,0.0,1,1,0
224,1,22,26,0.0,0.0,0.0,0.0,0.0,0.0,1,1,0
301,1,31,31,78.88773658788074,11.866675942004006,0.0,0.0,0.0,0.0,1,1,0
302,1,31,32,79.11402923787708,16.716199584796094,0.0,0.0,0.0,0.0,1,1,0
303,1,31,31,98.98346309156622,29.682740712546742,0.0,0.0,0.0,0.0,1,1,0
304,1,31,31,43.98133912669709,11.108147524427622,0.0,0.0,0.0,0.0,1,1,0
305,1,31,31,43.12197199795595,10.296831435004435,0.0,0.0,0.0,0.0,1,1,0
306,1,31,32,119.30468986023926,14.022980501212924,0.0,0.0,0.0,0.0,1,1,0
307,1,31,32,90.84436489102082,15.845643902511801,0.0,0.0,0.0,0.0,1,1,0
308,1,31,32,108.8427798621797,17.268964257921787,0.0,0.0,0.0,0.0,1,1,0
309,1,31,33,93.91558182559675,26.111641132224353,0.0,0.0,0.0,0.0,1,1,0
310,1,31,33,112.34972786473645,19.661063473558052,0.0,0.0,0.0,0.0,1,1,0
311,1,31,33,0.0,0.0,0.0,0.0,0.0,0.0,1,1,0
312,1,31,33,0.0,0.0,0.0,0.0,0.0,0.0,1,1,0
313,1,32,34,210.12749309885226,40.26158997348183,0.0,0.0,0.0,0.0,1,1,0
314,1,32,36,147.33162582019895,22.076656554292793,0.0,0.0,0.0,0.0,1,1,0
315,1,32,36,252.3450915428932,38.810208946752546,0.0,0.0,0.0,0.0,1,1,0
