% From Raw File 
%% RTS 96 System Bus Data %% 
all_busdata96 = [ 
101,138,2,1,1,1,1.00,0.00,1.1,0.9,1.1,0.9
102,138,2,1,1,1,1.00,0.00,1.1,0.9,1.1,0.9
103,138,1,1,1,1,1.00,0.00,1.1,0.9,1.1,0.9
104,138,1,1,1,1,1.00,0.00,1.1,0.9,1.1,0.9
105,138,1,1,1,1,1.00,0.00,1.1,0.9,1.1,0.9
106,138,1,1,1,1,1.00,0.00,1.1,0.9,1.1,0.9
107,138,2,1,1,1,1.00,0.00,1.1,0.9,1.1,0.9
108,138,1,1,1,1,1.00,0.00,1.1,0.9,1.1,0.9
109,138,1,1,1,1,1.00,0.00,1.1,0.9,1.1,0.9
110,138,1,1,1,1,1.00,0.00,1.1,0.9,1.1,0.9
111,230,1,1,1,1,1.00,0.00,1.1,0.9,1.1,0.9
112,230,1,1,1,1,1.00,0.00,1.1,0.9,1.1,0.9
113,230,3,1,1,1,1.00,0.00,1.1,0.9,1.1,0.9
114,230,2,1,1,1,1.00,0.00,1.1,0.9,1.1,0.9
115,230,2,1,1,1,1.00,0.00,1.1,0.9,1.1,0.9
116,230,2,1,1,1,1.00,0.00,1.1,0.9,1.1,0.9
117,230,1,1,1,1,1.00,0.00,1.1,0.9,1.1,0.9
118,230,2,1,1,1,1.00,0.00,1.1,0.9,1.1,0.9
119,230,1,1,1,1,1.00,0.00,1.1,0.9,1.1,0.9
120,230,1,1,1,1,1.00,0.00,1.1,0.9,1.1,0.9
121,230,2,1,1,1,1.00,0.00,1.1,0.9,1.1,0.9
122,230,2,1,1,1,1.00,0.00,1.1,0.9,1.1,0.9
123,230,2,1,1,1,1.00,0.00,1.1,0.9,1.1,0.9
124,230,1,1,1,1,1.00,0.00,1.1,0.9,1.1,0.9
201,138,2,1,1,1,1.00,0.00,1.1,0.9,1.1,0.9
202,138,2,1,1,1,1.00,0.00,1.1,0.9,1.1,0.9
203,138,1,1,1,1,1.00,0.00,1.1,0.9,1.1,0.9
204,138,1,1,1,1,1.00,0.00,1.1,0.9,1.1,0.9
205,138,1,1,1,1,1.00,0.00,1.1,0.9,1.1,0.9
206,138,1,1,1,1,1.00,0.00,1.1,0.9,1.1,0.9
207,138,2,1,1,1,1.00,0.00,1.1,0.9,1.1,0.9
208,138,1,1,1,1,1.00,0.00,1.1,0.9,1.1,0.9
209,138,1,1,1,1,1.00,0.00,1.1,0.9,1.1,0.9
210,138,1,1,1,1,1.00,0.00,1.1,0.9,1.1,0.9
211,230,1,1,1,1,1.00,0.00,1.1,0.9,1.1,0.9
212,230,1,1,1,1,1.00,0.00,1.1,0.9,1.1,0.9
213,230,2,1,1,1,1.00,0.00,1.1,0.9,1.1,0.9
214,230,2,1,1,1,1.00,0.00,1.1,0.9,1.1,0.9
215,230,2,1,1,1,1.00,0.00,1.1,0.9,1.1,0.9
216,230,2,1,1,1,1.00,0.00,1.1,0.9,1.1,0.9
217,230,1,1,1,1,1.00,0.00,1.1,0.9,1.1,0.9
218,230,2,1,1,1,1.00,0.00,1.1,0.9,1.1,0.9
219,230,1,1,1,1,1.00,0.00,1.1,0.9,1.1,0.9
220,230,1,1,1,1,1.00,0.00,1.1,0.9,1.1,0.9
221,230,2,1,1,1,1.00,0.00,1.1,0.9,1.1,0.9
222,230,2,1,1,1,1.00,0.00,1.1,0.9,1.1,0.9
223,230,2,1,1,1,1.00,0.00,1.1,0.9,1.1,0.9
224,230,1,1,1,1,1.00,0.00,1.1,0.9,1.1,0.9
301,138,2,1,1,1,1.00,0.00,1.1,0.9,1.1,0.9
302,138,2,1,1,1,1.00,0.00,1.1,0.9,1.1,0.9
303,138,1,1,1,1,1.00,0.00,1.1,0.9,1.1,0.9
304,138,1,1,1,1,1.00,0.00,1.1,0.9,1.1,0.9
305,138,1,1,1,1,1.00,0.00,1.1,0.9,1.1,0.9
306,138,1,1,1,1,1.00,0.00,1.1,0.9,1.1,0.9
307,138,2,1,1,1,1.00,0.00,1.1,0.9,1.1,0.9
308,138,1,1,1,1,1.00,0.00,1.1,0.9,1.1,0.9
309,138,1,1,1,1,1.00,0.00,1.1,0.9,1.1,0.9
310,138,1,1,1,1,1.00,0.00,1.1,0.9,1.1,0.9
311,230,1,1,1,1,1.00,0.00,1.1,0.9,1.1,0.9
312,230,1,1,1,1,1.00,0.00,1.1,0.9,1.1,0.9
313,230,2,1,1,1,1.00,0.00,1.1,0.9,1.1,0.9
314,230,2,1,1,1,1.00,0.00,1.1,0.9,1.1,0.9
315,230,2,1,1,1,1.00,0.00,1.1,0.9,1.1,0.9
316,230,2,1,1,1,1.00,0.00,1.1,0.9,1.1,0.9
317,230,1,1,1,1,1.00,0.00,1.1,0.9,1.1,0.9
318,230,2,1,1,1,1.00,0.00,1.1,0.9,1.1,0.9
319,230,1,1,1,1,1.00,0.00,1.1,0.9,1.1,0.9
320,230,1,1,1,1,1.00,0.00,1.1,0.9,1.1,0.9
321,230,2,1,1,1,1.00,0.00,1.1,0.9,1.1,0.9
322,230,2,1,1,1,1.00,0.00,1.1,0.9,1.1,0.9
323,230,2,1,1,1,1.00,0.00,1.1,0.9,1.1,0.9
324,230,1,1,1,1,1.00,0.00,1.1,0.9,1.1,0.9
325,230,1,1,1,1,1.00,0.00,1.1,0.9,1.1,0.9
]; 
all_busName96 = [   ' 101 ';  ' 102 ';  ' 103 ';  ' 104 ';  ' 105 ';  ' 106 ';  ' 107 ';  ' 108 ';  ' 109 ';  ' 110 ';  ' 111 ';  ' 112 ';  ' 113 ';  ' 114 ';  ' 115 ';  ' 116 ';  ' 117 ';  ' 118 ';  ' 119 ';  ' 120 ';  ' 121 ';  ' 122 ';  ' 123 ';  ' 124 ';  ' 201 ';  ' 202 ';  ' 203 ';  ' 204 ';  ' 205 ';  ' 206 ';  ' 207 ';  ' 208 ';  ' 209 ';  ' 210 ';  ' 211 ';  ' 212 ';  ' 213 ';  ' 214 ';  ' 215 ';  ' 216 ';  ' 217 ';  ' 218 ';  ' 219 ';  ' 220 ';  ' 221 ';  ' 222 ';  ' 223 ';  ' 224 ';  ' 301 ';  ' 302 ';  ' 303 ';  ' 304 ';  ' 305 ';  ' 306 ';  ' 307 ';  ' 308 ';  ' 309 ';  ' 310 ';  ' 311 ';  ' 312 ';  ' 313 ';  ' 314 ';  ' 315 ';  ' 316 ';  ' 317 ';  ' 318 ';  ' 319 ';  ' 320 ';  ' 321 ';  ' 322 ';  ' 323 ';  ' 324 ';  ' 325 '; ];
%% RTS 96 System Load Data %% 
all_loaddata96 = [ 
101,1,11,11,52.5652629120022,15.096592917641347,0.0,0.0,0.0,0.0,1,1,0
102,1,11,12,80.58426965699663,13.248519097181035,0.0,0.0,0.0,0.0,1,1,0
103,1,11,11,147.6680183288455,27.489503986471377,0.0,0.0,0.0,0.0,1,1,0
104,1,11,11,49.23427592262793,9.978407761466224,0.0,0.0,0.0,0.0,1,1,0
105,1,11,11,44.81969955245904,9.907887332026753,0.0,0.0,0.0,0.0,1,1,0
106,1,11,12,92.31090900270827,13.609380799130536,0.0,0.0,0.0,0.0,1,1,0
107,1,11,12,100.3620740592247,12.457304289032471,0.0,0.0,0.0,0.0,1,1,0
108,1,11,12,87.78546147386035,20.543880009148733,0.0,0.0,0.0,0.0,1,1,0
109,1,11,13,112.41497075358639,30.360576636018234,0.0,0.0,0.0,0.0,1,1,0
110,1,11,13,146.27647203335513,20.331764408966524,0.0,0.0,0.0,0.0,1,1,0
111,1,11,13,0.0,0.0,0.0,0.0,0.0,0.0,1,1,0
112,1,11,13,0.0,0.0,0.0,0.0,0.0,0.0,1,1,0
113,1,12,14,152.38383564858512,45.06057404425135,0.0,0.0,0.0,0.0,1,1,0
114,1,12,16,103.27514064349215,34.39544447423396,0.0,0.0,0.0,0.0,1,1,0
115,1,12,16,215.24037938165395,43.30468012626171,0.0,0.0,0.0,0.0,1,1,0
116,1,12,16,53.860764582334085,12.42254083846975,0.0,0.0,0.0,0.0,1,1,0
117,1,12,17,0.0,0.0,0.0,0.0,0.0,0.0,1,1,0
118,1,12,17,294.7853964639945,51.325022340965646,0.0,0.0,0.0,0.0,1,1,0
119,1,12,15,105.76622287083879,18.898303501478768,0.0,0.0,0.0,0.0,1,1,0
120,1,12,15,80.57881163805126,19.565292751547045,0.0,0.0,0.0,0.0,1,1,0
121,1,12,17,0.0,0.0,0.0,0.0,0.0,0.0,1,1,0
122,1,12,17,0.0,0.0,0.0,0.0,0.0,0.0,1,1,0
123,1,12,15,0.0,0.0,0.0,0.0,0.0,0.0,1,1,0
124,1,12,16,0.0,0.0,0.0,0.0,0.0,0.0,1,1,0
201,1,21,21,82.88504094291105,12.551245014517475,0.0,0.0,0.0,0.0,1,1,0
202,1,21,22,60.2112135872697,12.860849651539697,0.0,0.0,0.0,0.0,1,1,0
203,1,21,21,100.05232172265741,21.11092528995657,0.0,0.0,0.0,0.0,1,1,0
204,1,21,21,38.00931787889236,9.651829921061871,0.0,0.0,0.0,0.0,1,1,0
205,1,21,21,39.50418683641423,7.242553149647824,0.0,0.0,0.0,0.0,1,1,0
206,1,21,22,90.33486327465512,25.08491078752019,0.0,0.0,0.0,0.0,1,1,0
207,1,21,22,64.38557892779353,21.936162455182057,0.0,0.0,0.0,0.0,1,1,0
208,1,21,22,130.44078614739652,21.57208901358093,0.0,0.0,0.0,0.0,1,1,0
209,1,21,23,143.00473844570226,25.87163860955369,0.0,0.0,0.0,0.0,1,1,0
210,1,21,23,120.83825506216891,24.98473267192952,0.0,0.0,0.0,0.0,1,1,0
211,1,21,23,0.0,0.0,0.0,0.0,0.0,0.0,1,1,0
212,1,21,23,0.0,0.0,0.0,0.0,0.0,0.0,1,1,0
213,1,22,24,194.70968430731656,27.422492961021508,0.0,0.0,0.0,0.0,1,1,0
214,1,22,26,115.23327279967563,33.20939709233301,0.0,0.0,0.0,0.0,1,1,0
215,1,22,26,268.90112875455594,38.11278754843175,0.0,0.0,0.0,0.0,1,1,0
216,1,22,26,62.698837083592075,17.772816194253043,0.0,0.0,0.0,0.0,1,1,0
217,1,22,27,0.0,0.0,0.0,0.0,0.0,0.0,1,1,0
218,1,22,27,269.2185701422781,48.548873438451075,0.0,0.0,0.0,0.0,1,1,0
219,1,22,25,130.64686825437306,32.02565419474686,0.0,0.0,0.0,0.0,1,1,0
220,1,22,25,89.26276543899178,17.900201326355617,0.0,0.0,0.0,0.0,1,1,0
221,1,22,27,0.0,0.0,0.0,0.0,0.0,0.0,1,1,0
222,1,22,27,0.0,0.0,0.0,0.0,0.0,0.0,1,1,0
223,1,22,25,0.0,0.0,0.0,0.0,0.0,0.0,1,1,0
224,1,22,26,0.0,0.0,0.0,0.0,0.0,0.0,1,1,0
301,1,31,31,76.42026475268695,19.662140137140828,0.0,0.0,0.0,0.0,1,1,0
302,1,31,32,54.52704227791554,10.13229938110616,0.0,0.0,0.0,0.0,1,1,0
303,1,31,31,144.95556274857276,24.988182768930912,0.0,0.0,0.0,0.0,1,1,0
304,1,31,31,65.65529272869452,11.02514261505869,0.0,0.0,0.0,0.0,1,1,0
305,1,31,31,55.02925210324615,8.93536535445163,0.0,0.0,0.0,0.0,1,1,0
306,1,31,32,114.76555461371653,24.976377727380953,0.0,0.0,0.0,0.0,1,1,0
307,1,31,32,78.05741049331846,14.101803642417071,0.0,0.0,0.0,0.0,1,1,0
308,1,31,32,104.30243140212083,20.953326340147527,0.0,0.0,0.0,0.0,1,1,0
309,1,31,33,89.82526932033011,23.27544660158828,0.0,0.0,0.0,0.0,1,1,0
310,1,31,33,174.65181295955506,34.621450516384094,0.0,0.0,0.0,0.0,1,1,0
311,1,31,33,0.0,0.0,0.0,0.0,0.0,0.0,1,1,0
312,1,31,33,0.0,0.0,0.0,0.0,0.0,0.0,1,1,0
313,1,32,34,133.60468630786684,42.81724749373449,0.0,0.0,0.0,0.0,1,1,0
314,1,32,36,144.22641464639213,28.015699542873588,0.0,0.0,0.0,0.0,1,1,0
315,1,32,36,268.07059475402184,34.68418497270941,0.0,0.0,0.0,0.0,1,1,0
