% From Raw File 
%% RTS 96 System Bus Data %% 
all_busdata96 = [ 
101,138,2,1,1,1,1.00,0.00,1.1,0.9,1.1,0.9
102,138,2,1,1,1,1.00,0.00,1.1,0.9,1.1,0.9
103,138,1,1,1,1,1.00,0.00,1.1,0.9,1.1,0.9
104,138,1,1,1,1,1.00,0.00,1.1,0.9,1.1,0.9
105,138,1,1,1,1,1.00,0.00,1.1,0.9,1.1,0.9
106,138,1,1,1,1,1.00,0.00,1.1,0.9,1.1,0.9
107,138,2,1,1,1,1.00,0.00,1.1,0.9,1.1,0.9
108,138,1,1,1,1,1.00,0.00,1.1,0.9,1.1,0.9
109,138,1,1,1,1,1.00,0.00,1.1,0.9,1.1,0.9
110,138,1,1,1,1,1.00,0.00,1.1,0.9,1.1,0.9
111,230,1,1,1,1,1.00,0.00,1.1,0.9,1.1,0.9
112,230,1,1,1,1,1.00,0.00,1.1,0.9,1.1,0.9
113,230,3,1,1,1,1.00,0.00,1.1,0.9,1.1,0.9
114,230,2,1,1,1,1.00,0.00,1.1,0.9,1.1,0.9
115,230,2,1,1,1,1.00,0.00,1.1,0.9,1.1,0.9
116,230,2,1,1,1,1.00,0.00,1.1,0.9,1.1,0.9
117,230,1,1,1,1,1.00,0.00,1.1,0.9,1.1,0.9
118,230,2,1,1,1,1.00,0.00,1.1,0.9,1.1,0.9
119,230,1,1,1,1,1.00,0.00,1.1,0.9,1.1,0.9
120,230,1,1,1,1,1.00,0.00,1.1,0.9,1.1,0.9
121,230,2,1,1,1,1.00,0.00,1.1,0.9,1.1,0.9
122,230,2,1,1,1,1.00,0.00,1.1,0.9,1.1,0.9
123,230,2,1,1,1,1.00,0.00,1.1,0.9,1.1,0.9
124,230,1,1,1,1,1.00,0.00,1.1,0.9,1.1,0.9
201,138,2,1,1,1,1.00,0.00,1.1,0.9,1.1,0.9
202,138,2,1,1,1,1.00,0.00,1.1,0.9,1.1,0.9
203,138,1,1,1,1,1.00,0.00,1.1,0.9,1.1,0.9
204,138,1,1,1,1,1.00,0.00,1.1,0.9,1.1,0.9
205,138,1,1,1,1,1.00,0.00,1.1,0.9,1.1,0.9
206,138,1,1,1,1,1.00,0.00,1.1,0.9,1.1,0.9
207,138,2,1,1,1,1.00,0.00,1.1,0.9,1.1,0.9
208,138,1,1,1,1,1.00,0.00,1.1,0.9,1.1,0.9
209,138,1,1,1,1,1.00,0.00,1.1,0.9,1.1,0.9
210,138,1,1,1,1,1.00,0.00,1.1,0.9,1.1,0.9
211,230,1,1,1,1,1.00,0.00,1.1,0.9,1.1,0.9
212,230,1,1,1,1,1.00,0.00,1.1,0.9,1.1,0.9
213,230,2,1,1,1,1.00,0.00,1.1,0.9,1.1,0.9
214,230,2,1,1,1,1.00,0.00,1.1,0.9,1.1,0.9
215,230,2,1,1,1,1.00,0.00,1.1,0.9,1.1,0.9
216,230,2,1,1,1,1.00,0.00,1.1,0.9,1.1,0.9
217,230,1,1,1,1,1.00,0.00,1.1,0.9,1.1,0.9
218,230,2,1,1,1,1.00,0.00,1.1,0.9,1.1,0.9
219,230,1,1,1,1,1.00,0.00,1.1,0.9,1.1,0.9
220,230,1,1,1,1,1.00,0.00,1.1,0.9,1.1,0.9
221,230,2,1,1,1,1.00,0.00,1.1,0.9,1.1,0.9
222,230,2,1,1,1,1.00,0.00,1.1,0.9,1.1,0.9
223,230,2,1,1,1,1.00,0.00,1.1,0.9,1.1,0.9
224,230,1,1,1,1,1.00,0.00,1.1,0.9,1.1,0.9
301,138,2,1,1,1,1.00,0.00,1.1,0.9,1.1,0.9
302,138,2,1,1,1,1.00,0.00,1.1,0.9,1.1,0.9
303,138,1,1,1,1,1.00,0.00,1.1,0.9,1.1,0.9
304,138,1,1,1,1,1.00,0.00,1.1,0.9,1.1,0.9
305,138,1,1,1,1,1.00,0.00,1.1,0.9,1.1,0.9
306,138,1,1,1,1,1.00,0.00,1.1,0.9,1.1,0.9
307,138,2,1,1,1,1.00,0.00,1.1,0.9,1.1,0.9
308,138,1,1,1,1,1.00,0.00,1.1,0.9,1.1,0.9
309,138,1,1,1,1,1.00,0.00,1.1,0.9,1.1,0.9
310,138,1,1,1,1,1.00,0.00,1.1,0.9,1.1,0.9
311,230,1,1,1,1,1.00,0.00,1.1,0.9,1.1,0.9
312,230,1,1,1,1,1.00,0.00,1.1,0.9,1.1,0.9
313,230,2,1,1,1,1.00,0.00,1.1,0.9,1.1,0.9
314,230,2,1,1,1,1.00,0.00,1.1,0.9,1.1,0.9
315,230,2,1,1,1,1.00,0.00,1.1,0.9,1.1,0.9
316,230,2,1,1,1,1.00,0.00,1.1,0.9,1.1,0.9
317,230,1,1,1,1,1.00,0.00,1.1,0.9,1.1,0.9
318,230,2,1,1,1,1.00,0.00,1.1,0.9,1.1,0.9
319,230,1,1,1,1,1.00,0.00,1.1,0.9,1.1,0.9
320,230,1,1,1,1,1.00,0.00,1.1,0.9,1.1,0.9
321,230,2,1,1,1,1.00,0.00,1.1,0.9,1.1,0.9
322,230,2,1,1,1,1.00,0.00,1.1,0.9,1.1,0.9
323,230,2,1,1,1,1.00,0.00,1.1,0.9,1.1,0.9
324,230,1,1,1,1,1.00,0.00,1.1,0.9,1.1,0.9
325,230,1,1,1,1,1.00,0.00,1.1,0.9,1.1,0.9
]; 
all_busName96 = [   ' 101 ';  ' 102 ';  ' 103 ';  ' 104 ';  ' 105 ';  ' 106 ';  ' 107 ';  ' 108 ';  ' 109 ';  ' 110 ';  ' 111 ';  ' 112 ';  ' 113 ';  ' 114 ';  ' 115 ';  ' 116 ';  ' 117 ';  ' 118 ';  ' 119 ';  ' 120 ';  ' 121 ';  ' 122 ';  ' 123 ';  ' 124 ';  ' 201 ';  ' 202 ';  ' 203 ';  ' 204 ';  ' 205 ';  ' 206 ';  ' 207 ';  ' 208 ';  ' 209 ';  ' 210 ';  ' 211 ';  ' 212 ';  ' 213 ';  ' 214 ';  ' 215 ';  ' 216 ';  ' 217 ';  ' 218 ';  ' 219 ';  ' 220 ';  ' 221 ';  ' 222 ';  ' 223 ';  ' 224 ';  ' 301 ';  ' 302 ';  ' 303 ';  ' 304 ';  ' 305 ';  ' 306 ';  ' 307 ';  ' 308 ';  ' 309 ';  ' 310 ';  ' 311 ';  ' 312 ';  ' 313 ';  ' 314 ';  ' 315 ';  ' 316 ';  ' 317 ';  ' 318 ';  ' 319 ';  ' 320 ';  ' 321 ';  ' 322 ';  ' 323 ';  ' 324 ';  ' 325 '; ];
%% RTS 96 System Load Data %% 
all_loaddata96 = [ 
101,1,11,11,96.84852985105141,18.380350029060804,0.0,0.0,0.0,0.0,1,1,0
102,1,11,12,76.82932404748333,17.128967056696304,0.0,0.0,0.0,0.0,1,1,0
103,1,11,11,121.20556507221143,33.058048239361405,0.0,0.0,0.0,0.0,1,1,0
104,1,11,11,59.63588870844812,8.416492753120371,0.0,0.0,0.0,0.0,1,1,0
105,1,11,11,53.967010430528454,10.485463315330446,0.0,0.0,0.0,0.0,1,1,0
106,1,11,12,90.18289733573981,21.72951648054924,0.0,0.0,0.0,0.0,1,1,0
107,1,11,12,65.6580998272926,22.413107877062863,0.0,0.0,0.0,0.0,1,1,0
108,1,11,12,114.18960941907875,19.742198381199035,0.0,0.0,0.0,0.0,1,1,0
109,1,11,13,131.03855855525822,23.100849262116665,0.0,0.0,0.0,0.0,1,1,0
110,1,11,13,153.5316329756621,35.07926978018135,0.0,0.0,0.0,0.0,1,1,0
111,1,11,13,0.0,0.0,0.0,0.0,0.0,0.0,1,1,0
112,1,11,13,0.0,0.0,0.0,0.0,0.0,0.0,1,1,0
113,1,12,14,157.62821679047218,46.207791634319165,0.0,0.0,0.0,0.0,1,1,0
114,1,12,16,96.09712300824746,22.13406156162601,0.0,0.0,0.0,0.0,1,1,0
115,1,12,16,171.84612772758538,35.91912182743549,0.0,0.0,0.0,0.0,1,1,0
116,1,12,16,72.29153598734177,9.852051545899359,0.0,0.0,0.0,0.0,1,1,0
117,1,12,17,0.0,0.0,0.0,0.0,0.0,0.0,1,1,0
118,1,12,17,246.12032047836115,52.149428432706564,0.0,0.0,0.0,0.0,1,1,0
119,1,12,15,144.99434679127938,19.095649307572327,0.0,0.0,0.0,0.0,1,1,0
120,1,12,15,74.34177419001459,14.95415658364445,0.0,0.0,0.0,0.0,1,1,0
121,1,12,17,0.0,0.0,0.0,0.0,0.0,0.0,1,1,0
122,1,12,17,0.0,0.0,0.0,0.0,0.0,0.0,1,1,0
123,1,12,15,0.0,0.0,0.0,0.0,0.0,0.0,1,1,0
124,1,12,16,0.0,0.0,0.0,0.0,0.0,0.0,1,1,0
201,1,21,21,54.52698176179043,13.633658052399662,0.0,0.0,0.0,0.0,1,1,0
202,1,21,22,80.00929985697563,10.815647707027383,0.0,0.0,0.0,0.0,1,1,0
203,1,21,21,137.00050467649194,21.70027510023904,0.0,0.0,0.0,0.0,1,1,0
204,1,21,21,46.14753756163409,10.402081908215301,0.0,0.0,0.0,0.0,1,1,0
205,1,21,21,48.20758682272579,7.8617861755566665,0.0,0.0,0.0,0.0,1,1,0
206,1,21,22,101.96162331496888,21.72340310056731,0.0,0.0,0.0,0.0,1,1,0
207,1,21,22,100.09811427087989,14.627429549127118,0.0,0.0,0.0,0.0,1,1,0
208,1,21,22,118.40277039819946,28.031633867030962,0.0,0.0,0.0,0.0,1,1,0
209,1,21,23,96.29715307367965,26.2617620912103,0.0,0.0,0.0,0.0,1,1,0
210,1,21,23,161.02573712132522,21.091839500019326,0.0,0.0,0.0,0.0,1,1,0
211,1,21,23,0.0,0.0,0.0,0.0,0.0,0.0,1,1,0
212,1,21,23,0.0,0.0,0.0,0.0,0.0,0.0,1,1,0
213,1,22,24,192.89852184597706,47.72120033144094,0.0,0.0,0.0,0.0,1,1,0
214,1,22,26,171.88788969761126,30.40777315323148,0.0,0.0,0.0,0.0,1,1,0
215,1,22,26,246.87037173727032,44.34017560274005,0.0,0.0,0.0,0.0,1,1,0
216,1,22,26,82.91975732090883,18.011101735440082,0.0,0.0,0.0,0.0,1,1,0
217,1,22,27,0.0,0.0,0.0,0.0,0.0,0.0,1,1,0
218,1,22,27,293.1515165495998,37.02399509231206,0.0,0.0,0.0,0.0,1,1,0
219,1,22,25,100.31268172908844,32.945087173390526,0.0,0.0,0.0,0.0,1,1,0
220,1,22,25,68.66414424998759,13.843605568712018,0.0,0.0,0.0,0.0,1,1,0
221,1,22,27,0.0,0.0,0.0,0.0,0.0,0.0,1,1,0
222,1,22,27,0.0,0.0,0.0,0.0,0.0,0.0,1,1,0
223,1,22,25,0.0,0.0,0.0,0.0,0.0,0.0,1,1,0
224,1,22,26,0.0,0.0,0.0,0.0,0.0,0.0,1,1,0
301,1,31,31,92.19277622578235,17.7602092100624,0.0,0.0,0.0,0.0,1,1,0
302,1,31,32,71.132195779981,17.651957717176526,0.0,0.0,0.0,0.0,1,1,0
303,1,31,31,95.53827263723964,32.37772030066838,0.0,0.0,0.0,0.0,1,1,0
304,1,31,31,66.38681644257315,10.56540988947032,0.0,0.0,0.0,0.0,1,1,0
305,1,31,31,36.66418220397527,9.107745638024713,0.0,0.0,0.0,0.0,1,1,0
306,1,31,32,66.03454862906746,14.358357038178294,0.0,0.0,0.0,0.0,1,1,0
307,1,31,32,64.67050713976495,16.16967113659135,0.0,0.0,0.0,0.0,1,1,0
308,1,31,32,116.84691253940352,20.80724347088998,0.0,0.0,0.0,0.0,1,1,0
309,1,31,33,137.05942581792246,25.183579740081914,0.0,0.0,0.0,0.0,1,1,0
310,1,31,33,175.5185361829279,23.944916684757917,0.0,0.0,0.0,0.0,1,1,0
311,1,31,33,0.0,0.0,0.0,0.0,0.0,0.0,1,1,0
312,1,31,33,0.0,0.0,0.0,0.0,0.0,0.0,1,1,0
313,1,32,34,131.32955089723853,33.93524974660137,0.0,0.0,0.0,0.0,1,1,0
314,1,32,36,108.03191797154518,25.881370507440018,0.0,0.0,0.0,0.0,1,1,0
315,1,32,36,206.19510420815405,37.77669279480278,0.0,0.0,0.0,0.0,1,1,0
