% From Raw File 
%% RTS 96 System Bus Data %% 
all_busdata96 = [ 
101,138,2,1,1,1,1.00,0.00,1.1,0.9,1.1,0.9
102,138,2,1,1,1,1.00,0.00,1.1,0.9,1.1,0.9
103,138,1,1,1,1,1.00,0.00,1.1,0.9,1.1,0.9
104,138,1,1,1,1,1.00,0.00,1.1,0.9,1.1,0.9
105,138,1,1,1,1,1.00,0.00,1.1,0.9,1.1,0.9
106,138,1,1,1,1,1.00,0.00,1.1,0.9,1.1,0.9
107,138,2,1,1,1,1.00,0.00,1.1,0.9,1.1,0.9
108,138,1,1,1,1,1.00,0.00,1.1,0.9,1.1,0.9
109,138,1,1,1,1,1.00,0.00,1.1,0.9,1.1,0.9
110,138,1,1,1,1,1.00,0.00,1.1,0.9,1.1,0.9
111,230,1,1,1,1,1.00,0.00,1.1,0.9,1.1,0.9
112,230,1,1,1,1,1.00,0.00,1.1,0.9,1.1,0.9
113,230,3,1,1,1,1.00,0.00,1.1,0.9,1.1,0.9
114,230,2,1,1,1,1.00,0.00,1.1,0.9,1.1,0.9
115,230,2,1,1,1,1.00,0.00,1.1,0.9,1.1,0.9
116,230,2,1,1,1,1.00,0.00,1.1,0.9,1.1,0.9
117,230,1,1,1,1,1.00,0.00,1.1,0.9,1.1,0.9
118,230,2,1,1,1,1.00,0.00,1.1,0.9,1.1,0.9
119,230,1,1,1,1,1.00,0.00,1.1,0.9,1.1,0.9
120,230,1,1,1,1,1.00,0.00,1.1,0.9,1.1,0.9
121,230,2,1,1,1,1.00,0.00,1.1,0.9,1.1,0.9
122,230,2,1,1,1,1.00,0.00,1.1,0.9,1.1,0.9
123,230,2,1,1,1,1.00,0.00,1.1,0.9,1.1,0.9
124,230,1,1,1,1,1.00,0.00,1.1,0.9,1.1,0.9
201,138,2,1,1,1,1.00,0.00,1.1,0.9,1.1,0.9
202,138,2,1,1,1,1.00,0.00,1.1,0.9,1.1,0.9
203,138,1,1,1,1,1.00,0.00,1.1,0.9,1.1,0.9
204,138,1,1,1,1,1.00,0.00,1.1,0.9,1.1,0.9
205,138,1,1,1,1,1.00,0.00,1.1,0.9,1.1,0.9
206,138,1,1,1,1,1.00,0.00,1.1,0.9,1.1,0.9
207,138,2,1,1,1,1.00,0.00,1.1,0.9,1.1,0.9
208,138,1,1,1,1,1.00,0.00,1.1,0.9,1.1,0.9
209,138,1,1,1,1,1.00,0.00,1.1,0.9,1.1,0.9
210,138,1,1,1,1,1.00,0.00,1.1,0.9,1.1,0.9
211,230,1,1,1,1,1.00,0.00,1.1,0.9,1.1,0.9
212,230,1,1,1,1,1.00,0.00,1.1,0.9,1.1,0.9
213,230,2,1,1,1,1.00,0.00,1.1,0.9,1.1,0.9
214,230,2,1,1,1,1.00,0.00,1.1,0.9,1.1,0.9
215,230,2,1,1,1,1.00,0.00,1.1,0.9,1.1,0.9
216,230,2,1,1,1,1.00,0.00,1.1,0.9,1.1,0.9
217,230,1,1,1,1,1.00,0.00,1.1,0.9,1.1,0.9
218,230,2,1,1,1,1.00,0.00,1.1,0.9,1.1,0.9
219,230,1,1,1,1,1.00,0.00,1.1,0.9,1.1,0.9
220,230,1,1,1,1,1.00,0.00,1.1,0.9,1.1,0.9
221,230,2,1,1,1,1.00,0.00,1.1,0.9,1.1,0.9
222,230,2,1,1,1,1.00,0.00,1.1,0.9,1.1,0.9
223,230,2,1,1,1,1.00,0.00,1.1,0.9,1.1,0.9
224,230,1,1,1,1,1.00,0.00,1.1,0.9,1.1,0.9
301,138,2,1,1,1,1.00,0.00,1.1,0.9,1.1,0.9
302,138,2,1,1,1,1.00,0.00,1.1,0.9,1.1,0.9
303,138,1,1,1,1,1.00,0.00,1.1,0.9,1.1,0.9
304,138,1,1,1,1,1.00,0.00,1.1,0.9,1.1,0.9
305,138,1,1,1,1,1.00,0.00,1.1,0.9,1.1,0.9
306,138,1,1,1,1,1.00,0.00,1.1,0.9,1.1,0.9
307,138,2,1,1,1,1.00,0.00,1.1,0.9,1.1,0.9
308,138,1,1,1,1,1.00,0.00,1.1,0.9,1.1,0.9
309,138,1,1,1,1,1.00,0.00,1.1,0.9,1.1,0.9
310,138,1,1,1,1,1.00,0.00,1.1,0.9,1.1,0.9
311,230,1,1,1,1,1.00,0.00,1.1,0.9,1.1,0.9
312,230,1,1,1,1,1.00,0.00,1.1,0.9,1.1,0.9
313,230,2,1,1,1,1.00,0.00,1.1,0.9,1.1,0.9
314,230,2,1,1,1,1.00,0.00,1.1,0.9,1.1,0.9
315,230,2,1,1,1,1.00,0.00,1.1,0.9,1.1,0.9
316,230,2,1,1,1,1.00,0.00,1.1,0.9,1.1,0.9
317,230,1,1,1,1,1.00,0.00,1.1,0.9,1.1,0.9
318,230,2,1,1,1,1.00,0.00,1.1,0.9,1.1,0.9
319,230,1,1,1,1,1.00,0.00,1.1,0.9,1.1,0.9
320,230,1,1,1,1,1.00,0.00,1.1,0.9,1.1,0.9
321,230,2,1,1,1,1.00,0.00,1.1,0.9,1.1,0.9
322,230,2,1,1,1,1.00,0.00,1.1,0.9,1.1,0.9
323,230,2,1,1,1,1.00,0.00,1.1,0.9,1.1,0.9
324,230,1,1,1,1,1.00,0.00,1.1,0.9,1.1,0.9
325,230,1,1,1,1,1.00,0.00,1.1,0.9,1.1,0.9
]; 
all_busName96 = [   ' 101 ';  ' 102 ';  ' 103 ';  ' 104 ';  ' 105 ';  ' 106 ';  ' 107 ';  ' 108 ';  ' 109 ';  ' 110 ';  ' 111 ';  ' 112 ';  ' 113 ';  ' 114 ';  ' 115 ';  ' 116 ';  ' 117 ';  ' 118 ';  ' 119 ';  ' 120 ';  ' 121 ';  ' 122 ';  ' 123 ';  ' 124 ';  ' 201 ';  ' 202 ';  ' 203 ';  ' 204 ';  ' 205 ';  ' 206 ';  ' 207 ';  ' 208 ';  ' 209 ';  ' 210 ';  ' 211 ';  ' 212 ';  ' 213 ';  ' 214 ';  ' 215 ';  ' 216 ';  ' 217 ';  ' 218 ';  ' 219 ';  ' 220 ';  ' 221 ';  ' 222 ';  ' 223 ';  ' 224 ';  ' 301 ';  ' 302 ';  ' 303 ';  ' 304 ';  ' 305 ';  ' 306 ';  ' 307 ';  ' 308 ';  ' 309 ';  ' 310 ';  ' 311 ';  ' 312 ';  ' 313 ';  ' 314 ';  ' 315 ';  ' 316 ';  ' 317 ';  ' 318 ';  ' 319 ';  ' 320 ';  ' 321 ';  ' 322 ';  ' 323 ';  ' 324 ';  ' 325 '; ];
%% RTS 96 System Load Data %% 
all_loaddata96 = [ 
101,1,11,11,84.69458014973793,13.637135208360851,0.0,0.0,0.0,0.0,1,1,0
102,1,11,12,60.400020884157065,10.730873620050026,0.0,0.0,0.0,0.0,1,1,0
103,1,11,11,142.23027394717187,31.10798840250336,0.0,0.0,0.0,0.0,1,1,0
104,1,11,11,50.35149516160833,9.705174060978926,0.0,0.0,0.0,0.0,1,1,0
105,1,11,11,35.16604656356857,8.155627003894653,0.0,0.0,0.0,0.0,1,1,0
106,1,11,12,99.62748176322319,15.732927105653285,0.0,0.0,0.0,0.0,1,1,0
107,1,11,12,91.82787020680261,18.39958599732374,0.0,0.0,0.0,0.0,1,1,0
108,1,11,12,104.14814405591162,23.511120481959544,0.0,0.0,0.0,0.0,1,1,0
109,1,11,13,121.71247167834663,24.026607522167826,0.0,0.0,0.0,0.0,1,1,0
110,1,11,13,107.92514423304328,25.205456385444847,0.0,0.0,0.0,0.0,1,1,0
111,1,11,13,0.0,0.0,0.0,0.0,0.0,0.0,1,1,0
112,1,11,13,0.0,0.0,0.0,0.0,0.0,0.0,1,1,0
113,1,12,14,179.22157906093543,36.42119729235442,0.0,0.0,0.0,0.0,1,1,0
114,1,12,16,167.0019182644347,34.36731562820189,0.0,0.0,0.0,0.0,1,1,0
115,1,12,16,178.3003796007401,42.05460131528377,0.0,0.0,0.0,0.0,1,1,0
116,1,12,16,54.12555569625925,12.015779583765193,0.0,0.0,0.0,0.0,1,1,0
117,1,12,17,0.0,0.0,0.0,0.0,0.0,0.0,1,1,0
118,1,12,17,172.35699197691162,38.73742297434435,0.0,0.0,0.0,0.0,1,1,0
119,1,12,15,95.24167656988115,22.68651067351615,0.0,0.0,0.0,0.0,1,1,0
120,1,12,15,105.36052501909731,13.107174739101714,0.0,0.0,0.0,0.0,1,1,0
121,1,12,17,0.0,0.0,0.0,0.0,0.0,0.0,1,1,0
122,1,12,17,0.0,0.0,0.0,0.0,0.0,0.0,1,1,0
123,1,12,15,0.0,0.0,0.0,0.0,0.0,0.0,1,1,0
124,1,12,16,0.0,0.0,0.0,0.0,0.0,0.0,1,1,0
201,1,21,21,72.25233337877411,14.918859885577206,0.0,0.0,0.0,0.0,1,1,0
202,1,21,22,61.12927985837222,15.220574772630817,0.0,0.0,0.0,0.0,1,1,0
203,1,21,21,124.3767209426835,31.823814267407545,0.0,0.0,0.0,0.0,1,1,0
204,1,21,21,44.047114298039666,8.953816029658773,0.0,0.0,0.0,0.0,1,1,0
205,1,21,21,46.221161614383014,10.277131880676,0.0,0.0,0.0,0.0,1,1,0
206,1,21,22,91.79346076511779,18.206640829662234,0.0,0.0,0.0,0.0,1,1,0
207,1,21,22,105.0088985336828,18.1927138005977,0.0,0.0,0.0,0.0,1,1,0
208,1,21,22,130.18363612820926,29.720534812333995,0.0,0.0,0.0,0.0,1,1,0
209,1,21,23,114.64412586593768,22.24768680892065,0.0,0.0,0.0,0.0,1,1,0
210,1,21,23,102.18329797907033,26.78231450231932,0.0,0.0,0.0,0.0,1,1,0
211,1,21,23,0.0,0.0,0.0,0.0,0.0,0.0,1,1,0
212,1,21,23,0.0,0.0,0.0,0.0,0.0,0.0,1,1,0
213,1,22,24,236.64689858502243,43.06354815472411,0.0,0.0,0.0,0.0,1,1,0
214,1,22,26,106.95676891603404,25.861579823095166,0.0,0.0,0.0,0.0,1,1,0
215,1,22,26,242.375271248237,44.4441171577245,0.0,0.0,0.0,0.0,1,1,0
216,1,22,26,53.12471349650993,9.805611463227308,0.0,0.0,0.0,0.0,1,1,0
217,1,22,27,0.0,0.0,0.0,0.0,0.0,0.0,1,1,0
218,1,22,27,207.43977100941206,46.88287074310687,0.0,0.0,0.0,0.0,1,1,0
219,1,22,25,120.18260326932385,31.71095469400375,0.0,0.0,0.0,0.0,1,1,0
220,1,22,25,94.048914332664,18.343550832819847,0.0,0.0,0.0,0.0,1,1,0
221,1,22,27,0.0,0.0,0.0,0.0,0.0,0.0,1,1,0
222,1,22,27,0.0,0.0,0.0,0.0,0.0,0.0,1,1,0
223,1,22,25,0.0,0.0,0.0,0.0,0.0,0.0,1,1,0
224,1,22,26,0.0,0.0,0.0,0.0,0.0,0.0,1,1,0
301,1,31,31,78.85884586943463,14.922463147329445,0.0,0.0,0.0,0.0,1,1,0
302,1,31,32,55.552850890846365,16.946495571250097,0.0,0.0,0.0,0.0,1,1,0
303,1,31,31,112.18371524670907,20.699427208584872,0.0,0.0,0.0,0.0,1,1,0
304,1,31,31,65.52509055289217,11.072178592073266,0.0,0.0,0.0,0.0,1,1,0
305,1,31,31,60.15881419083817,9.308760256489366,0.0,0.0,0.0,0.0,1,1,0
306,1,31,32,107.91760901366696,23.05294143692963,0.0,0.0,0.0,0.0,1,1,0
307,1,31,32,110.9447463801771,13.980980601548216,0.0,0.0,0.0,0.0,1,1,0
308,1,31,32,119.52600605244432,27.067197807226098,0.0,0.0,0.0,0.0,1,1,0
309,1,31,33,129.5055831461912,24.24042083025165,0.0,0.0,0.0,0.0,1,1,0
310,1,31,33,162.42382678925873,33.36079752361402,0.0,0.0,0.0,0.0,1,1,0
311,1,31,33,0.0,0.0,0.0,0.0,0.0,0.0,1,1,0
312,1,31,33,0.0,0.0,0.0,0.0,0.0,0.0,1,1,0
313,1,32,34,215.01226048881605,45.8211645459339,0.0,0.0,0.0,0.0,1,1,0
314,1,32,36,114.43322880344381,31.649689284624582,0.0,0.0,0.0,0.0,1,1,0
315,1,32,36,238.91025219335103,51.94532140035331,0.0,0.0,0.0,0.0,1,1,0
