% From Raw File 
%% RTS 96 System Bus Data %% 
all_busdata96 = [ 
101,138,2,1,1,1,1.00,0.00,1.1,0.9,1.1,0.9
102,138,2,1,1,1,1.00,0.00,1.1,0.9,1.1,0.9
103,138,1,1,1,1,1.00,0.00,1.1,0.9,1.1,0.9
104,138,1,1,1,1,1.00,0.00,1.1,0.9,1.1,0.9
105,138,1,1,1,1,1.00,0.00,1.1,0.9,1.1,0.9
106,138,1,1,1,1,1.00,0.00,1.1,0.9,1.1,0.9
107,138,2,1,1,1,1.00,0.00,1.1,0.9,1.1,0.9
108,138,1,1,1,1,1.00,0.00,1.1,0.9,1.1,0.9
109,138,1,1,1,1,1.00,0.00,1.1,0.9,1.1,0.9
110,138,1,1,1,1,1.00,0.00,1.1,0.9,1.1,0.9
111,230,1,1,1,1,1.00,0.00,1.1,0.9,1.1,0.9
112,230,1,1,1,1,1.00,0.00,1.1,0.9,1.1,0.9
113,230,3,1,1,1,1.00,0.00,1.1,0.9,1.1,0.9
114,230,2,1,1,1,1.00,0.00,1.1,0.9,1.1,0.9
115,230,2,1,1,1,1.00,0.00,1.1,0.9,1.1,0.9
116,230,2,1,1,1,1.00,0.00,1.1,0.9,1.1,0.9
117,230,1,1,1,1,1.00,0.00,1.1,0.9,1.1,0.9
118,230,2,1,1,1,1.00,0.00,1.1,0.9,1.1,0.9
119,230,1,1,1,1,1.00,0.00,1.1,0.9,1.1,0.9
120,230,1,1,1,1,1.00,0.00,1.1,0.9,1.1,0.9
121,230,2,1,1,1,1.00,0.00,1.1,0.9,1.1,0.9
122,230,2,1,1,1,1.00,0.00,1.1,0.9,1.1,0.9
123,230,2,1,1,1,1.00,0.00,1.1,0.9,1.1,0.9
124,230,1,1,1,1,1.00,0.00,1.1,0.9,1.1,0.9
201,138,2,1,1,1,1.00,0.00,1.1,0.9,1.1,0.9
202,138,2,1,1,1,1.00,0.00,1.1,0.9,1.1,0.9
203,138,1,1,1,1,1.00,0.00,1.1,0.9,1.1,0.9
204,138,1,1,1,1,1.00,0.00,1.1,0.9,1.1,0.9
205,138,1,1,1,1,1.00,0.00,1.1,0.9,1.1,0.9
206,138,1,1,1,1,1.00,0.00,1.1,0.9,1.1,0.9
207,138,2,1,1,1,1.00,0.00,1.1,0.9,1.1,0.9
208,138,1,1,1,1,1.00,0.00,1.1,0.9,1.1,0.9
209,138,1,1,1,1,1.00,0.00,1.1,0.9,1.1,0.9
210,138,1,1,1,1,1.00,0.00,1.1,0.9,1.1,0.9
211,230,1,1,1,1,1.00,0.00,1.1,0.9,1.1,0.9
212,230,1,1,1,1,1.00,0.00,1.1,0.9,1.1,0.9
213,230,2,1,1,1,1.00,0.00,1.1,0.9,1.1,0.9
214,230,2,1,1,1,1.00,0.00,1.1,0.9,1.1,0.9
215,230,2,1,1,1,1.00,0.00,1.1,0.9,1.1,0.9
216,230,2,1,1,1,1.00,0.00,1.1,0.9,1.1,0.9
217,230,1,1,1,1,1.00,0.00,1.1,0.9,1.1,0.9
218,230,2,1,1,1,1.00,0.00,1.1,0.9,1.1,0.9
219,230,1,1,1,1,1.00,0.00,1.1,0.9,1.1,0.9
220,230,1,1,1,1,1.00,0.00,1.1,0.9,1.1,0.9
221,230,2,1,1,1,1.00,0.00,1.1,0.9,1.1,0.9
222,230,2,1,1,1,1.00,0.00,1.1,0.9,1.1,0.9
223,230,2,1,1,1,1.00,0.00,1.1,0.9,1.1,0.9
224,230,1,1,1,1,1.00,0.00,1.1,0.9,1.1,0.9
301,138,2,1,1,1,1.00,0.00,1.1,0.9,1.1,0.9
302,138,2,1,1,1,1.00,0.00,1.1,0.9,1.1,0.9
303,138,1,1,1,1,1.00,0.00,1.1,0.9,1.1,0.9
304,138,1,1,1,1,1.00,0.00,1.1,0.9,1.1,0.9
305,138,1,1,1,1,1.00,0.00,1.1,0.9,1.1,0.9
306,138,1,1,1,1,1.00,0.00,1.1,0.9,1.1,0.9
307,138,2,1,1,1,1.00,0.00,1.1,0.9,1.1,0.9
308,138,1,1,1,1,1.00,0.00,1.1,0.9,1.1,0.9
309,138,1,1,1,1,1.00,0.00,1.1,0.9,1.1,0.9
310,138,1,1,1,1,1.00,0.00,1.1,0.9,1.1,0.9
311,230,1,1,1,1,1.00,0.00,1.1,0.9,1.1,0.9
312,230,1,1,1,1,1.00,0.00,1.1,0.9,1.1,0.9
313,230,2,1,1,1,1.00,0.00,1.1,0.9,1.1,0.9
314,230,2,1,1,1,1.00,0.00,1.1,0.9,1.1,0.9
315,230,2,1,1,1,1.00,0.00,1.1,0.9,1.1,0.9
316,230,2,1,1,1,1.00,0.00,1.1,0.9,1.1,0.9
317,230,1,1,1,1,1.00,0.00,1.1,0.9,1.1,0.9
318,230,2,1,1,1,1.00,0.00,1.1,0.9,1.1,0.9
319,230,1,1,1,1,1.00,0.00,1.1,0.9,1.1,0.9
320,230,1,1,1,1,1.00,0.00,1.1,0.9,1.1,0.9
321,230,2,1,1,1,1.00,0.00,1.1,0.9,1.1,0.9
322,230,2,1,1,1,1.00,0.00,1.1,0.9,1.1,0.9
323,230,2,1,1,1,1.00,0.00,1.1,0.9,1.1,0.9
324,230,1,1,1,1,1.00,0.00,1.1,0.9,1.1,0.9
325,230,1,1,1,1,1.00,0.00,1.1,0.9,1.1,0.9
]; 
all_busName96 = [   ' 101 ';  ' 102 ';  ' 103 ';  ' 104 ';  ' 105 ';  ' 106 ';  ' 107 ';  ' 108 ';  ' 109 ';  ' 110 ';  ' 111 ';  ' 112 ';  ' 113 ';  ' 114 ';  ' 115 ';  ' 116 ';  ' 117 ';  ' 118 ';  ' 119 ';  ' 120 ';  ' 121 ';  ' 122 ';  ' 123 ';  ' 124 ';  ' 201 ';  ' 202 ';  ' 203 ';  ' 204 ';  ' 205 ';  ' 206 ';  ' 207 ';  ' 208 ';  ' 209 ';  ' 210 ';  ' 211 ';  ' 212 ';  ' 213 ';  ' 214 ';  ' 215 ';  ' 216 ';  ' 217 ';  ' 218 ';  ' 219 ';  ' 220 ';  ' 221 ';  ' 222 ';  ' 223 ';  ' 224 ';  ' 301 ';  ' 302 ';  ' 303 ';  ' 304 ';  ' 305 ';  ' 306 ';  ' 307 ';  ' 308 ';  ' 309 ';  ' 310 ';  ' 311 ';  ' 312 ';  ' 313 ';  ' 314 ';  ' 315 ';  ' 316 ';  ' 317 ';  ' 318 ';  ' 319 ';  ' 320 ';  ' 321 ';  ' 322 ';  ' 323 ';  ' 324 ';  ' 325 '; ];
%% RTS 96 System Load Data %% 
all_loaddata96 = [ 
101,1,11,11,70.66327660345304,16.02604214845151,0.0,0.0,0.0,0.0,1,1,0
102,1,11,12,85.58294096137416,15.20384493853524,0.0,0.0,0.0,0.0,1,1,0
103,1,11,11,156.08408627779878,30.41859400821081,0.0,0.0,0.0,0.0,1,1,0
104,1,11,11,54.75274365910124,9.397869857603219,0.0,0.0,0.0,0.0,1,1,0
105,1,11,11,35.32411099671247,7.559716567709483,0.0,0.0,0.0,0.0,1,1,0
106,1,11,12,71.80522738381549,20.0915249747213,0.0,0.0,0.0,0.0,1,1,0
107,1,11,12,99.07961807795219,19.342919799580702,0.0,0.0,0.0,0.0,1,1,0
108,1,11,12,133.93240813143532,19.320752791783537,0.0,0.0,0.0,0.0,1,1,0
109,1,11,13,100.43681148437668,30.162062554787656,0.0,0.0,0.0,0.0,1,1,0
110,1,11,13,125.44715321885515,33.083549893643706,0.0,0.0,0.0,0.0,1,1,0
111,1,11,13,0.0,0.0,0.0,0.0,0.0,0.0,1,1,0
112,1,11,13,0.0,0.0,0.0,0.0,0.0,0.0,1,1,0
113,1,12,14,158.09757455146826,45.52551208653264,0.0,0.0,0.0,0.0,1,1,0
114,1,12,16,131.69458350073967,31.35833408937324,0.0,0.0,0.0,0.0,1,1,0
115,1,12,16,238.3114063011469,31.65507282284796,0.0,0.0,0.0,0.0,1,1,0
116,1,12,16,84.94933568460401,11.469489970349706,0.0,0.0,0.0,0.0,1,1,0
117,1,12,17,0.0,0.0,0.0,0.0,0.0,0.0,1,1,0
118,1,12,17,163.64084005381144,59.78866235396862,0.0,0.0,0.0,0.0,1,1,0
119,1,12,15,160.83868214731893,33.167641997306745,0.0,0.0,0.0,0.0,1,1,0
120,1,12,15,92.40424010689259,19.46426747519737,0.0,0.0,0.0,0.0,1,1,0
121,1,12,17,0.0,0.0,0.0,0.0,0.0,0.0,1,1,0
122,1,12,17,0.0,0.0,0.0,0.0,0.0,0.0,1,1,0
123,1,12,15,0.0,0.0,0.0,0.0,0.0,0.0,1,1,0
124,1,12,16,0.0,0.0,0.0,0.0,0.0,0.0,1,1,0
201,1,21,21,91.31959882899093,18.68137242845362,0.0,0.0,0.0,0.0,1,1,0
202,1,21,22,83.78880741810445,17.146345011270604,0.0,0.0,0.0,0.0,1,1,0
203,1,21,21,139.00659248863812,20.65520412033638,0.0,0.0,0.0,0.0,1,1,0
204,1,21,21,43.84788302769726,10.919744535660836,0.0,0.0,0.0,0.0,1,1,0
205,1,21,21,63.02628014887786,9.805240949981007,0.0,0.0,0.0,0.0,1,1,0
206,1,21,22,106.02871008699462,23.40610274951253,0.0,0.0,0.0,0.0,1,1,0
207,1,21,22,85.38991389826988,16.70944420388667,0.0,0.0,0.0,0.0,1,1,0
208,1,21,22,83.55050594679945,18.571464002741266,0.0,0.0,0.0,0.0,1,1,0
209,1,21,23,120.00032746675309,21.03137708061431,0.0,0.0,0.0,0.0,1,1,0
210,1,21,23,148.71978271672083,21.45876892382651,0.0,0.0,0.0,0.0,1,1,0
211,1,21,23,0.0,0.0,0.0,0.0,0.0,0.0,1,1,0
212,1,21,23,0.0,0.0,0.0,0.0,0.0,0.0,1,1,0
213,1,22,24,147.53968216202804,39.19393969098134,0.0,0.0,0.0,0.0,1,1,0
214,1,22,26,148.27588367078695,22.652251901666354,0.0,0.0,0.0,0.0,1,1,0
215,1,22,26,283.77545320541907,54.494429182550306,0.0,0.0,0.0,0.0,1,1,0
216,1,22,26,63.635257035205136,14.810187133451924,0.0,0.0,0.0,0.0,1,1,0
217,1,22,27,0.0,0.0,0.0,0.0,0.0,0.0,1,1,0
218,1,22,27,296.4216822400984,49.10094706617371,0.0,0.0,0.0,0.0,1,1,0
219,1,22,25,89.4220171411355,26.924489112829278,0.0,0.0,0.0,0.0,1,1,0
220,1,22,25,69.37587677736282,13.931914586895424,0.0,0.0,0.0,0.0,1,1,0
221,1,22,27,0.0,0.0,0.0,0.0,0.0,0.0,1,1,0
222,1,22,27,0.0,0.0,0.0,0.0,0.0,0.0,1,1,0
223,1,22,25,0.0,0.0,0.0,0.0,0.0,0.0,1,1,0
224,1,22,26,0.0,0.0,0.0,0.0,0.0,0.0,1,1,0
301,1,31,31,64.86800093467477,18.84840475509837,0.0,0.0,0.0,0.0,1,1,0
302,1,31,32,52.543567512706154,12.666290451482869,0.0,0.0,0.0,0.0,1,1,0
303,1,31,31,105.58755388379002,20.156733711206257,0.0,0.0,0.0,0.0,1,1,0
304,1,31,31,46.10159053612975,7.470150773726636,0.0,0.0,0.0,0.0,1,1,0
305,1,31,31,57.81833070677701,10.336216517105418,0.0,0.0,0.0,0.0,1,1,0
306,1,31,32,101.9477945330769,15.209997918597422,0.0,0.0,0.0,0.0,1,1,0
307,1,31,32,103.97986296483431,14.143628060657063,0.0,0.0,0.0,0.0,1,1,0
308,1,31,32,137.66405541302507,18.41638875784096,0.0,0.0,0.0,0.0,1,1,0
309,1,31,33,144.72579597176636,27.88353177430909,0.0,0.0,0.0,0.0,1,1,0
310,1,31,33,132.26120446940604,34.77745091122761,0.0,0.0,0.0,0.0,1,1,0
311,1,31,33,0.0,0.0,0.0,0.0,0.0,0.0,1,1,0
312,1,31,33,0.0,0.0,0.0,0.0,0.0,0.0,1,1,0
313,1,32,34,163.91403150711582,30.69969126687515,0.0,0.0,0.0,0.0,1,1,0
314,1,32,36,123.24122420485124,33.50533168671951,0.0,0.0,0.0,0.0,1,1,0
315,1,32,36,223.60266715083412,38.04000457535684,0.0,0.0,0.0,0.0,1,1,0
