% From Raw File 
%% RTS 96 System Bus Data %% 
all_busdata96 = [ 
101,138,2,1,1,1,1.00,0.00,1.1,0.9,1.1,0.9
102,138,2,1,1,1,1.00,0.00,1.1,0.9,1.1,0.9
103,138,1,1,1,1,1.00,0.00,1.1,0.9,1.1,0.9
104,138,1,1,1,1,1.00,0.00,1.1,0.9,1.1,0.9
105,138,1,1,1,1,1.00,0.00,1.1,0.9,1.1,0.9
106,138,1,1,1,1,1.00,0.00,1.1,0.9,1.1,0.9
107,138,2,1,1,1,1.00,0.00,1.1,0.9,1.1,0.9
108,138,1,1,1,1,1.00,0.00,1.1,0.9,1.1,0.9
109,138,1,1,1,1,1.00,0.00,1.1,0.9,1.1,0.9
110,138,1,1,1,1,1.00,0.00,1.1,0.9,1.1,0.9
111,230,1,1,1,1,1.00,0.00,1.1,0.9,1.1,0.9
112,230,1,1,1,1,1.00,0.00,1.1,0.9,1.1,0.9
113,230,3,1,1,1,1.00,0.00,1.1,0.9,1.1,0.9
114,230,2,1,1,1,1.00,0.00,1.1,0.9,1.1,0.9
115,230,2,1,1,1,1.00,0.00,1.1,0.9,1.1,0.9
116,230,2,1,1,1,1.00,0.00,1.1,0.9,1.1,0.9
117,230,1,1,1,1,1.00,0.00,1.1,0.9,1.1,0.9
118,230,2,1,1,1,1.00,0.00,1.1,0.9,1.1,0.9
119,230,1,1,1,1,1.00,0.00,1.1,0.9,1.1,0.9
120,230,1,1,1,1,1.00,0.00,1.1,0.9,1.1,0.9
121,230,2,1,1,1,1.00,0.00,1.1,0.9,1.1,0.9
122,230,2,1,1,1,1.00,0.00,1.1,0.9,1.1,0.9
123,230,2,1,1,1,1.00,0.00,1.1,0.9,1.1,0.9
124,230,1,1,1,1,1.00,0.00,1.1,0.9,1.1,0.9
201,138,2,1,1,1,1.00,0.00,1.1,0.9,1.1,0.9
202,138,2,1,1,1,1.00,0.00,1.1,0.9,1.1,0.9
203,138,1,1,1,1,1.00,0.00,1.1,0.9,1.1,0.9
204,138,1,1,1,1,1.00,0.00,1.1,0.9,1.1,0.9
205,138,1,1,1,1,1.00,0.00,1.1,0.9,1.1,0.9
206,138,1,1,1,1,1.00,0.00,1.1,0.9,1.1,0.9
207,138,2,1,1,1,1.00,0.00,1.1,0.9,1.1,0.9
208,138,1,1,1,1,1.00,0.00,1.1,0.9,1.1,0.9
209,138,1,1,1,1,1.00,0.00,1.1,0.9,1.1,0.9
210,138,1,1,1,1,1.00,0.00,1.1,0.9,1.1,0.9
211,230,1,1,1,1,1.00,0.00,1.1,0.9,1.1,0.9
212,230,1,1,1,1,1.00,0.00,1.1,0.9,1.1,0.9
213,230,2,1,1,1,1.00,0.00,1.1,0.9,1.1,0.9
214,230,2,1,1,1,1.00,0.00,1.1,0.9,1.1,0.9
215,230,2,1,1,1,1.00,0.00,1.1,0.9,1.1,0.9
216,230,2,1,1,1,1.00,0.00,1.1,0.9,1.1,0.9
217,230,1,1,1,1,1.00,0.00,1.1,0.9,1.1,0.9
218,230,2,1,1,1,1.00,0.00,1.1,0.9,1.1,0.9
219,230,1,1,1,1,1.00,0.00,1.1,0.9,1.1,0.9
220,230,1,1,1,1,1.00,0.00,1.1,0.9,1.1,0.9
221,230,2,1,1,1,1.00,0.00,1.1,0.9,1.1,0.9
222,230,2,1,1,1,1.00,0.00,1.1,0.9,1.1,0.9
223,230,2,1,1,1,1.00,0.00,1.1,0.9,1.1,0.9
224,230,1,1,1,1,1.00,0.00,1.1,0.9,1.1,0.9
301,138,2,1,1,1,1.00,0.00,1.1,0.9,1.1,0.9
302,138,2,1,1,1,1.00,0.00,1.1,0.9,1.1,0.9
303,138,1,1,1,1,1.00,0.00,1.1,0.9,1.1,0.9
304,138,1,1,1,1,1.00,0.00,1.1,0.9,1.1,0.9
305,138,1,1,1,1,1.00,0.00,1.1,0.9,1.1,0.9
306,138,1,1,1,1,1.00,0.00,1.1,0.9,1.1,0.9
307,138,2,1,1,1,1.00,0.00,1.1,0.9,1.1,0.9
308,138,1,1,1,1,1.00,0.00,1.1,0.9,1.1,0.9
309,138,1,1,1,1,1.00,0.00,1.1,0.9,1.1,0.9
310,138,1,1,1,1,1.00,0.00,1.1,0.9,1.1,0.9
311,230,1,1,1,1,1.00,0.00,1.1,0.9,1.1,0.9
312,230,1,1,1,1,1.00,0.00,1.1,0.9,1.1,0.9
313,230,2,1,1,1,1.00,0.00,1.1,0.9,1.1,0.9
314,230,2,1,1,1,1.00,0.00,1.1,0.9,1.1,0.9
315,230,2,1,1,1,1.00,0.00,1.1,0.9,1.1,0.9
316,230,2,1,1,1,1.00,0.00,1.1,0.9,1.1,0.9
317,230,1,1,1,1,1.00,0.00,1.1,0.9,1.1,0.9
318,230,2,1,1,1,1.00,0.00,1.1,0.9,1.1,0.9
319,230,1,1,1,1,1.00,0.00,1.1,0.9,1.1,0.9
320,230,1,1,1,1,1.00,0.00,1.1,0.9,1.1,0.9
321,230,2,1,1,1,1.00,0.00,1.1,0.9,1.1,0.9
322,230,2,1,1,1,1.00,0.00,1.1,0.9,1.1,0.9
323,230,2,1,1,1,1.00,0.00,1.1,0.9,1.1,0.9
324,230,1,1,1,1,1.00,0.00,1.1,0.9,1.1,0.9
325,230,1,1,1,1,1.00,0.00,1.1,0.9,1.1,0.9
]; 
all_busName96 = [   ' 101 ';  ' 102 ';  ' 103 ';  ' 104 ';  ' 105 ';  ' 106 ';  ' 107 ';  ' 108 ';  ' 109 ';  ' 110 ';  ' 111 ';  ' 112 ';  ' 113 ';  ' 114 ';  ' 115 ';  ' 116 ';  ' 117 ';  ' 118 ';  ' 119 ';  ' 120 ';  ' 121 ';  ' 122 ';  ' 123 ';  ' 124 ';  ' 201 ';  ' 202 ';  ' 203 ';  ' 204 ';  ' 205 ';  ' 206 ';  ' 207 ';  ' 208 ';  ' 209 ';  ' 210 ';  ' 211 ';  ' 212 ';  ' 213 ';  ' 214 ';  ' 215 ';  ' 216 ';  ' 217 ';  ' 218 ';  ' 219 ';  ' 220 ';  ' 221 ';  ' 222 ';  ' 223 ';  ' 224 ';  ' 301 ';  ' 302 ';  ' 303 ';  ' 304 ';  ' 305 ';  ' 306 ';  ' 307 ';  ' 308 ';  ' 309 ';  ' 310 ';  ' 311 ';  ' 312 ';  ' 313 ';  ' 314 ';  ' 315 ';  ' 316 ';  ' 317 ';  ' 318 ';  ' 319 ';  ' 320 ';  ' 321 ';  ' 322 ';  ' 323 ';  ' 324 ';  ' 325 '; ];
%% RTS 96 System Load Data %% 
all_loaddata96 = [ 
101,1,11,11,87.8576169126341,15.09211173305344,0.0,0.0,0.0,0.0,1,1,0
102,1,11,12,61.14179960592916,12.181070092068985,0.0,0.0,0.0,0.0,1,1,0
103,1,11,11,135.50944735609832,24.528120830919548,0.0,0.0,0.0,0.0,1,1,0
104,1,11,11,36.2470754140092,13.09741039779014,0.0,0.0,0.0,0.0,1,1,0
105,1,11,11,58.88581522990201,8.452878838799055,0.0,0.0,0.0,0.0,1,1,0
106,1,11,12,69.62272362745217,15.562687269899994,0.0,0.0,0.0,0.0,1,1,0
107,1,11,12,110.7797526222188,21.567414148104145,0.0,0.0,0.0,0.0,1,1,0
108,1,11,12,133.87767209221073,19.784074681412193,0.0,0.0,0.0,0.0,1,1,0
109,1,11,13,128.9427852109191,26.542084838754686,0.0,0.0,0.0,0.0,1,1,0
110,1,11,13,107.72051920653017,22.718660885469983,0.0,0.0,0.0,0.0,1,1,0
111,1,11,13,0.0,0.0,0.0,0.0,0.0,0.0,1,1,0
112,1,11,13,0.0,0.0,0.0,0.0,0.0,0.0,1,1,0
113,1,12,14,233.20559501609583,38.92687057670848,0.0,0.0,0.0,0.0,1,1,0
114,1,12,16,141.54833538211977,27.589266514913504,0.0,0.0,0.0,0.0,1,1,0
115,1,12,16,229.67200291122433,56.74256104682385,0.0,0.0,0.0,0.0,1,1,0
116,1,12,16,89.89715968860314,12.912835642296821,0.0,0.0,0.0,0.0,1,1,0
117,1,12,17,0.0,0.0,0.0,0.0,0.0,0.0,1,1,0
118,1,12,17,172.22656276280264,37.417774270484784,0.0,0.0,0.0,0.0,1,1,0
119,1,12,15,125.4913863140353,18.685619755659808,0.0,0.0,0.0,0.0,1,1,0
120,1,12,15,96.44121230276225,17.127317238605677,0.0,0.0,0.0,0.0,1,1,0
121,1,12,17,0.0,0.0,0.0,0.0,0.0,0.0,1,1,0
122,1,12,17,0.0,0.0,0.0,0.0,0.0,0.0,1,1,0
123,1,12,15,0.0,0.0,0.0,0.0,0.0,0.0,1,1,0
124,1,12,16,0.0,0.0,0.0,0.0,0.0,0.0,1,1,0
201,1,21,21,77.69925327255315,16.584793437743837,0.0,0.0,0.0,0.0,1,1,0
202,1,21,22,76.10862792317542,11.175254805131814,0.0,0.0,0.0,0.0,1,1,0
203,1,21,21,88.68019542912393,29.130994804615387,0.0,0.0,0.0,0.0,1,1,0
204,1,21,21,43.404779582800714,8.37719235158502,0.0,0.0,0.0,0.0,1,1,0
205,1,21,21,41.96104506993313,11.015685521275085,0.0,0.0,0.0,0.0,1,1,0
206,1,21,22,86.71045924475604,22.91801025494803,0.0,0.0,0.0,0.0,1,1,0
207,1,21,22,110.00826906805742,13.848454729743533,0.0,0.0,0.0,0.0,1,1,0
208,1,21,22,100.49015831993096,27.315409369646805,0.0,0.0,0.0,0.0,1,1,0
209,1,21,23,141.254459831781,22.422320115608162,0.0,0.0,0.0,0.0,1,1,0
210,1,21,23,147.29794878324654,25.714037863997742,0.0,0.0,0.0,0.0,1,1,0
211,1,21,23,0.0,0.0,0.0,0.0,0.0,0.0,1,1,0
212,1,21,23,0.0,0.0,0.0,0.0,0.0,0.0,1,1,0
213,1,22,24,219.56516768560257,26.217045243043167,0.0,0.0,0.0,0.0,1,1,0
214,1,22,26,117.95553052359253,27.91247798103425,0.0,0.0,0.0,0.0,1,1,0
215,1,22,26,268.45801061520456,43.41721008237898,0.0,0.0,0.0,0.0,1,1,0
216,1,22,26,85.5715663800761,14.469457624942995,0.0,0.0,0.0,0.0,1,1,0
217,1,22,27,0.0,0.0,0.0,0.0,0.0,0.0,1,1,0
218,1,22,27,258.1193302471929,45.552662803521756,0.0,0.0,0.0,0.0,1,1,0
219,1,22,25,140.02072333302777,32.483305653843004,0.0,0.0,0.0,0.0,1,1,0
220,1,22,25,103.17620548912882,22.3973005319316,0.0,0.0,0.0,0.0,1,1,0
221,1,22,27,0.0,0.0,0.0,0.0,0.0,0.0,1,1,0
222,1,22,27,0.0,0.0,0.0,0.0,0.0,0.0,1,1,0
223,1,22,25,0.0,0.0,0.0,0.0,0.0,0.0,1,1,0
224,1,22,26,0.0,0.0,0.0,0.0,0.0,0.0,1,1,0
301,1,31,31,73.42693531441613,12.018930041129607,0.0,0.0,0.0,0.0,1,1,0
302,1,31,32,49.483278999371734,11.80214915472362,0.0,0.0,0.0,0.0,1,1,0
303,1,31,31,101.99657742962893,25.227762446211045,0.0,0.0,0.0,0.0,1,1,0
304,1,31,31,57.94937973635076,7.365123247558017,0.0,0.0,0.0,0.0,1,1,0
305,1,31,31,63.71928789165882,8.655462451350967,0.0,0.0,0.0,0.0,1,1,0
306,1,31,32,89.86311097593047,20.040978124900906,0.0,0.0,0.0,0.0,1,1,0
307,1,31,32,100.65685554769006,19.95407563581015,0.0,0.0,0.0,0.0,1,1,0
308,1,31,32,95.28232819533194,20.766781733047914,0.0,0.0,0.0,0.0,1,1,0
309,1,31,33,155.79394097107811,21.027748319623992,0.0,0.0,0.0,0.0,1,1,0
310,1,31,33,122.95382901523705,29.540690402593462,0.0,0.0,0.0,0.0,1,1,0
311,1,31,33,0.0,0.0,0.0,0.0,0.0,0.0,1,1,0
312,1,31,33,0.0,0.0,0.0,0.0,0.0,0.0,1,1,0
313,1,32,34,166.77154376798566,45.30783731445093,0.0,0.0,0.0,0.0,1,1,0
314,1,32,36,118.35808227301156,31.375559475939582,0.0,0.0,0.0,0.0,1,1,0
315,1,32,36,234.1492491066104,36.79779751021564,0.0,0.0,0.0,0.0,1,1,0
