% From Raw File 
%% RTS 96 System Bus Data %% 
all_busdata96 = [ 
101,138,2,1,1,1,1.00,0.00,1.1,0.9,1.1,0.9
102,138,2,1,1,1,1.00,0.00,1.1,0.9,1.1,0.9
103,138,1,1,1,1,1.00,0.00,1.1,0.9,1.1,0.9
104,138,1,1,1,1,1.00,0.00,1.1,0.9,1.1,0.9
105,138,1,1,1,1,1.00,0.00,1.1,0.9,1.1,0.9
106,138,1,1,1,1,1.00,0.00,1.1,0.9,1.1,0.9
107,138,2,1,1,1,1.00,0.00,1.1,0.9,1.1,0.9
108,138,1,1,1,1,1.00,0.00,1.1,0.9,1.1,0.9
109,138,1,1,1,1,1.00,0.00,1.1,0.9,1.1,0.9
110,138,1,1,1,1,1.00,0.00,1.1,0.9,1.1,0.9
111,230,1,1,1,1,1.00,0.00,1.1,0.9,1.1,0.9
112,230,1,1,1,1,1.00,0.00,1.1,0.9,1.1,0.9
113,230,3,1,1,1,1.00,0.00,1.1,0.9,1.1,0.9
114,230,2,1,1,1,1.00,0.00,1.1,0.9,1.1,0.9
115,230,2,1,1,1,1.00,0.00,1.1,0.9,1.1,0.9
116,230,2,1,1,1,1.00,0.00,1.1,0.9,1.1,0.9
117,230,1,1,1,1,1.00,0.00,1.1,0.9,1.1,0.9
118,230,2,1,1,1,1.00,0.00,1.1,0.9,1.1,0.9
119,230,1,1,1,1,1.00,0.00,1.1,0.9,1.1,0.9
120,230,1,1,1,1,1.00,0.00,1.1,0.9,1.1,0.9
121,230,2,1,1,1,1.00,0.00,1.1,0.9,1.1,0.9
122,230,2,1,1,1,1.00,0.00,1.1,0.9,1.1,0.9
123,230,2,1,1,1,1.00,0.00,1.1,0.9,1.1,0.9
124,230,1,1,1,1,1.00,0.00,1.1,0.9,1.1,0.9
201,138,2,1,1,1,1.00,0.00,1.1,0.9,1.1,0.9
202,138,2,1,1,1,1.00,0.00,1.1,0.9,1.1,0.9
203,138,1,1,1,1,1.00,0.00,1.1,0.9,1.1,0.9
204,138,1,1,1,1,1.00,0.00,1.1,0.9,1.1,0.9
205,138,1,1,1,1,1.00,0.00,1.1,0.9,1.1,0.9
206,138,1,1,1,1,1.00,0.00,1.1,0.9,1.1,0.9
207,138,2,1,1,1,1.00,0.00,1.1,0.9,1.1,0.9
208,138,1,1,1,1,1.00,0.00,1.1,0.9,1.1,0.9
209,138,1,1,1,1,1.00,0.00,1.1,0.9,1.1,0.9
210,138,1,1,1,1,1.00,0.00,1.1,0.9,1.1,0.9
211,230,1,1,1,1,1.00,0.00,1.1,0.9,1.1,0.9
212,230,1,1,1,1,1.00,0.00,1.1,0.9,1.1,0.9
213,230,2,1,1,1,1.00,0.00,1.1,0.9,1.1,0.9
214,230,2,1,1,1,1.00,0.00,1.1,0.9,1.1,0.9
215,230,2,1,1,1,1.00,0.00,1.1,0.9,1.1,0.9
216,230,2,1,1,1,1.00,0.00,1.1,0.9,1.1,0.9
217,230,1,1,1,1,1.00,0.00,1.1,0.9,1.1,0.9
218,230,2,1,1,1,1.00,0.00,1.1,0.9,1.1,0.9
219,230,1,1,1,1,1.00,0.00,1.1,0.9,1.1,0.9
220,230,1,1,1,1,1.00,0.00,1.1,0.9,1.1,0.9
221,230,2,1,1,1,1.00,0.00,1.1,0.9,1.1,0.9
222,230,2,1,1,1,1.00,0.00,1.1,0.9,1.1,0.9
223,230,2,1,1,1,1.00,0.00,1.1,0.9,1.1,0.9
224,230,1,1,1,1,1.00,0.00,1.1,0.9,1.1,0.9
301,138,2,1,1,1,1.00,0.00,1.1,0.9,1.1,0.9
302,138,2,1,1,1,1.00,0.00,1.1,0.9,1.1,0.9
303,138,1,1,1,1,1.00,0.00,1.1,0.9,1.1,0.9
304,138,1,1,1,1,1.00,0.00,1.1,0.9,1.1,0.9
305,138,1,1,1,1,1.00,0.00,1.1,0.9,1.1,0.9
306,138,1,1,1,1,1.00,0.00,1.1,0.9,1.1,0.9
307,138,2,1,1,1,1.00,0.00,1.1,0.9,1.1,0.9
308,138,1,1,1,1,1.00,0.00,1.1,0.9,1.1,0.9
309,138,1,1,1,1,1.00,0.00,1.1,0.9,1.1,0.9
310,138,1,1,1,1,1.00,0.00,1.1,0.9,1.1,0.9
311,230,1,1,1,1,1.00,0.00,1.1,0.9,1.1,0.9
312,230,1,1,1,1,1.00,0.00,1.1,0.9,1.1,0.9
313,230,2,1,1,1,1.00,0.00,1.1,0.9,1.1,0.9
314,230,2,1,1,1,1.00,0.00,1.1,0.9,1.1,0.9
315,230,2,1,1,1,1.00,0.00,1.1,0.9,1.1,0.9
316,230,2,1,1,1,1.00,0.00,1.1,0.9,1.1,0.9
317,230,1,1,1,1,1.00,0.00,1.1,0.9,1.1,0.9
318,230,2,1,1,1,1.00,0.00,1.1,0.9,1.1,0.9
319,230,1,1,1,1,1.00,0.00,1.1,0.9,1.1,0.9
320,230,1,1,1,1,1.00,0.00,1.1,0.9,1.1,0.9
321,230,2,1,1,1,1.00,0.00,1.1,0.9,1.1,0.9
322,230,2,1,1,1,1.00,0.00,1.1,0.9,1.1,0.9
323,230,2,1,1,1,1.00,0.00,1.1,0.9,1.1,0.9
324,230,1,1,1,1,1.00,0.00,1.1,0.9,1.1,0.9
325,230,1,1,1,1,1.00,0.00,1.1,0.9,1.1,0.9
]; 
all_busName96 = [   ' 101 ';  ' 102 ';  ' 103 ';  ' 104 ';  ' 105 ';  ' 106 ';  ' 107 ';  ' 108 ';  ' 109 ';  ' 110 ';  ' 111 ';  ' 112 ';  ' 113 ';  ' 114 ';  ' 115 ';  ' 116 ';  ' 117 ';  ' 118 ';  ' 119 ';  ' 120 ';  ' 121 ';  ' 122 ';  ' 123 ';  ' 124 ';  ' 201 ';  ' 202 ';  ' 203 ';  ' 204 ';  ' 205 ';  ' 206 ';  ' 207 ';  ' 208 ';  ' 209 ';  ' 210 ';  ' 211 ';  ' 212 ';  ' 213 ';  ' 214 ';  ' 215 ';  ' 216 ';  ' 217 ';  ' 218 ';  ' 219 ';  ' 220 ';  ' 221 ';  ' 222 ';  ' 223 ';  ' 224 ';  ' 301 ';  ' 302 ';  ' 303 ';  ' 304 ';  ' 305 ';  ' 306 ';  ' 307 ';  ' 308 ';  ' 309 ';  ' 310 ';  ' 311 ';  ' 312 ';  ' 313 ';  ' 314 ';  ' 315 ';  ' 316 ';  ' 317 ';  ' 318 ';  ' 319 ';  ' 320 ';  ' 321 ';  ' 322 ';  ' 323 ';  ' 324 ';  ' 325 '; ];
%% RTS 96 System Load Data %% 
all_loaddata96 = [ 
101,1,11,11,61.110411434291855,18.346411906283166,0.0,0.0,0.0,0.0,1,1,0
102,1,11,12,80.61835087899054,12.793632112163118,0.0,0.0,0.0,0.0,1,1,0
103,1,11,11,104.61596834412495,23.900250644058872,0.0,0.0,0.0,0.0,1,1,0
104,1,11,11,47.358876610054445,12.102041424797383,0.0,0.0,0.0,0.0,1,1,0
105,1,11,11,53.40128060488268,9.619217555006035,0.0,0.0,0.0,0.0,1,1,0
106,1,11,12,82.359994522018,24.977140563838745,0.0,0.0,0.0,0.0,1,1,0
107,1,11,12,90.65929708558834,19.985415589318144,0.0,0.0,0.0,0.0,1,1,0
108,1,11,12,92.5668331143421,18.077288871006107,0.0,0.0,0.0,0.0,1,1,0
109,1,11,13,118.14791793350014,30.03286134838499,0.0,0.0,0.0,0.0,1,1,0
110,1,11,13,130.42717913632558,26.79691259151511,0.0,0.0,0.0,0.0,1,1,0
111,1,11,13,0.0,0.0,0.0,0.0,0.0,0.0,1,1,0
112,1,11,13,0.0,0.0,0.0,0.0,0.0,0.0,1,1,0
113,1,12,14,167.71368311731936,42.73889596170913,0.0,0.0,0.0,0.0,1,1,0
114,1,12,16,157.46776246087953,32.91019943385618,0.0,0.0,0.0,0.0,1,1,0
115,1,12,16,249.51256027271205,33.86905314956903,0.0,0.0,0.0,0.0,1,1,0
116,1,12,16,88.6310913451016,13.212031857225112,0.0,0.0,0.0,0.0,1,1,0
117,1,12,17,0.0,0.0,0.0,0.0,0.0,0.0,1,1,0
118,1,12,17,287.599324037356,37.01793525306265,0.0,0.0,0.0,0.0,1,1,0
119,1,12,15,96.17606213794649,23.618419909125844,0.0,0.0,0.0,0.0,1,1,0
120,1,12,15,90.33306832031607,12.838805937594081,0.0,0.0,0.0,0.0,1,1,0
121,1,12,17,0.0,0.0,0.0,0.0,0.0,0.0,1,1,0
122,1,12,17,0.0,0.0,0.0,0.0,0.0,0.0,1,1,0
123,1,12,15,0.0,0.0,0.0,0.0,0.0,0.0,1,1,0
124,1,12,16,0.0,0.0,0.0,0.0,0.0,0.0,1,1,0
201,1,21,21,64.90712670991681,16.554962984973752,0.0,0.0,0.0,0.0,1,1,0
202,1,21,22,77.39460730120638,12.670051984087563,0.0,0.0,0.0,0.0,1,1,0
203,1,21,21,93.35153375011123,27.08586255955654,0.0,0.0,0.0,0.0,1,1,0
204,1,21,21,54.878554753651656,7.366690182669321,0.0,0.0,0.0,0.0,1,1,0
205,1,21,21,48.85046200889158,10.895575697653927,0.0,0.0,0.0,0.0,1,1,0
206,1,21,22,90.5896567808535,18.729714860661886,0.0,0.0,0.0,0.0,1,1,0
207,1,21,22,99.43070484543568,17.135702387244674,0.0,0.0,0.0,0.0,1,1,0
208,1,21,22,125.38357097859854,22.406839812462216,0.0,0.0,0.0,0.0,1,1,0
209,1,21,23,128.14977949367835,24.214613282891552,0.0,0.0,0.0,0.0,1,1,0
210,1,21,23,97.884855030074,26.32721244008839,0.0,0.0,0.0,0.0,1,1,0
211,1,21,23,0.0,0.0,0.0,0.0,0.0,0.0,1,1,0
212,1,21,23,0.0,0.0,0.0,0.0,0.0,0.0,1,1,0
213,1,22,24,165.3540347373253,26.384389390889368,0.0,0.0,0.0,0.0,1,1,0
214,1,22,26,169.64226863427845,19.99962163598975,0.0,0.0,0.0,0.0,1,1,0
215,1,22,26,229.14647516736443,41.0518046911776,0.0,0.0,0.0,0.0,1,1,0
216,1,22,26,56.01512124553788,17.641569651011377,0.0,0.0,0.0,0.0,1,1,0
217,1,22,27,0.0,0.0,0.0,0.0,0.0,0.0,1,1,0
218,1,22,27,177.93564929033587,38.44380721004661,0.0,0.0,0.0,0.0,1,1,0
219,1,22,25,129.30025390197923,18.771569714338284,0.0,0.0,0.0,0.0,1,1,0
220,1,22,25,64.95231832526922,19.075133493937088,0.0,0.0,0.0,0.0,1,1,0
221,1,22,27,0.0,0.0,0.0,0.0,0.0,0.0,1,1,0
222,1,22,27,0.0,0.0,0.0,0.0,0.0,0.0,1,1,0
223,1,22,25,0.0,0.0,0.0,0.0,0.0,0.0,1,1,0
224,1,22,26,0.0,0.0,0.0,0.0,0.0,0.0,1,1,0
301,1,31,31,93.28582588699086,11.625765601847412,0.0,0.0,0.0,0.0,1,1,0
302,1,31,32,70.98988545102719,16.873235024568622,0.0,0.0,0.0,0.0,1,1,0
303,1,31,31,153.60192770049534,27.86765664803395,0.0,0.0,0.0,0.0,1,1,0
304,1,31,31,66.16282865852052,7.527018623295239,0.0,0.0,0.0,0.0,1,1,0
305,1,31,31,55.097710936184086,10.871473114049435,0.0,0.0,0.0,0.0,1,1,0
306,1,31,32,113.79536640271246,20.82491044141911,0.0,0.0,0.0,0.0,1,1,0
307,1,31,32,93.59660823286394,15.1150855402078,0.0,0.0,0.0,0.0,1,1,0
308,1,31,32,134.70285714418162,17.773446617684325,0.0,0.0,0.0,0.0,1,1,0
309,1,31,33,130.27178235520958,24.80059735745564,0.0,0.0,0.0,0.0,1,1,0
310,1,31,33,150.08382731788325,34.895288486815986,0.0,0.0,0.0,0.0,1,1,0
311,1,31,33,0.0,0.0,0.0,0.0,0.0,0.0,1,1,0
312,1,31,33,0.0,0.0,0.0,0.0,0.0,0.0,1,1,0
313,1,32,34,160.10050256595878,45.73426373738497,0.0,0.0,0.0,0.0,1,1,0
314,1,32,36,159.4447000647479,19.613462857368216,0.0,0.0,0.0,0.0,1,1,0
315,1,32,36,275.2928657724787,47.336162114050985,0.0,0.0,0.0,0.0,1,1,0
