% From Raw File 
%% RTS 96 System Bus Data %% 
all_busdata96 = [ 
101,138,2,1,1,1,1.00,0.00,1.1,0.9,1.1,0.9
102,138,2,1,1,1,1.00,0.00,1.1,0.9,1.1,0.9
103,138,1,1,1,1,1.00,0.00,1.1,0.9,1.1,0.9
104,138,1,1,1,1,1.00,0.00,1.1,0.9,1.1,0.9
105,138,1,1,1,1,1.00,0.00,1.1,0.9,1.1,0.9
106,138,1,1,1,1,1.00,0.00,1.1,0.9,1.1,0.9
107,138,2,1,1,1,1.00,0.00,1.1,0.9,1.1,0.9
108,138,1,1,1,1,1.00,0.00,1.1,0.9,1.1,0.9
109,138,1,1,1,1,1.00,0.00,1.1,0.9,1.1,0.9
110,138,1,1,1,1,1.00,0.00,1.1,0.9,1.1,0.9
111,230,1,1,1,1,1.00,0.00,1.1,0.9,1.1,0.9
112,230,1,1,1,1,1.00,0.00,1.1,0.9,1.1,0.9
113,230,3,1,1,1,1.00,0.00,1.1,0.9,1.1,0.9
114,230,2,1,1,1,1.00,0.00,1.1,0.9,1.1,0.9
115,230,2,1,1,1,1.00,0.00,1.1,0.9,1.1,0.9
116,230,2,1,1,1,1.00,0.00,1.1,0.9,1.1,0.9
117,230,1,1,1,1,1.00,0.00,1.1,0.9,1.1,0.9
118,230,2,1,1,1,1.00,0.00,1.1,0.9,1.1,0.9
119,230,1,1,1,1,1.00,0.00,1.1,0.9,1.1,0.9
120,230,1,1,1,1,1.00,0.00,1.1,0.9,1.1,0.9
121,230,2,1,1,1,1.00,0.00,1.1,0.9,1.1,0.9
122,230,2,1,1,1,1.00,0.00,1.1,0.9,1.1,0.9
123,230,2,1,1,1,1.00,0.00,1.1,0.9,1.1,0.9
124,230,1,1,1,1,1.00,0.00,1.1,0.9,1.1,0.9
201,138,2,1,1,1,1.00,0.00,1.1,0.9,1.1,0.9
202,138,2,1,1,1,1.00,0.00,1.1,0.9,1.1,0.9
203,138,1,1,1,1,1.00,0.00,1.1,0.9,1.1,0.9
204,138,1,1,1,1,1.00,0.00,1.1,0.9,1.1,0.9
205,138,1,1,1,1,1.00,0.00,1.1,0.9,1.1,0.9
206,138,1,1,1,1,1.00,0.00,1.1,0.9,1.1,0.9
207,138,2,1,1,1,1.00,0.00,1.1,0.9,1.1,0.9
208,138,1,1,1,1,1.00,0.00,1.1,0.9,1.1,0.9
209,138,1,1,1,1,1.00,0.00,1.1,0.9,1.1,0.9
210,138,1,1,1,1,1.00,0.00,1.1,0.9,1.1,0.9
211,230,1,1,1,1,1.00,0.00,1.1,0.9,1.1,0.9
212,230,1,1,1,1,1.00,0.00,1.1,0.9,1.1,0.9
213,230,2,1,1,1,1.00,0.00,1.1,0.9,1.1,0.9
214,230,2,1,1,1,1.00,0.00,1.1,0.9,1.1,0.9
215,230,2,1,1,1,1.00,0.00,1.1,0.9,1.1,0.9
216,230,2,1,1,1,1.00,0.00,1.1,0.9,1.1,0.9
217,230,1,1,1,1,1.00,0.00,1.1,0.9,1.1,0.9
218,230,2,1,1,1,1.00,0.00,1.1,0.9,1.1,0.9
219,230,1,1,1,1,1.00,0.00,1.1,0.9,1.1,0.9
220,230,1,1,1,1,1.00,0.00,1.1,0.9,1.1,0.9
221,230,2,1,1,1,1.00,0.00,1.1,0.9,1.1,0.9
222,230,2,1,1,1,1.00,0.00,1.1,0.9,1.1,0.9
223,230,2,1,1,1,1.00,0.00,1.1,0.9,1.1,0.9
224,230,1,1,1,1,1.00,0.00,1.1,0.9,1.1,0.9
301,138,2,1,1,1,1.00,0.00,1.1,0.9,1.1,0.9
302,138,2,1,1,1,1.00,0.00,1.1,0.9,1.1,0.9
303,138,1,1,1,1,1.00,0.00,1.1,0.9,1.1,0.9
304,138,1,1,1,1,1.00,0.00,1.1,0.9,1.1,0.9
305,138,1,1,1,1,1.00,0.00,1.1,0.9,1.1,0.9
306,138,1,1,1,1,1.00,0.00,1.1,0.9,1.1,0.9
307,138,2,1,1,1,1.00,0.00,1.1,0.9,1.1,0.9
308,138,1,1,1,1,1.00,0.00,1.1,0.9,1.1,0.9
309,138,1,1,1,1,1.00,0.00,1.1,0.9,1.1,0.9
310,138,1,1,1,1,1.00,0.00,1.1,0.9,1.1,0.9
311,230,1,1,1,1,1.00,0.00,1.1,0.9,1.1,0.9
312,230,1,1,1,1,1.00,0.00,1.1,0.9,1.1,0.9
313,230,2,1,1,1,1.00,0.00,1.1,0.9,1.1,0.9
314,230,2,1,1,1,1.00,0.00,1.1,0.9,1.1,0.9
315,230,2,1,1,1,1.00,0.00,1.1,0.9,1.1,0.9
316,230,2,1,1,1,1.00,0.00,1.1,0.9,1.1,0.9
317,230,1,1,1,1,1.00,0.00,1.1,0.9,1.1,0.9
318,230,2,1,1,1,1.00,0.00,1.1,0.9,1.1,0.9
319,230,1,1,1,1,1.00,0.00,1.1,0.9,1.1,0.9
320,230,1,1,1,1,1.00,0.00,1.1,0.9,1.1,0.9
321,230,2,1,1,1,1.00,0.00,1.1,0.9,1.1,0.9
322,230,2,1,1,1,1.00,0.00,1.1,0.9,1.1,0.9
323,230,2,1,1,1,1.00,0.00,1.1,0.9,1.1,0.9
324,230,1,1,1,1,1.00,0.00,1.1,0.9,1.1,0.9
325,230,1,1,1,1,1.00,0.00,1.1,0.9,1.1,0.9
]; 
all_busName96 = [   ' 101 ';  ' 102 ';  ' 103 ';  ' 104 ';  ' 105 ';  ' 106 ';  ' 107 ';  ' 108 ';  ' 109 ';  ' 110 ';  ' 111 ';  ' 112 ';  ' 113 ';  ' 114 ';  ' 115 ';  ' 116 ';  ' 117 ';  ' 118 ';  ' 119 ';  ' 120 ';  ' 121 ';  ' 122 ';  ' 123 ';  ' 124 ';  ' 201 ';  ' 202 ';  ' 203 ';  ' 204 ';  ' 205 ';  ' 206 ';  ' 207 ';  ' 208 ';  ' 209 ';  ' 210 ';  ' 211 ';  ' 212 ';  ' 213 ';  ' 214 ';  ' 215 ';  ' 216 ';  ' 217 ';  ' 218 ';  ' 219 ';  ' 220 ';  ' 221 ';  ' 222 ';  ' 223 ';  ' 224 ';  ' 301 ';  ' 302 ';  ' 303 ';  ' 304 ';  ' 305 ';  ' 306 ';  ' 307 ';  ' 308 ';  ' 309 ';  ' 310 ';  ' 311 ';  ' 312 ';  ' 313 ';  ' 314 ';  ' 315 ';  ' 316 ';  ' 317 ';  ' 318 ';  ' 319 ';  ' 320 ';  ' 321 ';  ' 322 ';  ' 323 ';  ' 324 ';  ' 325 '; ];
%% RTS 96 System Load Data %% 
all_loaddata96 = [ 
101,1,11,11,95.9576331217043,17.85163174047433,0.0,0.0,0.0,0.0,1,1,0
102,1,11,12,54.769562996627386,11.772159559995867,0.0,0.0,0.0,0.0,1,1,0
103,1,11,11,151.41937024617846,29.53646826299079,0.0,0.0,0.0,0.0,1,1,0
104,1,11,11,51.47113757771635,7.851430777837754,0.0,0.0,0.0,0.0,1,1,0
105,1,11,11,58.10204924946232,9.326930126055144,0.0,0.0,0.0,0.0,1,1,0
106,1,11,12,89.84282927509658,18.90263486778103,0.0,0.0,0.0,0.0,1,1,0
107,1,11,12,85.09972039113636,13.200890715698478,0.0,0.0,0.0,0.0,1,1,0
108,1,11,12,106.07943191214419,22.252763876653276,0.0,0.0,0.0,0.0,1,1,0
109,1,11,13,93.74874123600544,19.22801699965596,0.0,0.0,0.0,0.0,1,1,0
110,1,11,13,174.27235827712897,24.8503141555991,0.0,0.0,0.0,0.0,1,1,0
111,1,11,13,0.0,0.0,0.0,0.0,0.0,0.0,1,1,0
112,1,11,13,0.0,0.0,0.0,0.0,0.0,0.0,1,1,0
113,1,12,14,212.24463466954907,35.215647904257665,0.0,0.0,0.0,0.0,1,1,0
114,1,12,16,104.52894171453835,30.09594805320958,0.0,0.0,0.0,0.0,1,1,0
115,1,12,16,174.9119480327052,56.472743060240155,0.0,0.0,0.0,0.0,1,1,0
116,1,12,16,59.58284562264103,15.444415455107576,0.0,0.0,0.0,0.0,1,1,0
117,1,12,17,0.0,0.0,0.0,0.0,0.0,0.0,1,1,0
118,1,12,17,167.392301525646,44.74556823504679,0.0,0.0,0.0,0.0,1,1,0
119,1,12,15,92.10233319854848,28.99683018476539,0.0,0.0,0.0,0.0,1,1,0
120,1,12,15,64.36138551844954,17.595686205151118,0.0,0.0,0.0,0.0,1,1,0
121,1,12,17,0.0,0.0,0.0,0.0,0.0,0.0,1,1,0
122,1,12,17,0.0,0.0,0.0,0.0,0.0,0.0,1,1,0
123,1,12,15,0.0,0.0,0.0,0.0,0.0,0.0,1,1,0
124,1,12,16,0.0,0.0,0.0,0.0,0.0,0.0,1,1,0
201,1,21,21,88.23789065372105,19.32633731160555,0.0,0.0,0.0,0.0,1,1,0
202,1,21,22,70.71376294134348,10.668384127649478,0.0,0.0,0.0,0.0,1,1,0
203,1,21,21,122.13332685953657,19.819637826987307,0.0,0.0,0.0,0.0,1,1,0
204,1,21,21,66.24711644806014,12.887705733922775,0.0,0.0,0.0,0.0,1,1,0
205,1,21,21,47.034160372509064,8.650486903034338,0.0,0.0,0.0,0.0,1,1,0
206,1,21,22,115.14804220742026,22.46798244738076,0.0,0.0,0.0,0.0,1,1,0
207,1,21,22,103.96909218646469,14.828895295439287,0.0,0.0,0.0,0.0,1,1,0
208,1,21,22,142.74171731411064,24.847767635827186,0.0,0.0,0.0,0.0,1,1,0
209,1,21,23,152.248737425257,25.870654777246717,0.0,0.0,0.0,0.0,1,1,0
210,1,21,23,162.46753198977493,20.5080608078856,0.0,0.0,0.0,0.0,1,1,0
211,1,21,23,0.0,0.0,0.0,0.0,0.0,0.0,1,1,0
212,1,21,23,0.0,0.0,0.0,0.0,0.0,0.0,1,1,0
213,1,22,24,139.47786947668064,30.386618985635227,0.0,0.0,0.0,0.0,1,1,0
214,1,22,26,158.86121326004724,23.161491046357575,0.0,0.0,0.0,0.0,1,1,0
215,1,22,26,249.23598833973176,46.01021650524437,0.0,0.0,0.0,0.0,1,1,0
216,1,22,26,60.28713206696324,10.323390056675299,0.0,0.0,0.0,0.0,1,1,0
217,1,22,27,0.0,0.0,0.0,0.0,0.0,0.0,1,1,0
218,1,22,27,288.5210868424606,44.111031491029635,0.0,0.0,0.0,0.0,1,1,0
219,1,22,25,135.82686227918327,31.195061363147335,0.0,0.0,0.0,0.0,1,1,0
220,1,22,25,91.23984532828331,15.938080861631502,0.0,0.0,0.0,0.0,1,1,0
221,1,22,27,0.0,0.0,0.0,0.0,0.0,0.0,1,1,0
222,1,22,27,0.0,0.0,0.0,0.0,0.0,0.0,1,1,0
223,1,22,25,0.0,0.0,0.0,0.0,0.0,0.0,1,1,0
224,1,22,26,0.0,0.0,0.0,0.0,0.0,0.0,1,1,0
301,1,31,31,64.46985976811182,12.050484641138556,0.0,0.0,0.0,0.0,1,1,0
302,1,31,32,70.84052352131037,14.224869954113847,0.0,0.0,0.0,0.0,1,1,0
303,1,31,31,137.57799934844581,29.929090732808966,0.0,0.0,0.0,0.0,1,1,0
304,1,31,31,47.05405146136237,11.764562982497038,0.0,0.0,0.0,0.0,1,1,0
305,1,31,31,35.599660716091236,9.417530330048315,0.0,0.0,0.0,0.0,1,1,0
306,1,31,32,113.84876940264144,21.376351061244495,0.0,0.0,0.0,0.0,1,1,0
307,1,31,32,63.90026305660139,17.522592070286624,0.0,0.0,0.0,0.0,1,1,0
308,1,31,32,101.54413913482068,22.26830789675354,0.0,0.0,0.0,0.0,1,1,0
309,1,31,33,97.15993538337993,24.689400192701072,0.0,0.0,0.0,0.0,1,1,0
310,1,31,33,163.94472299582065,20.064618811307472,0.0,0.0,0.0,0.0,1,1,0
311,1,31,33,0.0,0.0,0.0,0.0,0.0,0.0,1,1,0
312,1,31,33,0.0,0.0,0.0,0.0,0.0,0.0,1,1,0
313,1,32,34,185.9324935347685,30.70704320105491,0.0,0.0,0.0,0.0,1,1,0
314,1,32,36,126.00898449098972,21.971706355024455,0.0,0.0,0.0,0.0,1,1,0
315,1,32,36,240.51875747063312,49.207574406141035,0.0,0.0,0.0,0.0,1,1,0
