% From Raw File 
%% RTS 96 System Bus Data %% 
all_busdata96 = [ 
101,138,2,1,1,1,1.00,0.00,1.1,0.9,1.1,0.9
102,138,2,1,1,1,1.00,0.00,1.1,0.9,1.1,0.9
103,138,1,1,1,1,1.00,0.00,1.1,0.9,1.1,0.9
104,138,1,1,1,1,1.00,0.00,1.1,0.9,1.1,0.9
105,138,1,1,1,1,1.00,0.00,1.1,0.9,1.1,0.9
106,138,1,1,1,1,1.00,0.00,1.1,0.9,1.1,0.9
107,138,2,1,1,1,1.00,0.00,1.1,0.9,1.1,0.9
108,138,1,1,1,1,1.00,0.00,1.1,0.9,1.1,0.9
109,138,1,1,1,1,1.00,0.00,1.1,0.9,1.1,0.9
110,138,1,1,1,1,1.00,0.00,1.1,0.9,1.1,0.9
111,230,1,1,1,1,1.00,0.00,1.1,0.9,1.1,0.9
112,230,1,1,1,1,1.00,0.00,1.1,0.9,1.1,0.9
113,230,3,1,1,1,1.00,0.00,1.1,0.9,1.1,0.9
114,230,2,1,1,1,1.00,0.00,1.1,0.9,1.1,0.9
115,230,2,1,1,1,1.00,0.00,1.1,0.9,1.1,0.9
116,230,2,1,1,1,1.00,0.00,1.1,0.9,1.1,0.9
117,230,1,1,1,1,1.00,0.00,1.1,0.9,1.1,0.9
118,230,2,1,1,1,1.00,0.00,1.1,0.9,1.1,0.9
119,230,1,1,1,1,1.00,0.00,1.1,0.9,1.1,0.9
120,230,1,1,1,1,1.00,0.00,1.1,0.9,1.1,0.9
121,230,2,1,1,1,1.00,0.00,1.1,0.9,1.1,0.9
122,230,2,1,1,1,1.00,0.00,1.1,0.9,1.1,0.9
123,230,2,1,1,1,1.00,0.00,1.1,0.9,1.1,0.9
124,230,1,1,1,1,1.00,0.00,1.1,0.9,1.1,0.9
201,138,2,1,1,1,1.00,0.00,1.1,0.9,1.1,0.9
202,138,2,1,1,1,1.00,0.00,1.1,0.9,1.1,0.9
203,138,1,1,1,1,1.00,0.00,1.1,0.9,1.1,0.9
204,138,1,1,1,1,1.00,0.00,1.1,0.9,1.1,0.9
205,138,1,1,1,1,1.00,0.00,1.1,0.9,1.1,0.9
206,138,1,1,1,1,1.00,0.00,1.1,0.9,1.1,0.9
207,138,2,1,1,1,1.00,0.00,1.1,0.9,1.1,0.9
208,138,1,1,1,1,1.00,0.00,1.1,0.9,1.1,0.9
209,138,1,1,1,1,1.00,0.00,1.1,0.9,1.1,0.9
210,138,1,1,1,1,1.00,0.00,1.1,0.9,1.1,0.9
211,230,1,1,1,1,1.00,0.00,1.1,0.9,1.1,0.9
212,230,1,1,1,1,1.00,0.00,1.1,0.9,1.1,0.9
213,230,2,1,1,1,1.00,0.00,1.1,0.9,1.1,0.9
214,230,2,1,1,1,1.00,0.00,1.1,0.9,1.1,0.9
215,230,2,1,1,1,1.00,0.00,1.1,0.9,1.1,0.9
216,230,2,1,1,1,1.00,0.00,1.1,0.9,1.1,0.9
217,230,1,1,1,1,1.00,0.00,1.1,0.9,1.1,0.9
218,230,2,1,1,1,1.00,0.00,1.1,0.9,1.1,0.9
219,230,1,1,1,1,1.00,0.00,1.1,0.9,1.1,0.9
220,230,1,1,1,1,1.00,0.00,1.1,0.9,1.1,0.9
221,230,2,1,1,1,1.00,0.00,1.1,0.9,1.1,0.9
222,230,2,1,1,1,1.00,0.00,1.1,0.9,1.1,0.9
223,230,2,1,1,1,1.00,0.00,1.1,0.9,1.1,0.9
224,230,1,1,1,1,1.00,0.00,1.1,0.9,1.1,0.9
301,138,2,1,1,1,1.00,0.00,1.1,0.9,1.1,0.9
302,138,2,1,1,1,1.00,0.00,1.1,0.9,1.1,0.9
303,138,1,1,1,1,1.00,0.00,1.1,0.9,1.1,0.9
304,138,1,1,1,1,1.00,0.00,1.1,0.9,1.1,0.9
305,138,1,1,1,1,1.00,0.00,1.1,0.9,1.1,0.9
306,138,1,1,1,1,1.00,0.00,1.1,0.9,1.1,0.9
307,138,2,1,1,1,1.00,0.00,1.1,0.9,1.1,0.9
308,138,1,1,1,1,1.00,0.00,1.1,0.9,1.1,0.9
309,138,1,1,1,1,1.00,0.00,1.1,0.9,1.1,0.9
310,138,1,1,1,1,1.00,0.00,1.1,0.9,1.1,0.9
311,230,1,1,1,1,1.00,0.00,1.1,0.9,1.1,0.9
312,230,1,1,1,1,1.00,0.00,1.1,0.9,1.1,0.9
313,230,2,1,1,1,1.00,0.00,1.1,0.9,1.1,0.9
314,230,2,1,1,1,1.00,0.00,1.1,0.9,1.1,0.9
315,230,2,1,1,1,1.00,0.00,1.1,0.9,1.1,0.9
316,230,2,1,1,1,1.00,0.00,1.1,0.9,1.1,0.9
317,230,1,1,1,1,1.00,0.00,1.1,0.9,1.1,0.9
318,230,2,1,1,1,1.00,0.00,1.1,0.9,1.1,0.9
319,230,1,1,1,1,1.00,0.00,1.1,0.9,1.1,0.9
320,230,1,1,1,1,1.00,0.00,1.1,0.9,1.1,0.9
321,230,2,1,1,1,1.00,0.00,1.1,0.9,1.1,0.9
322,230,2,1,1,1,1.00,0.00,1.1,0.9,1.1,0.9
323,230,2,1,1,1,1.00,0.00,1.1,0.9,1.1,0.9
324,230,1,1,1,1,1.00,0.00,1.1,0.9,1.1,0.9
325,230,1,1,1,1,1.00,0.00,1.1,0.9,1.1,0.9
]; 
all_busName96 = [   ' 101 ';  ' 102 ';  ' 103 ';  ' 104 ';  ' 105 ';  ' 106 ';  ' 107 ';  ' 108 ';  ' 109 ';  ' 110 ';  ' 111 ';  ' 112 ';  ' 113 ';  ' 114 ';  ' 115 ';  ' 116 ';  ' 117 ';  ' 118 ';  ' 119 ';  ' 120 ';  ' 121 ';  ' 122 ';  ' 123 ';  ' 124 ';  ' 201 ';  ' 202 ';  ' 203 ';  ' 204 ';  ' 205 ';  ' 206 ';  ' 207 ';  ' 208 ';  ' 209 ';  ' 210 ';  ' 211 ';  ' 212 ';  ' 213 ';  ' 214 ';  ' 215 ';  ' 216 ';  ' 217 ';  ' 218 ';  ' 219 ';  ' 220 ';  ' 221 ';  ' 222 ';  ' 223 ';  ' 224 ';  ' 301 ';  ' 302 ';  ' 303 ';  ' 304 ';  ' 305 ';  ' 306 ';  ' 307 ';  ' 308 ';  ' 309 ';  ' 310 ';  ' 311 ';  ' 312 ';  ' 313 ';  ' 314 ';  ' 315 ';  ' 316 ';  ' 317 ';  ' 318 ';  ' 319 ';  ' 320 ';  ' 321 ';  ' 322 ';  ' 323 ';  ' 324 ';  ' 325 '; ];
%% RTS 96 System Load Data %% 
all_loaddata96 = [ 
101,1,11,11,57.143965162594796,19.206913280907646,0.0,0.0,0.0,0.0,1,1,0
102,1,11,12,58.26122196197715,14.9515568292886,0.0,0.0,0.0,0.0,1,1,0
103,1,11,11,161.10292891268247,33.261411941443384,0.0,0.0,0.0,0.0,1,1,0
104,1,11,11,62.9083737050551,8.895973517622567,0.0,0.0,0.0,0.0,1,1,0
105,1,11,11,39.51884128770497,8.006350854128971,0.0,0.0,0.0,0.0,1,1,0
106,1,11,12,83.6602778003242,14.683320397758857,0.0,0.0,0.0,0.0,1,1,0
107,1,11,12,79.23033198868507,20.54364115402917,0.0,0.0,0.0,0.0,1,1,0
108,1,11,12,136.891947174581,25.456343711104708,0.0,0.0,0.0,0.0,1,1,0
109,1,11,13,109.21532465717756,31.413568204350028,0.0,0.0,0.0,0.0,1,1,0
110,1,11,13,113.83660041233965,28.27558200193383,0.0,0.0,0.0,0.0,1,1,0
111,1,11,13,0.0,0.0,0.0,0.0,0.0,0.0,1,1,0
112,1,11,13,0.0,0.0,0.0,0.0,0.0,0.0,1,1,0
113,1,12,14,213.89296600634185,43.585411384136414,0.0,0.0,0.0,0.0,1,1,0
114,1,12,16,126.11919581712652,20.13660200401498,0.0,0.0,0.0,0.0,1,1,0
115,1,12,16,261.00790035953355,42.10885770866275,0.0,0.0,0.0,0.0,1,1,0
116,1,12,16,68.96031852458138,17.904567296968775,0.0,0.0,0.0,0.0,1,1,0
117,1,12,17,0.0,0.0,0.0,0.0,0.0,0.0,1,1,0
118,1,12,17,279.45057323095835,53.74848444256616,0.0,0.0,0.0,0.0,1,1,0
119,1,12,15,119.5305200264922,21.356728216065463,0.0,0.0,0.0,0.0,1,1,0
120,1,12,15,67.03278313583135,15.566352058580797,0.0,0.0,0.0,0.0,1,1,0
121,1,12,17,0.0,0.0,0.0,0.0,0.0,0.0,1,1,0
122,1,12,17,0.0,0.0,0.0,0.0,0.0,0.0,1,1,0
123,1,12,15,0.0,0.0,0.0,0.0,0.0,0.0,1,1,0
124,1,12,16,0.0,0.0,0.0,0.0,0.0,0.0,1,1,0
201,1,21,21,96.5312294353824,14.90335068790298,0.0,0.0,0.0,0.0,1,1,0
202,1,21,22,64.95794179544072,10.286952531094663,0.0,0.0,0.0,0.0,1,1,0
203,1,21,21,89.37757811970356,28.641683313413942,0.0,0.0,0.0,0.0,1,1,0
204,1,21,21,56.46673788866764,7.861302539904601,0.0,0.0,0.0,0.0,1,1,0
205,1,21,21,34.92347689819252,10.70749948661076,0.0,0.0,0.0,0.0,1,1,0
206,1,21,22,67.0120393799331,20.46301685845256,0.0,0.0,0.0,0.0,1,1,0
207,1,21,22,102.72885561949806,22.195297295534985,0.0,0.0,0.0,0.0,1,1,0
208,1,21,22,90.65110519848531,24.16681833395222,0.0,0.0,0.0,0.0,1,1,0
209,1,21,23,113.72403604879277,23.26432074628975,0.0,0.0,0.0,0.0,1,1,0
210,1,21,23,97.99766619692207,20.260350824128835,0.0,0.0,0.0,0.0,1,1,0
211,1,21,23,0.0,0.0,0.0,0.0,0.0,0.0,1,1,0
212,1,21,23,0.0,0.0,0.0,0.0,0.0,0.0,1,1,0
213,1,22,24,194.00173329094426,28.07919878320321,0.0,0.0,0.0,0.0,1,1,0
214,1,22,26,99.69303800279125,34.88023723377321,0.0,0.0,0.0,0.0,1,1,0
215,1,22,26,184.54091621113264,41.327153109642865,0.0,0.0,0.0,0.0,1,1,0
216,1,22,26,60.171891304613084,10.283627261688931,0.0,0.0,0.0,0.0,1,1,0
217,1,22,27,0.0,0.0,0.0,0.0,0.0,0.0,1,1,0
218,1,22,27,202.92887131292042,56.5832395193724,0.0,0.0,0.0,0.0,1,1,0
219,1,22,25,104.34535964829828,26.412980111142897,0.0,0.0,0.0,0.0,1,1,0
220,1,22,25,100.96154866275786,13.861437075764872,0.0,0.0,0.0,0.0,1,1,0
221,1,22,27,0.0,0.0,0.0,0.0,0.0,0.0,1,1,0
222,1,22,27,0.0,0.0,0.0,0.0,0.0,0.0,1,1,0
223,1,22,25,0.0,0.0,0.0,0.0,0.0,0.0,1,1,0
224,1,22,26,0.0,0.0,0.0,0.0,0.0,0.0,1,1,0
301,1,31,31,92.97037030719649,16.22229540127907,0.0,0.0,0.0,0.0,1,1,0
302,1,31,32,58.4574205387698,12.607287467177956,0.0,0.0,0.0,0.0,1,1,0
303,1,31,31,103.38827735495008,23.74997122253473,0.0,0.0,0.0,0.0,1,1,0
304,1,31,31,43.18307712594447,8.269684108391404,0.0,0.0,0.0,0.0,1,1,0
305,1,31,31,54.44651428512744,11.269996227042004,0.0,0.0,0.0,0.0,1,1,0
306,1,31,32,88.91542833173052,14.254467831989563,0.0,0.0,0.0,0.0,1,1,0
307,1,31,32,81.50927993436343,22.220122876813406,0.0,0.0,0.0,0.0,1,1,0
308,1,31,32,133.1257897135423,21.996034214136657,0.0,0.0,0.0,0.0,1,1,0
309,1,31,33,125.75859150253237,18.33385923576392,0.0,0.0,0.0,0.0,1,1,0
310,1,31,33,173.52381176595807,19.54910339722037,0.0,0.0,0.0,0.0,1,1,0
311,1,31,33,0.0,0.0,0.0,0.0,0.0,0.0,1,1,0
312,1,31,33,0.0,0.0,0.0,0.0,0.0,0.0,1,1,0
313,1,32,34,129.73788504843972,44.83807329255994,0.0,0.0,0.0,0.0,1,1,0
314,1,32,36,110.6689123430159,29.70773105123928,0.0,0.0,0.0,0.0,1,1,0
315,1,32,36,200.87853726795666,50.99376903146803,0.0,0.0,0.0,0.0,1,1,0
