% From Raw File 
%% RTS 96 System Bus Data %% 
all_busdata96 = [ 
101,138,2,1,1,1,1.00,0.00,1.1,0.9,1.1,0.9
102,138,2,1,1,1,1.00,0.00,1.1,0.9,1.1,0.9
103,138,1,1,1,1,1.00,0.00,1.1,0.9,1.1,0.9
104,138,1,1,1,1,1.00,0.00,1.1,0.9,1.1,0.9
105,138,1,1,1,1,1.00,0.00,1.1,0.9,1.1,0.9
106,138,1,1,1,1,1.00,0.00,1.1,0.9,1.1,0.9
107,138,2,1,1,1,1.00,0.00,1.1,0.9,1.1,0.9
108,138,1,1,1,1,1.00,0.00,1.1,0.9,1.1,0.9
109,138,1,1,1,1,1.00,0.00,1.1,0.9,1.1,0.9
110,138,1,1,1,1,1.00,0.00,1.1,0.9,1.1,0.9
111,230,1,1,1,1,1.00,0.00,1.1,0.9,1.1,0.9
112,230,1,1,1,1,1.00,0.00,1.1,0.9,1.1,0.9
113,230,3,1,1,1,1.00,0.00,1.1,0.9,1.1,0.9
114,230,2,1,1,1,1.00,0.00,1.1,0.9,1.1,0.9
115,230,2,1,1,1,1.00,0.00,1.1,0.9,1.1,0.9
116,230,2,1,1,1,1.00,0.00,1.1,0.9,1.1,0.9
117,230,1,1,1,1,1.00,0.00,1.1,0.9,1.1,0.9
118,230,2,1,1,1,1.00,0.00,1.1,0.9,1.1,0.9
119,230,1,1,1,1,1.00,0.00,1.1,0.9,1.1,0.9
120,230,1,1,1,1,1.00,0.00,1.1,0.9,1.1,0.9
121,230,2,1,1,1,1.00,0.00,1.1,0.9,1.1,0.9
122,230,2,1,1,1,1.00,0.00,1.1,0.9,1.1,0.9
123,230,2,1,1,1,1.00,0.00,1.1,0.9,1.1,0.9
124,230,1,1,1,1,1.00,0.00,1.1,0.9,1.1,0.9
201,138,2,1,1,1,1.00,0.00,1.1,0.9,1.1,0.9
202,138,2,1,1,1,1.00,0.00,1.1,0.9,1.1,0.9
203,138,1,1,1,1,1.00,0.00,1.1,0.9,1.1,0.9
204,138,1,1,1,1,1.00,0.00,1.1,0.9,1.1,0.9
205,138,1,1,1,1,1.00,0.00,1.1,0.9,1.1,0.9
206,138,1,1,1,1,1.00,0.00,1.1,0.9,1.1,0.9
207,138,2,1,1,1,1.00,0.00,1.1,0.9,1.1,0.9
208,138,1,1,1,1,1.00,0.00,1.1,0.9,1.1,0.9
209,138,1,1,1,1,1.00,0.00,1.1,0.9,1.1,0.9
210,138,1,1,1,1,1.00,0.00,1.1,0.9,1.1,0.9
211,230,1,1,1,1,1.00,0.00,1.1,0.9,1.1,0.9
212,230,1,1,1,1,1.00,0.00,1.1,0.9,1.1,0.9
213,230,2,1,1,1,1.00,0.00,1.1,0.9,1.1,0.9
214,230,2,1,1,1,1.00,0.00,1.1,0.9,1.1,0.9
215,230,2,1,1,1,1.00,0.00,1.1,0.9,1.1,0.9
216,230,2,1,1,1,1.00,0.00,1.1,0.9,1.1,0.9
217,230,1,1,1,1,1.00,0.00,1.1,0.9,1.1,0.9
218,230,2,1,1,1,1.00,0.00,1.1,0.9,1.1,0.9
219,230,1,1,1,1,1.00,0.00,1.1,0.9,1.1,0.9
220,230,1,1,1,1,1.00,0.00,1.1,0.9,1.1,0.9
221,230,2,1,1,1,1.00,0.00,1.1,0.9,1.1,0.9
222,230,2,1,1,1,1.00,0.00,1.1,0.9,1.1,0.9
223,230,2,1,1,1,1.00,0.00,1.1,0.9,1.1,0.9
224,230,1,1,1,1,1.00,0.00,1.1,0.9,1.1,0.9
301,138,2,1,1,1,1.00,0.00,1.1,0.9,1.1,0.9
302,138,2,1,1,1,1.00,0.00,1.1,0.9,1.1,0.9
303,138,1,1,1,1,1.00,0.00,1.1,0.9,1.1,0.9
304,138,1,1,1,1,1.00,0.00,1.1,0.9,1.1,0.9
305,138,1,1,1,1,1.00,0.00,1.1,0.9,1.1,0.9
306,138,1,1,1,1,1.00,0.00,1.1,0.9,1.1,0.9
307,138,2,1,1,1,1.00,0.00,1.1,0.9,1.1,0.9
308,138,1,1,1,1,1.00,0.00,1.1,0.9,1.1,0.9
309,138,1,1,1,1,1.00,0.00,1.1,0.9,1.1,0.9
310,138,1,1,1,1,1.00,0.00,1.1,0.9,1.1,0.9
311,230,1,1,1,1,1.00,0.00,1.1,0.9,1.1,0.9
312,230,1,1,1,1,1.00,0.00,1.1,0.9,1.1,0.9
313,230,2,1,1,1,1.00,0.00,1.1,0.9,1.1,0.9
314,230,2,1,1,1,1.00,0.00,1.1,0.9,1.1,0.9
315,230,2,1,1,1,1.00,0.00,1.1,0.9,1.1,0.9
316,230,2,1,1,1,1.00,0.00,1.1,0.9,1.1,0.9
317,230,1,1,1,1,1.00,0.00,1.1,0.9,1.1,0.9
318,230,2,1,1,1,1.00,0.00,1.1,0.9,1.1,0.9
319,230,1,1,1,1,1.00,0.00,1.1,0.9,1.1,0.9
320,230,1,1,1,1,1.00,0.00,1.1,0.9,1.1,0.9
321,230,2,1,1,1,1.00,0.00,1.1,0.9,1.1,0.9
322,230,2,1,1,1,1.00,0.00,1.1,0.9,1.1,0.9
323,230,2,1,1,1,1.00,0.00,1.1,0.9,1.1,0.9
324,230,1,1,1,1,1.00,0.00,1.1,0.9,1.1,0.9
325,230,1,1,1,1,1.00,0.00,1.1,0.9,1.1,0.9
]; 
all_busName96 = [   ' 101 ';  ' 102 ';  ' 103 ';  ' 104 ';  ' 105 ';  ' 106 ';  ' 107 ';  ' 108 ';  ' 109 ';  ' 110 ';  ' 111 ';  ' 112 ';  ' 113 ';  ' 114 ';  ' 115 ';  ' 116 ';  ' 117 ';  ' 118 ';  ' 119 ';  ' 120 ';  ' 121 ';  ' 122 ';  ' 123 ';  ' 124 ';  ' 201 ';  ' 202 ';  ' 203 ';  ' 204 ';  ' 205 ';  ' 206 ';  ' 207 ';  ' 208 ';  ' 209 ';  ' 210 ';  ' 211 ';  ' 212 ';  ' 213 ';  ' 214 ';  ' 215 ';  ' 216 ';  ' 217 ';  ' 218 ';  ' 219 ';  ' 220 ';  ' 221 ';  ' 222 ';  ' 223 ';  ' 224 ';  ' 301 ';  ' 302 ';  ' 303 ';  ' 304 ';  ' 305 ';  ' 306 ';  ' 307 ';  ' 308 ';  ' 309 ';  ' 310 ';  ' 311 ';  ' 312 ';  ' 313 ';  ' 314 ';  ' 315 ';  ' 316 ';  ' 317 ';  ' 318 ';  ' 319 ';  ' 320 ';  ' 321 ';  ' 322 ';  ' 323 ';  ' 324 ';  ' 325 '; ];
%% RTS 96 System Load Data %% 
all_loaddata96 = [ 
101,1,11,11,82.66781479911413,16.02833083576346,0.0,0.0,0.0,0.0,1,1,0
102,1,11,12,66.32649200621448,14.493680321157909,0.0,0.0,0.0,0.0,1,1,0
103,1,11,11,116.04852428280282,21.27250565844294,0.0,0.0,0.0,0.0,1,1,0
104,1,11,11,44.68675815998269,10.464746051499153,0.0,0.0,0.0,0.0,1,1,0
105,1,11,11,46.76755476123788,8.551829251153952,0.0,0.0,0.0,0.0,1,1,0
106,1,11,12,70.50733195766509,22.699971421684698,0.0,0.0,0.0,0.0,1,1,0
107,1,11,12,62.86217823856277,20.061164831217614,0.0,0.0,0.0,0.0,1,1,0
108,1,11,12,121.62972799611474,19.73249434657814,0.0,0.0,0.0,0.0,1,1,0
109,1,11,13,146.4910866192787,24.936119484899194,0.0,0.0,0.0,0.0,1,1,0
110,1,11,13,172.32953689358615,20.164441346358508,0.0,0.0,0.0,0.0,1,1,0
111,1,11,13,0.0,0.0,0.0,0.0,0.0,0.0,1,1,0
112,1,11,13,0.0,0.0,0.0,0.0,0.0,0.0,1,1,0
113,1,12,14,173.9899118767921,45.427288348829556,0.0,0.0,0.0,0.0,1,1,0
114,1,12,16,121.1253443092349,25.457664483642205,0.0,0.0,0.0,0.0,1,1,0
115,1,12,16,189.57941239431412,37.47529045006334,0.0,0.0,0.0,0.0,1,1,0
116,1,12,16,81.50625258074606,10.028048837609587,0.0,0.0,0.0,0.0,1,1,0
117,1,12,17,0.0,0.0,0.0,0.0,0.0,0.0,1,1,0
118,1,12,17,177.13026335601126,39.67519985888097,0.0,0.0,0.0,0.0,1,1,0
119,1,12,15,123.47042750650539,24.779260076018236,0.0,0.0,0.0,0.0,1,1,0
120,1,12,15,76.4640875904858,22.848398224183082,0.0,0.0,0.0,0.0,1,1,0
121,1,12,17,0.0,0.0,0.0,0.0,0.0,0.0,1,1,0
122,1,12,17,0.0,0.0,0.0,0.0,0.0,0.0,1,1,0
123,1,12,15,0.0,0.0,0.0,0.0,0.0,0.0,1,1,0
124,1,12,16,0.0,0.0,0.0,0.0,0.0,0.0,1,1,0
201,1,21,21,73.59677128457184,12.627472087831144,0.0,0.0,0.0,0.0,1,1,0
202,1,21,22,60.699380895424596,11.295640666485763,0.0,0.0,0.0,0.0,1,1,0
203,1,21,21,99.84557864564191,33.27549207039541,0.0,0.0,0.0,0.0,1,1,0
204,1,21,21,40.20093440261492,9.91177447152324,0.0,0.0,0.0,0.0,1,1,0
205,1,21,21,34.94301023009852,9.142844855759293,0.0,0.0,0.0,0.0,1,1,0
206,1,21,22,92.83075220225305,14.86939345425032,0.0,0.0,0.0,0.0,1,1,0
207,1,21,22,60.974667550774754,16.637733715258072,0.0,0.0,0.0,0.0,1,1,0
208,1,21,22,151.74832205178419,16.997495252210413,0.0,0.0,0.0,0.0,1,1,0
209,1,21,23,90.63835346816224,30.01921990348734,0.0,0.0,0.0,0.0,1,1,0
210,1,21,23,150.25517962014698,34.97506252474711,0.0,0.0,0.0,0.0,1,1,0
211,1,21,23,0.0,0.0,0.0,0.0,0.0,0.0,1,1,0
212,1,21,23,0.0,0.0,0.0,0.0,0.0,0.0,1,1,0
213,1,22,24,151.55407655557968,27.75288013183884,0.0,0.0,0.0,0.0,1,1,0
214,1,22,26,115.79887880117158,34.63061397110126,0.0,0.0,0.0,0.0,1,1,0
215,1,22,26,256.5519049104758,44.99816575503051,0.0,0.0,0.0,0.0,1,1,0
216,1,22,26,74.80821617185603,17.52015783527959,0.0,0.0,0.0,0.0,1,1,0
217,1,22,27,0.0,0.0,0.0,0.0,0.0,0.0,1,1,0
218,1,22,27,218.74880818365506,44.86319842253756,0.0,0.0,0.0,0.0,1,1,0
219,1,22,25,122.6554754543875,31.98516874741134,0.0,0.0,0.0,0.0,1,1,0
220,1,22,25,95.03369007427095,20.765762516230346,0.0,0.0,0.0,0.0,1,1,0
221,1,22,27,0.0,0.0,0.0,0.0,0.0,0.0,1,1,0
222,1,22,27,0.0,0.0,0.0,0.0,0.0,0.0,1,1,0
223,1,22,25,0.0,0.0,0.0,0.0,0.0,0.0,1,1,0
224,1,22,26,0.0,0.0,0.0,0.0,0.0,0.0,1,1,0
301,1,31,31,81.31109267758391,15.849973800578713,0.0,0.0,0.0,0.0,1,1,0
302,1,31,32,52.73018758280421,10.016621519110164,0.0,0.0,0.0,0.0,1,1,0
303,1,31,31,129.32527339123283,20.861565342021407,0.0,0.0,0.0,0.0,1,1,0
304,1,31,31,58.20469768196465,12.424566671348876,0.0,0.0,0.0,0.0,1,1,0
305,1,31,31,44.29148249421059,7.369197936032618,0.0,0.0,0.0,0.0,1,1,0
306,1,31,32,115.67337589618451,16.747020276372137,0.0,0.0,0.0,0.0,1,1,0
307,1,31,32,105.54398888768047,20.621433235915607,0.0,0.0,0.0,0.0,1,1,0
308,1,31,32,89.2856131727545,20.578706772318572,0.0,0.0,0.0,0.0,1,1,0
309,1,31,33,128.3714365521865,26.68236041715033,0.0,0.0,0.0,0.0,1,1,0
310,1,31,33,165.10693038112575,32.25972204886191,0.0,0.0,0.0,0.0,1,1,0
311,1,31,33,0.0,0.0,0.0,0.0,0.0,0.0,1,1,0
312,1,31,33,0.0,0.0,0.0,0.0,0.0,0.0,1,1,0
313,1,32,34,186.72791158078869,36.48085027391575,0.0,0.0,0.0,0.0,1,1,0
314,1,32,36,146.0910823964012,19.110643243544363,0.0,0.0,0.0,0.0,1,1,0
315,1,32,36,266.01337432414147,38.239177689599984,0.0,0.0,0.0,0.0,1,1,0
