% From Raw File 
%% RTS 96 System Bus Data %% 
all_busdata96 = [ 
101,138,2,1,1,1,1.00,0.00,1.1,0.9,1.1,0.9
102,138,2,1,1,1,1.00,0.00,1.1,0.9,1.1,0.9
103,138,1,1,1,1,1.00,0.00,1.1,0.9,1.1,0.9
104,138,1,1,1,1,1.00,0.00,1.1,0.9,1.1,0.9
105,138,1,1,1,1,1.00,0.00,1.1,0.9,1.1,0.9
106,138,1,1,1,1,1.00,0.00,1.1,0.9,1.1,0.9
107,138,2,1,1,1,1.00,0.00,1.1,0.9,1.1,0.9
108,138,1,1,1,1,1.00,0.00,1.1,0.9,1.1,0.9
109,138,1,1,1,1,1.00,0.00,1.1,0.9,1.1,0.9
110,138,1,1,1,1,1.00,0.00,1.1,0.9,1.1,0.9
111,230,1,1,1,1,1.00,0.00,1.1,0.9,1.1,0.9
112,230,1,1,1,1,1.00,0.00,1.1,0.9,1.1,0.9
113,230,3,1,1,1,1.00,0.00,1.1,0.9,1.1,0.9
114,230,2,1,1,1,1.00,0.00,1.1,0.9,1.1,0.9
115,230,2,1,1,1,1.00,0.00,1.1,0.9,1.1,0.9
116,230,2,1,1,1,1.00,0.00,1.1,0.9,1.1,0.9
117,230,1,1,1,1,1.00,0.00,1.1,0.9,1.1,0.9
118,230,2,1,1,1,1.00,0.00,1.1,0.9,1.1,0.9
119,230,1,1,1,1,1.00,0.00,1.1,0.9,1.1,0.9
120,230,1,1,1,1,1.00,0.00,1.1,0.9,1.1,0.9
121,230,2,1,1,1,1.00,0.00,1.1,0.9,1.1,0.9
122,230,2,1,1,1,1.00,0.00,1.1,0.9,1.1,0.9
123,230,2,1,1,1,1.00,0.00,1.1,0.9,1.1,0.9
124,230,1,1,1,1,1.00,0.00,1.1,0.9,1.1,0.9
201,138,2,1,1,1,1.00,0.00,1.1,0.9,1.1,0.9
202,138,2,1,1,1,1.00,0.00,1.1,0.9,1.1,0.9
203,138,1,1,1,1,1.00,0.00,1.1,0.9,1.1,0.9
204,138,1,1,1,1,1.00,0.00,1.1,0.9,1.1,0.9
205,138,1,1,1,1,1.00,0.00,1.1,0.9,1.1,0.9
206,138,1,1,1,1,1.00,0.00,1.1,0.9,1.1,0.9
207,138,2,1,1,1,1.00,0.00,1.1,0.9,1.1,0.9
208,138,1,1,1,1,1.00,0.00,1.1,0.9,1.1,0.9
209,138,1,1,1,1,1.00,0.00,1.1,0.9,1.1,0.9
210,138,1,1,1,1,1.00,0.00,1.1,0.9,1.1,0.9
211,230,1,1,1,1,1.00,0.00,1.1,0.9,1.1,0.9
212,230,1,1,1,1,1.00,0.00,1.1,0.9,1.1,0.9
213,230,2,1,1,1,1.00,0.00,1.1,0.9,1.1,0.9
214,230,2,1,1,1,1.00,0.00,1.1,0.9,1.1,0.9
215,230,2,1,1,1,1.00,0.00,1.1,0.9,1.1,0.9
216,230,2,1,1,1,1.00,0.00,1.1,0.9,1.1,0.9
217,230,1,1,1,1,1.00,0.00,1.1,0.9,1.1,0.9
218,230,2,1,1,1,1.00,0.00,1.1,0.9,1.1,0.9
219,230,1,1,1,1,1.00,0.00,1.1,0.9,1.1,0.9
220,230,1,1,1,1,1.00,0.00,1.1,0.9,1.1,0.9
221,230,2,1,1,1,1.00,0.00,1.1,0.9,1.1,0.9
222,230,2,1,1,1,1.00,0.00,1.1,0.9,1.1,0.9
223,230,2,1,1,1,1.00,0.00,1.1,0.9,1.1,0.9
224,230,1,1,1,1,1.00,0.00,1.1,0.9,1.1,0.9
301,138,2,1,1,1,1.00,0.00,1.1,0.9,1.1,0.9
302,138,2,1,1,1,1.00,0.00,1.1,0.9,1.1,0.9
303,138,1,1,1,1,1.00,0.00,1.1,0.9,1.1,0.9
304,138,1,1,1,1,1.00,0.00,1.1,0.9,1.1,0.9
305,138,1,1,1,1,1.00,0.00,1.1,0.9,1.1,0.9
306,138,1,1,1,1,1.00,0.00,1.1,0.9,1.1,0.9
307,138,2,1,1,1,1.00,0.00,1.1,0.9,1.1,0.9
308,138,1,1,1,1,1.00,0.00,1.1,0.9,1.1,0.9
309,138,1,1,1,1,1.00,0.00,1.1,0.9,1.1,0.9
310,138,1,1,1,1,1.00,0.00,1.1,0.9,1.1,0.9
311,230,1,1,1,1,1.00,0.00,1.1,0.9,1.1,0.9
312,230,1,1,1,1,1.00,0.00,1.1,0.9,1.1,0.9
313,230,2,1,1,1,1.00,0.00,1.1,0.9,1.1,0.9
314,230,2,1,1,1,1.00,0.00,1.1,0.9,1.1,0.9
315,230,2,1,1,1,1.00,0.00,1.1,0.9,1.1,0.9
316,230,2,1,1,1,1.00,0.00,1.1,0.9,1.1,0.9
317,230,1,1,1,1,1.00,0.00,1.1,0.9,1.1,0.9
318,230,2,1,1,1,1.00,0.00,1.1,0.9,1.1,0.9
319,230,1,1,1,1,1.00,0.00,1.1,0.9,1.1,0.9
320,230,1,1,1,1,1.00,0.00,1.1,0.9,1.1,0.9
321,230,2,1,1,1,1.00,0.00,1.1,0.9,1.1,0.9
322,230,2,1,1,1,1.00,0.00,1.1,0.9,1.1,0.9
323,230,2,1,1,1,1.00,0.00,1.1,0.9,1.1,0.9
324,230,1,1,1,1,1.00,0.00,1.1,0.9,1.1,0.9
325,230,1,1,1,1,1.00,0.00,1.1,0.9,1.1,0.9
]; 
all_busName96 = [   ' 101 ';  ' 102 ';  ' 103 ';  ' 104 ';  ' 105 ';  ' 106 ';  ' 107 ';  ' 108 ';  ' 109 ';  ' 110 ';  ' 111 ';  ' 112 ';  ' 113 ';  ' 114 ';  ' 115 ';  ' 116 ';  ' 117 ';  ' 118 ';  ' 119 ';  ' 120 ';  ' 121 ';  ' 122 ';  ' 123 ';  ' 124 ';  ' 201 ';  ' 202 ';  ' 203 ';  ' 204 ';  ' 205 ';  ' 206 ';  ' 207 ';  ' 208 ';  ' 209 ';  ' 210 ';  ' 211 ';  ' 212 ';  ' 213 ';  ' 214 ';  ' 215 ';  ' 216 ';  ' 217 ';  ' 218 ';  ' 219 ';  ' 220 ';  ' 221 ';  ' 222 ';  ' 223 ';  ' 224 ';  ' 301 ';  ' 302 ';  ' 303 ';  ' 304 ';  ' 305 ';  ' 306 ';  ' 307 ';  ' 308 ';  ' 309 ';  ' 310 ';  ' 311 ';  ' 312 ';  ' 313 ';  ' 314 ';  ' 315 ';  ' 316 ';  ' 317 ';  ' 318 ';  ' 319 ';  ' 320 ';  ' 321 ';  ' 322 ';  ' 323 ';  ' 324 ';  ' 325 '; ];
%% RTS 96 System Load Data %% 
all_loaddata96 = [ 
101,1,11,11,70.14043007322604,12.372546037524193,0.0,0.0,0.0,0.0,1,1,0
102,1,11,12,75.52120383792473,17.82042275631521,0.0,0.0,0.0,0.0,1,1,0
103,1,11,11,158.24739285486473,27.12676369156153,0.0,0.0,0.0,0.0,1,1,0
104,1,11,11,59.0826702556285,10.90682813163288,0.0,0.0,0.0,0.0,1,1,0
105,1,11,11,36.501934998252665,9.644003318218141,0.0,0.0,0.0,0.0,1,1,0
106,1,11,12,78.31941602801643,17.785258409896308,0.0,0.0,0.0,0.0,1,1,0
107,1,11,12,69.2248884778528,17.843581854976946,0.0,0.0,0.0,0.0,1,1,0
108,1,11,12,107.86685741601033,18.265153629923468,0.0,0.0,0.0,0.0,1,1,0
109,1,11,13,146.65053909090815,31.52381474373881,0.0,0.0,0.0,0.0,1,1,0
110,1,11,13,168.62438628093176,29.101922351142388,0.0,0.0,0.0,0.0,1,1,0
111,1,11,13,0.0,0.0,0.0,0.0,0.0,0.0,1,1,0
112,1,11,13,0.0,0.0,0.0,0.0,0.0,0.0,1,1,0
113,1,12,14,163.4408141444747,37.018965985126975,0.0,0.0,0.0,0.0,1,1,0
114,1,12,16,140.0670999683641,23.997296597398538,0.0,0.0,0.0,0.0,1,1,0
115,1,12,16,253.82432882484449,51.77565142191946,0.0,0.0,0.0,0.0,1,1,0
116,1,12,16,71.431054540677,15.420608385862781,0.0,0.0,0.0,0.0,1,1,0
117,1,12,17,0.0,0.0,0.0,0.0,0.0,0.0,1,1,0
118,1,12,17,168.94937526889623,42.32671245339196,0.0,0.0,0.0,0.0,1,1,0
119,1,12,15,129.9534621778708,20.520020871021035,0.0,0.0,0.0,0.0,1,1,0
120,1,12,15,67.3662274309337,15.581619327548147,0.0,0.0,0.0,0.0,1,1,0
121,1,12,17,0.0,0.0,0.0,0.0,0.0,0.0,1,1,0
122,1,12,17,0.0,0.0,0.0,0.0,0.0,0.0,1,1,0
123,1,12,15,0.0,0.0,0.0,0.0,0.0,0.0,1,1,0
124,1,12,16,0.0,0.0,0.0,0.0,0.0,0.0,1,1,0
201,1,21,21,64.82695504333878,13.125107642814239,0.0,0.0,0.0,0.0,1,1,0
202,1,21,22,58.45906061845017,14.52681210798025,0.0,0.0,0.0,0.0,1,1,0
203,1,21,21,147.3670759632848,29.776390469625312,0.0,0.0,0.0,0.0,1,1,0
204,1,21,21,49.9614024228598,7.794457723291357,0.0,0.0,0.0,0.0,1,1,0
205,1,21,21,56.80326965626473,11.892412187366189,0.0,0.0,0.0,0.0,1,1,0
206,1,21,22,80.59087305389419,13.629646907587722,0.0,0.0,0.0,0.0,1,1,0
207,1,21,22,81.73794010324055,14.512494796608806,0.0,0.0,0.0,0.0,1,1,0
208,1,21,22,119.12023119805484,24.232471733634593,0.0,0.0,0.0,0.0,1,1,0
209,1,21,23,92.66326749570436,30.607638202280185,0.0,0.0,0.0,0.0,1,1,0
210,1,21,23,153.21704658877312,28.846896795216946,0.0,0.0,0.0,0.0,1,1,0
211,1,21,23,0.0,0.0,0.0,0.0,0.0,0.0,1,1,0
212,1,21,23,0.0,0.0,0.0,0.0,0.0,0.0,1,1,0
213,1,22,24,172.53159065592453,38.97668321552937,0.0,0.0,0.0,0.0,1,1,0
214,1,22,26,161.37012821713714,24.63975132921143,0.0,0.0,0.0,0.0,1,1,0
215,1,22,26,167.65940926346673,36.703222066086525,0.0,0.0,0.0,0.0,1,1,0
216,1,22,26,79.58644362932536,15.080567935324272,0.0,0.0,0.0,0.0,1,1,0
217,1,22,27,0.0,0.0,0.0,0.0,0.0,0.0,1,1,0
218,1,22,27,276.62580308612667,37.49245290791038,0.0,0.0,0.0,0.0,1,1,0
219,1,22,25,122.45428162746896,32.702058840721335,0.0,0.0,0.0,0.0,1,1,0
220,1,22,25,115.08186913990974,14.585794890931249,0.0,0.0,0.0,0.0,1,1,0
221,1,22,27,0.0,0.0,0.0,0.0,0.0,0.0,1,1,0
222,1,22,27,0.0,0.0,0.0,0.0,0.0,0.0,1,1,0
223,1,22,25,0.0,0.0,0.0,0.0,0.0,0.0,1,1,0
224,1,22,26,0.0,0.0,0.0,0.0,0.0,0.0,1,1,0
301,1,31,31,61.32326605575307,18.55705812384328,0.0,0.0,0.0,0.0,1,1,0
302,1,31,32,70.34097136505284,12.922791029205545,0.0,0.0,0.0,0.0,1,1,0
303,1,31,31,120.88602239338773,20.296189874967045,0.0,0.0,0.0,0.0,1,1,0
304,1,31,31,50.59922877479586,10.764145431049167,0.0,0.0,0.0,0.0,1,1,0
305,1,31,31,60.94666087807166,11.441531283558627,0.0,0.0,0.0,0.0,1,1,0
306,1,31,32,108.27249808124677,14.715335116354376,0.0,0.0,0.0,0.0,1,1,0
307,1,31,32,109.05334581504576,22.213815016929292,0.0,0.0,0.0,0.0,1,1,0
308,1,31,32,127.39432559277027,17.31581746451603,0.0,0.0,0.0,0.0,1,1,0
309,1,31,33,92.77328177925548,18.668072997714578,0.0,0.0,0.0,0.0,1,1,0
310,1,31,33,155.66706182518533,31.946672161163765,0.0,0.0,0.0,0.0,1,1,0
311,1,31,33,0.0,0.0,0.0,0.0,0.0,0.0,1,1,0
312,1,31,33,0.0,0.0,0.0,0.0,0.0,0.0,1,1,0
313,1,32,34,195.6150635312239,36.166455936102004,0.0,0.0,0.0,0.0,1,1,0
314,1,32,36,99.38820940336855,21.288441083631618,0.0,0.0,0.0,0.0,1,1,0
315,1,32,36,234.28318116712032,44.830406431934236,0.0,0.0,0.0,0.0,1,1,0
