% From Raw File 
%% RTS 96 System Bus Data %% 
all_busdata96 = [ 
101,138,2,1,1,1,1.00,0.00,1.1,0.9,1.1,0.9
102,138,2,1,1,1,1.00,0.00,1.1,0.9,1.1,0.9
103,138,1,1,1,1,1.00,0.00,1.1,0.9,1.1,0.9
104,138,1,1,1,1,1.00,0.00,1.1,0.9,1.1,0.9
105,138,1,1,1,1,1.00,0.00,1.1,0.9,1.1,0.9
106,138,1,1,1,1,1.00,0.00,1.1,0.9,1.1,0.9
107,138,2,1,1,1,1.00,0.00,1.1,0.9,1.1,0.9
108,138,1,1,1,1,1.00,0.00,1.1,0.9,1.1,0.9
109,138,1,1,1,1,1.00,0.00,1.1,0.9,1.1,0.9
110,138,1,1,1,1,1.00,0.00,1.1,0.9,1.1,0.9
111,230,1,1,1,1,1.00,0.00,1.1,0.9,1.1,0.9
112,230,1,1,1,1,1.00,0.00,1.1,0.9,1.1,0.9
113,230,3,1,1,1,1.00,0.00,1.1,0.9,1.1,0.9
114,230,2,1,1,1,1.00,0.00,1.1,0.9,1.1,0.9
115,230,2,1,1,1,1.00,0.00,1.1,0.9,1.1,0.9
116,230,2,1,1,1,1.00,0.00,1.1,0.9,1.1,0.9
117,230,1,1,1,1,1.00,0.00,1.1,0.9,1.1,0.9
118,230,2,1,1,1,1.00,0.00,1.1,0.9,1.1,0.9
119,230,1,1,1,1,1.00,0.00,1.1,0.9,1.1,0.9
120,230,1,1,1,1,1.00,0.00,1.1,0.9,1.1,0.9
121,230,2,1,1,1,1.00,0.00,1.1,0.9,1.1,0.9
122,230,2,1,1,1,1.00,0.00,1.1,0.9,1.1,0.9
123,230,2,1,1,1,1.00,0.00,1.1,0.9,1.1,0.9
124,230,1,1,1,1,1.00,0.00,1.1,0.9,1.1,0.9
201,138,2,1,1,1,1.00,0.00,1.1,0.9,1.1,0.9
202,138,2,1,1,1,1.00,0.00,1.1,0.9,1.1,0.9
203,138,1,1,1,1,1.00,0.00,1.1,0.9,1.1,0.9
204,138,1,1,1,1,1.00,0.00,1.1,0.9,1.1,0.9
205,138,1,1,1,1,1.00,0.00,1.1,0.9,1.1,0.9
206,138,1,1,1,1,1.00,0.00,1.1,0.9,1.1,0.9
207,138,2,1,1,1,1.00,0.00,1.1,0.9,1.1,0.9
208,138,1,1,1,1,1.00,0.00,1.1,0.9,1.1,0.9
209,138,1,1,1,1,1.00,0.00,1.1,0.9,1.1,0.9
210,138,1,1,1,1,1.00,0.00,1.1,0.9,1.1,0.9
211,230,1,1,1,1,1.00,0.00,1.1,0.9,1.1,0.9
212,230,1,1,1,1,1.00,0.00,1.1,0.9,1.1,0.9
213,230,2,1,1,1,1.00,0.00,1.1,0.9,1.1,0.9
214,230,2,1,1,1,1.00,0.00,1.1,0.9,1.1,0.9
215,230,2,1,1,1,1.00,0.00,1.1,0.9,1.1,0.9
216,230,2,1,1,1,1.00,0.00,1.1,0.9,1.1,0.9
217,230,1,1,1,1,1.00,0.00,1.1,0.9,1.1,0.9
218,230,2,1,1,1,1.00,0.00,1.1,0.9,1.1,0.9
219,230,1,1,1,1,1.00,0.00,1.1,0.9,1.1,0.9
220,230,1,1,1,1,1.00,0.00,1.1,0.9,1.1,0.9
221,230,2,1,1,1,1.00,0.00,1.1,0.9,1.1,0.9
222,230,2,1,1,1,1.00,0.00,1.1,0.9,1.1,0.9
223,230,2,1,1,1,1.00,0.00,1.1,0.9,1.1,0.9
224,230,1,1,1,1,1.00,0.00,1.1,0.9,1.1,0.9
301,138,2,1,1,1,1.00,0.00,1.1,0.9,1.1,0.9
302,138,2,1,1,1,1.00,0.00,1.1,0.9,1.1,0.9
303,138,1,1,1,1,1.00,0.00,1.1,0.9,1.1,0.9
304,138,1,1,1,1,1.00,0.00,1.1,0.9,1.1,0.9
305,138,1,1,1,1,1.00,0.00,1.1,0.9,1.1,0.9
306,138,1,1,1,1,1.00,0.00,1.1,0.9,1.1,0.9
307,138,2,1,1,1,1.00,0.00,1.1,0.9,1.1,0.9
308,138,1,1,1,1,1.00,0.00,1.1,0.9,1.1,0.9
309,138,1,1,1,1,1.00,0.00,1.1,0.9,1.1,0.9
310,138,1,1,1,1,1.00,0.00,1.1,0.9,1.1,0.9
311,230,1,1,1,1,1.00,0.00,1.1,0.9,1.1,0.9
312,230,1,1,1,1,1.00,0.00,1.1,0.9,1.1,0.9
313,230,2,1,1,1,1.00,0.00,1.1,0.9,1.1,0.9
314,230,2,1,1,1,1.00,0.00,1.1,0.9,1.1,0.9
315,230,2,1,1,1,1.00,0.00,1.1,0.9,1.1,0.9
316,230,2,1,1,1,1.00,0.00,1.1,0.9,1.1,0.9
317,230,1,1,1,1,1.00,0.00,1.1,0.9,1.1,0.9
318,230,2,1,1,1,1.00,0.00,1.1,0.9,1.1,0.9
319,230,1,1,1,1,1.00,0.00,1.1,0.9,1.1,0.9
320,230,1,1,1,1,1.00,0.00,1.1,0.9,1.1,0.9
321,230,2,1,1,1,1.00,0.00,1.1,0.9,1.1,0.9
322,230,2,1,1,1,1.00,0.00,1.1,0.9,1.1,0.9
323,230,2,1,1,1,1.00,0.00,1.1,0.9,1.1,0.9
324,230,1,1,1,1,1.00,0.00,1.1,0.9,1.1,0.9
325,230,1,1,1,1,1.00,0.00,1.1,0.9,1.1,0.9
]; 
all_busName96 = [   ' 101 ';  ' 102 ';  ' 103 ';  ' 104 ';  ' 105 ';  ' 106 ';  ' 107 ';  ' 108 ';  ' 109 ';  ' 110 ';  ' 111 ';  ' 112 ';  ' 113 ';  ' 114 ';  ' 115 ';  ' 116 ';  ' 117 ';  ' 118 ';  ' 119 ';  ' 120 ';  ' 121 ';  ' 122 ';  ' 123 ';  ' 124 ';  ' 201 ';  ' 202 ';  ' 203 ';  ' 204 ';  ' 205 ';  ' 206 ';  ' 207 ';  ' 208 ';  ' 209 ';  ' 210 ';  ' 211 ';  ' 212 ';  ' 213 ';  ' 214 ';  ' 215 ';  ' 216 ';  ' 217 ';  ' 218 ';  ' 219 ';  ' 220 ';  ' 221 ';  ' 222 ';  ' 223 ';  ' 224 ';  ' 301 ';  ' 302 ';  ' 303 ';  ' 304 ';  ' 305 ';  ' 306 ';  ' 307 ';  ' 308 ';  ' 309 ';  ' 310 ';  ' 311 ';  ' 312 ';  ' 313 ';  ' 314 ';  ' 315 ';  ' 316 ';  ' 317 ';  ' 318 ';  ' 319 ';  ' 320 ';  ' 321 ';  ' 322 ';  ' 323 ';  ' 324 ';  ' 325 '; ];
%% RTS 96 System Load Data %% 
all_loaddata96 = [ 
101,1,11,11,71.51612722228131,17.834257604512388,0.0,0.0,0.0,0.0,1,1,0
102,1,11,12,69.19562033514711,17.945932716434818,0.0,0.0,0.0,0.0,1,1,0
103,1,11,11,146.45684786261523,23.447413437277355,0.0,0.0,0.0,0.0,1,1,0
104,1,11,11,44.99096378635363,13.071388747329125,0.0,0.0,0.0,0.0,1,1,0
105,1,11,11,62.560947897216735,9.499904463884421,0.0,0.0,0.0,0.0,1,1,0
106,1,11,12,100.79224422451928,24.30587593061272,0.0,0.0,0.0,0.0,1,1,0
107,1,11,12,82.43843917126651,22.147361604210456,0.0,0.0,0.0,0.0,1,1,0
108,1,11,12,115.35219565847707,23.786951073617907,0.0,0.0,0.0,0.0,1,1,0
109,1,11,13,111.72136229188764,23.64426836719327,0.0,0.0,0.0,0.0,1,1,0
110,1,11,13,169.55656358856987,32.407196985974906,0.0,0.0,0.0,0.0,1,1,0
111,1,11,13,0.0,0.0,0.0,0.0,0.0,0.0,1,1,0
112,1,11,13,0.0,0.0,0.0,0.0,0.0,0.0,1,1,0
113,1,12,14,189.0853333967873,46.257538047458226,0.0,0.0,0.0,0.0,1,1,0
114,1,12,16,140.04024927686825,32.66290896577305,0.0,0.0,0.0,0.0,1,1,0
115,1,12,16,248.6856996631276,38.99911586514115,0.0,0.0,0.0,0.0,1,1,0
116,1,12,16,64.27970953946001,16.927051829097795,0.0,0.0,0.0,0.0,1,1,0
117,1,12,17,0.0,0.0,0.0,0.0,0.0,0.0,1,1,0
118,1,12,17,227.15163820624088,44.65394926508479,0.0,0.0,0.0,0.0,1,1,0
119,1,12,15,155.9086907633117,27.386812410832757,0.0,0.0,0.0,0.0,1,1,0
120,1,12,15,64.46509475805759,20.57369730220847,0.0,0.0,0.0,0.0,1,1,0
121,1,12,17,0.0,0.0,0.0,0.0,0.0,0.0,1,1,0
122,1,12,17,0.0,0.0,0.0,0.0,0.0,0.0,1,1,0
123,1,12,15,0.0,0.0,0.0,0.0,0.0,0.0,1,1,0
124,1,12,16,0.0,0.0,0.0,0.0,0.0,0.0,1,1,0
201,1,21,21,61.63071102558765,13.894439965864644,0.0,0.0,0.0,0.0,1,1,0
202,1,21,22,53.90519111247095,13.586499934745952,0.0,0.0,0.0,0.0,1,1,0
203,1,21,21,144.25355673726463,25.51494654331994,0.0,0.0,0.0,0.0,1,1,0
204,1,21,21,50.22262401637053,7.965522844007005,0.0,0.0,0.0,0.0,1,1,0
205,1,21,21,62.900097474805,11.169550184542594,0.0,0.0,0.0,0.0,1,1,0
206,1,21,22,78.78777670270131,21.969904121177272,0.0,0.0,0.0,0.0,1,1,0
207,1,21,22,99.52811881426605,17.52008272722247,0.0,0.0,0.0,0.0,1,1,0
208,1,21,22,132.25386105527033,20.745545122187817,0.0,0.0,0.0,0.0,1,1,0
209,1,21,23,106.90297928744462,28.826301203104666,0.0,0.0,0.0,0.0,1,1,0
210,1,21,23,163.40260378844593,19.992763222379608,0.0,0.0,0.0,0.0,1,1,0
211,1,21,23,0.0,0.0,0.0,0.0,0.0,0.0,1,1,0
212,1,21,23,0.0,0.0,0.0,0.0,0.0,0.0,1,1,0
213,1,22,24,179.66173868650597,34.641289137880506,0.0,0.0,0.0,0.0,1,1,0
214,1,22,26,157.1923337992768,27.335503766660256,0.0,0.0,0.0,0.0,1,1,0
215,1,22,26,191.88171533544968,52.74822781501114,0.0,0.0,0.0,0.0,1,1,0
216,1,22,26,88.28916125069372,10.272828469125553,0.0,0.0,0.0,0.0,1,1,0
217,1,22,27,0.0,0.0,0.0,0.0,0.0,0.0,1,1,0
218,1,22,27,265.058731763115,59.1190754949404,0.0,0.0,0.0,0.0,1,1,0
219,1,22,25,144.6480824360177,21.090698986205783,0.0,0.0,0.0,0.0,1,1,0
220,1,22,25,81.81521063910127,16.861110585873853,0.0,0.0,0.0,0.0,1,1,0
221,1,22,27,0.0,0.0,0.0,0.0,0.0,0.0,1,1,0
222,1,22,27,0.0,0.0,0.0,0.0,0.0,0.0,1,1,0
223,1,22,25,0.0,0.0,0.0,0.0,0.0,0.0,1,1,0
224,1,22,26,0.0,0.0,0.0,0.0,0.0,0.0,1,1,0
301,1,31,31,76.88136335217709,16.732237969044597,0.0,0.0,0.0,0.0,1,1,0
302,1,31,32,47.776062485911794,12.236653433687053,0.0,0.0,0.0,0.0,1,1,0
303,1,31,31,91.12297957643867,29.065911530031634,0.0,0.0,0.0,0.0,1,1,0
304,1,31,31,45.167062402567076,12.123461153629234,0.0,0.0,0.0,0.0,1,1,0
305,1,31,31,45.89146404745323,6.968333449449297,0.0,0.0,0.0,0.0,1,1,0
306,1,31,32,67.37002880680784,14.206465371486358,0.0,0.0,0.0,0.0,1,1,0
307,1,31,32,83.70987485596561,19.830080166840926,0.0,0.0,0.0,0.0,1,1,0
308,1,31,32,94.4696532650989,18.473898667036785,0.0,0.0,0.0,0.0,1,1,0
309,1,31,33,90.39891445656075,25.17665788423475,0.0,0.0,0.0,0.0,1,1,0
310,1,31,33,164.81695442666208,31.2637137356624,0.0,0.0,0.0,0.0,1,1,0
311,1,31,33,0.0,0.0,0.0,0.0,0.0,0.0,1,1,0
312,1,31,33,0.0,0.0,0.0,0.0,0.0,0.0,1,1,0
313,1,32,34,215.69765514379205,45.9963687955792,0.0,0.0,0.0,0.0,1,1,0
314,1,32,36,166.8317173968441,32.98123232983891,0.0,0.0,0.0,0.0,1,1,0
315,1,32,36,220.54550665995177,52.643991805940864,0.0,0.0,0.0,0.0,1,1,0
