% From Raw File 
%% RTS 96 System Bus Data %% 
all_busdata96 = [ 
101,138,2,1,1,1,1.00,0.00,1.1,0.9,1.1,0.9
102,138,2,1,1,1,1.00,0.00,1.1,0.9,1.1,0.9
103,138,1,1,1,1,1.00,0.00,1.1,0.9,1.1,0.9
104,138,1,1,1,1,1.00,0.00,1.1,0.9,1.1,0.9
105,138,1,1,1,1,1.00,0.00,1.1,0.9,1.1,0.9
106,138,1,1,1,1,1.00,0.00,1.1,0.9,1.1,0.9
107,138,2,1,1,1,1.00,0.00,1.1,0.9,1.1,0.9
108,138,1,1,1,1,1.00,0.00,1.1,0.9,1.1,0.9
109,138,1,1,1,1,1.00,0.00,1.1,0.9,1.1,0.9
110,138,1,1,1,1,1.00,0.00,1.1,0.9,1.1,0.9
111,230,1,1,1,1,1.00,0.00,1.1,0.9,1.1,0.9
112,230,1,1,1,1,1.00,0.00,1.1,0.9,1.1,0.9
113,230,3,1,1,1,1.00,0.00,1.1,0.9,1.1,0.9
114,230,2,1,1,1,1.00,0.00,1.1,0.9,1.1,0.9
115,230,2,1,1,1,1.00,0.00,1.1,0.9,1.1,0.9
116,230,2,1,1,1,1.00,0.00,1.1,0.9,1.1,0.9
117,230,1,1,1,1,1.00,0.00,1.1,0.9,1.1,0.9
118,230,2,1,1,1,1.00,0.00,1.1,0.9,1.1,0.9
119,230,1,1,1,1,1.00,0.00,1.1,0.9,1.1,0.9
120,230,1,1,1,1,1.00,0.00,1.1,0.9,1.1,0.9
121,230,2,1,1,1,1.00,0.00,1.1,0.9,1.1,0.9
122,230,2,1,1,1,1.00,0.00,1.1,0.9,1.1,0.9
123,230,2,1,1,1,1.00,0.00,1.1,0.9,1.1,0.9
124,230,1,1,1,1,1.00,0.00,1.1,0.9,1.1,0.9
201,138,2,1,1,1,1.00,0.00,1.1,0.9,1.1,0.9
202,138,2,1,1,1,1.00,0.00,1.1,0.9,1.1,0.9
203,138,1,1,1,1,1.00,0.00,1.1,0.9,1.1,0.9
204,138,1,1,1,1,1.00,0.00,1.1,0.9,1.1,0.9
205,138,1,1,1,1,1.00,0.00,1.1,0.9,1.1,0.9
206,138,1,1,1,1,1.00,0.00,1.1,0.9,1.1,0.9
207,138,2,1,1,1,1.00,0.00,1.1,0.9,1.1,0.9
208,138,1,1,1,1,1.00,0.00,1.1,0.9,1.1,0.9
209,138,1,1,1,1,1.00,0.00,1.1,0.9,1.1,0.9
210,138,1,1,1,1,1.00,0.00,1.1,0.9,1.1,0.9
211,230,1,1,1,1,1.00,0.00,1.1,0.9,1.1,0.9
212,230,1,1,1,1,1.00,0.00,1.1,0.9,1.1,0.9
213,230,2,1,1,1,1.00,0.00,1.1,0.9,1.1,0.9
214,230,2,1,1,1,1.00,0.00,1.1,0.9,1.1,0.9
215,230,2,1,1,1,1.00,0.00,1.1,0.9,1.1,0.9
216,230,2,1,1,1,1.00,0.00,1.1,0.9,1.1,0.9
217,230,1,1,1,1,1.00,0.00,1.1,0.9,1.1,0.9
218,230,2,1,1,1,1.00,0.00,1.1,0.9,1.1,0.9
219,230,1,1,1,1,1.00,0.00,1.1,0.9,1.1,0.9
220,230,1,1,1,1,1.00,0.00,1.1,0.9,1.1,0.9
221,230,2,1,1,1,1.00,0.00,1.1,0.9,1.1,0.9
222,230,2,1,1,1,1.00,0.00,1.1,0.9,1.1,0.9
223,230,2,1,1,1,1.00,0.00,1.1,0.9,1.1,0.9
224,230,1,1,1,1,1.00,0.00,1.1,0.9,1.1,0.9
301,138,2,1,1,1,1.00,0.00,1.1,0.9,1.1,0.9
302,138,2,1,1,1,1.00,0.00,1.1,0.9,1.1,0.9
303,138,1,1,1,1,1.00,0.00,1.1,0.9,1.1,0.9
304,138,1,1,1,1,1.00,0.00,1.1,0.9,1.1,0.9
305,138,1,1,1,1,1.00,0.00,1.1,0.9,1.1,0.9
306,138,1,1,1,1,1.00,0.00,1.1,0.9,1.1,0.9
307,138,2,1,1,1,1.00,0.00,1.1,0.9,1.1,0.9
308,138,1,1,1,1,1.00,0.00,1.1,0.9,1.1,0.9
309,138,1,1,1,1,1.00,0.00,1.1,0.9,1.1,0.9
310,138,1,1,1,1,1.00,0.00,1.1,0.9,1.1,0.9
311,230,1,1,1,1,1.00,0.00,1.1,0.9,1.1,0.9
312,230,1,1,1,1,1.00,0.00,1.1,0.9,1.1,0.9
313,230,2,1,1,1,1.00,0.00,1.1,0.9,1.1,0.9
314,230,2,1,1,1,1.00,0.00,1.1,0.9,1.1,0.9
315,230,2,1,1,1,1.00,0.00,1.1,0.9,1.1,0.9
316,230,2,1,1,1,1.00,0.00,1.1,0.9,1.1,0.9
317,230,1,1,1,1,1.00,0.00,1.1,0.9,1.1,0.9
318,230,2,1,1,1,1.00,0.00,1.1,0.9,1.1,0.9
319,230,1,1,1,1,1.00,0.00,1.1,0.9,1.1,0.9
320,230,1,1,1,1,1.00,0.00,1.1,0.9,1.1,0.9
321,230,2,1,1,1,1.00,0.00,1.1,0.9,1.1,0.9
322,230,2,1,1,1,1.00,0.00,1.1,0.9,1.1,0.9
323,230,2,1,1,1,1.00,0.00,1.1,0.9,1.1,0.9
324,230,1,1,1,1,1.00,0.00,1.1,0.9,1.1,0.9
325,230,1,1,1,1,1.00,0.00,1.1,0.9,1.1,0.9
]; 
all_busName96 = [   ' 101 ';  ' 102 ';  ' 103 ';  ' 104 ';  ' 105 ';  ' 106 ';  ' 107 ';  ' 108 ';  ' 109 ';  ' 110 ';  ' 111 ';  ' 112 ';  ' 113 ';  ' 114 ';  ' 115 ';  ' 116 ';  ' 117 ';  ' 118 ';  ' 119 ';  ' 120 ';  ' 121 ';  ' 122 ';  ' 123 ';  ' 124 ';  ' 201 ';  ' 202 ';  ' 203 ';  ' 204 ';  ' 205 ';  ' 206 ';  ' 207 ';  ' 208 ';  ' 209 ';  ' 210 ';  ' 211 ';  ' 212 ';  ' 213 ';  ' 214 ';  ' 215 ';  ' 216 ';  ' 217 ';  ' 218 ';  ' 219 ';  ' 220 ';  ' 221 ';  ' 222 ';  ' 223 ';  ' 224 ';  ' 301 ';  ' 302 ';  ' 303 ';  ' 304 ';  ' 305 ';  ' 306 ';  ' 307 ';  ' 308 ';  ' 309 ';  ' 310 ';  ' 311 ';  ' 312 ';  ' 313 ';  ' 314 ';  ' 315 ';  ' 316 ';  ' 317 ';  ' 318 ';  ' 319 ';  ' 320 ';  ' 321 ';  ' 322 ';  ' 323 ';  ' 324 ';  ' 325 '; ];
%% RTS 96 System Load Data %% 
all_loaddata96 = [ 
101,1,11,11,90.70361123053506,14.301752812947985,0.0,0.0,0.0,0.0,1,1,0
102,1,11,12,84.46822575595645,11.091544519817456,0.0,0.0,0.0,0.0,1,1,0
103,1,11,11,101.27038092143833,18.379827966742123,0.0,0.0,0.0,0.0,1,1,0
104,1,11,11,49.45155013849865,13.250086246890016,0.0,0.0,0.0,0.0,1,1,0
105,1,11,11,54.603129925763795,7.763619108872394,0.0,0.0,0.0,0.0,1,1,0
106,1,11,12,112.82075938611479,15.731511389876156,0.0,0.0,0.0,0.0,1,1,0
107,1,11,12,74.3752790004888,14.008100753148318,0.0,0.0,0.0,0.0,1,1,0
108,1,11,12,145.9902451606358,29.597790155285036,0.0,0.0,0.0,0.0,1,1,0
109,1,11,13,109.17837083572755,29.834902960640008,0.0,0.0,0.0,0.0,1,1,0
110,1,11,13,134.90586185788058,28.57739242896996,0.0,0.0,0.0,0.0,1,1,0
111,1,11,13,0.0,0.0,0.0,0.0,0.0,0.0,1,1,0
112,1,11,13,0.0,0.0,0.0,0.0,0.0,0.0,1,1,0
113,1,12,14,151.67810465420618,27.39196055350927,0.0,0.0,0.0,0.0,1,1,0
114,1,12,16,120.22737329166485,28.021835252211613,0.0,0.0,0.0,0.0,1,1,0
115,1,12,16,272.5898831185866,56.29594307228029,0.0,0.0,0.0,0.0,1,1,0
116,1,12,16,74.1356225740118,11.894592927142046,0.0,0.0,0.0,0.0,1,1,0
117,1,12,17,0.0,0.0,0.0,0.0,0.0,0.0,1,1,0
118,1,12,17,194.0801026945995,53.851170926431195,0.0,0.0,0.0,0.0,1,1,0
119,1,12,15,123.76774416226745,32.04847104487061,0.0,0.0,0.0,0.0,1,1,0
120,1,12,15,101.75226997947692,18.812196943066738,0.0,0.0,0.0,0.0,1,1,0
121,1,12,17,0.0,0.0,0.0,0.0,0.0,0.0,1,1,0
122,1,12,17,0.0,0.0,0.0,0.0,0.0,0.0,1,1,0
123,1,12,15,0.0,0.0,0.0,0.0,0.0,0.0,1,1,0
124,1,12,16,0.0,0.0,0.0,0.0,0.0,0.0,1,1,0
201,1,21,21,77.38642455418947,18.428763394481688,0.0,0.0,0.0,0.0,1,1,0
202,1,21,22,68.4434736428462,13.261127436080015,0.0,0.0,0.0,0.0,1,1,0
203,1,21,21,93.63026784106435,21.097664899568954,0.0,0.0,0.0,0.0,1,1,0
204,1,21,21,54.870473854853124,9.747370520432945,0.0,0.0,0.0,0.0,1,1,0
205,1,21,21,51.91288858675305,8.214608142801561,0.0,0.0,0.0,0.0,1,1,0
206,1,21,22,72.33087840658575,14.619619040205514,0.0,0.0,0.0,0.0,1,1,0
207,1,21,22,104.04103770311339,17.436292246595258,0.0,0.0,0.0,0.0,1,1,0
208,1,21,22,99.23097891237995,25.5228702330566,0.0,0.0,0.0,0.0,1,1,0
209,1,21,23,135.77948427923258,32.0682822722476,0.0,0.0,0.0,0.0,1,1,0
210,1,21,23,168.76110302703896,35.04299226185493,0.0,0.0,0.0,0.0,1,1,0
211,1,21,23,0.0,0.0,0.0,0.0,0.0,0.0,1,1,0
212,1,21,23,0.0,0.0,0.0,0.0,0.0,0.0,1,1,0
213,1,22,24,141.84027886375807,46.05762487986647,0.0,0.0,0.0,0.0,1,1,0
214,1,22,26,143.73834528287549,33.51903929776023,0.0,0.0,0.0,0.0,1,1,0
215,1,22,26,241.41995255886314,39.05014822048545,0.0,0.0,0.0,0.0,1,1,0
216,1,22,26,65.11948738651816,17.26503998170048,0.0,0.0,0.0,0.0,1,1,0
217,1,22,27,0.0,0.0,0.0,0.0,0.0,0.0,1,1,0
218,1,22,27,180.02124215226243,35.546342795492336,0.0,0.0,0.0,0.0,1,1,0
219,1,22,25,151.59178811135513,20.057779629618345,0.0,0.0,0.0,0.0,1,1,0
220,1,22,25,89.64318446702957,21.392908301173804,0.0,0.0,0.0,0.0,1,1,0
221,1,22,27,0.0,0.0,0.0,0.0,0.0,0.0,1,1,0
222,1,22,27,0.0,0.0,0.0,0.0,0.0,0.0,1,1,0
223,1,22,25,0.0,0.0,0.0,0.0,0.0,0.0,1,1,0
224,1,22,26,0.0,0.0,0.0,0.0,0.0,0.0,1,1,0
301,1,31,31,61.54377361203208,17.994914968096463,0.0,0.0,0.0,0.0,1,1,0
302,1,31,32,76.9395854352564,17.036807339315306,0.0,0.0,0.0,0.0,1,1,0
303,1,31,31,144.4475850375155,18.64990441241101,0.0,0.0,0.0,0.0,1,1,0
304,1,31,31,43.03270472986428,11.711399926068959,0.0,0.0,0.0,0.0,1,1,0
305,1,31,31,35.66507419579779,7.581758455219119,0.0,0.0,0.0,0.0,1,1,0
306,1,31,32,107.9644331063915,21.33496212251857,0.0,0.0,0.0,0.0,1,1,0
307,1,31,32,112.04040477370144,18.49514456432895,0.0,0.0,0.0,0.0,1,1,0
308,1,31,32,148.71921796772966,18.392935072881865,0.0,0.0,0.0,0.0,1,1,0
309,1,31,33,115.3640418284945,19.70574913651999,0.0,0.0,0.0,0.0,1,1,0
310,1,31,33,172.92831268815323,22.83612432146631,0.0,0.0,0.0,0.0,1,1,0
311,1,31,33,0.0,0.0,0.0,0.0,0.0,0.0,1,1,0
312,1,31,33,0.0,0.0,0.0,0.0,0.0,0.0,1,1,0
313,1,32,34,208.7605750122196,37.63797139505809,0.0,0.0,0.0,0.0,1,1,0
314,1,32,36,143.85773512032193,25.30696806982267,0.0,0.0,0.0,0.0,1,1,0
315,1,32,36,216.04776021971753,42.304793482267854,0.0,0.0,0.0,0.0,1,1,0
