% From Raw File 
%% RTS 96 System Bus Data %% 
all_busdata96 = [ 
101,138,2,1,1,1,1.00,0.00,1.1,0.9,1.1,0.9
102,138,2,1,1,1,1.00,0.00,1.1,0.9,1.1,0.9
103,138,1,1,1,1,1.00,0.00,1.1,0.9,1.1,0.9
104,138,1,1,1,1,1.00,0.00,1.1,0.9,1.1,0.9
105,138,1,1,1,1,1.00,0.00,1.1,0.9,1.1,0.9
106,138,1,1,1,1,1.00,0.00,1.1,0.9,1.1,0.9
107,138,2,1,1,1,1.00,0.00,1.1,0.9,1.1,0.9
108,138,1,1,1,1,1.00,0.00,1.1,0.9,1.1,0.9
109,138,1,1,1,1,1.00,0.00,1.1,0.9,1.1,0.9
110,138,1,1,1,1,1.00,0.00,1.1,0.9,1.1,0.9
111,230,1,1,1,1,1.00,0.00,1.1,0.9,1.1,0.9
112,230,1,1,1,1,1.00,0.00,1.1,0.9,1.1,0.9
113,230,3,1,1,1,1.00,0.00,1.1,0.9,1.1,0.9
114,230,2,1,1,1,1.00,0.00,1.1,0.9,1.1,0.9
115,230,2,1,1,1,1.00,0.00,1.1,0.9,1.1,0.9
116,230,2,1,1,1,1.00,0.00,1.1,0.9,1.1,0.9
117,230,1,1,1,1,1.00,0.00,1.1,0.9,1.1,0.9
118,230,2,1,1,1,1.00,0.00,1.1,0.9,1.1,0.9
119,230,1,1,1,1,1.00,0.00,1.1,0.9,1.1,0.9
120,230,1,1,1,1,1.00,0.00,1.1,0.9,1.1,0.9
121,230,2,1,1,1,1.00,0.00,1.1,0.9,1.1,0.9
122,230,2,1,1,1,1.00,0.00,1.1,0.9,1.1,0.9
123,230,2,1,1,1,1.00,0.00,1.1,0.9,1.1,0.9
124,230,1,1,1,1,1.00,0.00,1.1,0.9,1.1,0.9
201,138,2,1,1,1,1.00,0.00,1.1,0.9,1.1,0.9
202,138,2,1,1,1,1.00,0.00,1.1,0.9,1.1,0.9
203,138,1,1,1,1,1.00,0.00,1.1,0.9,1.1,0.9
204,138,1,1,1,1,1.00,0.00,1.1,0.9,1.1,0.9
205,138,1,1,1,1,1.00,0.00,1.1,0.9,1.1,0.9
206,138,1,1,1,1,1.00,0.00,1.1,0.9,1.1,0.9
207,138,2,1,1,1,1.00,0.00,1.1,0.9,1.1,0.9
208,138,1,1,1,1,1.00,0.00,1.1,0.9,1.1,0.9
209,138,1,1,1,1,1.00,0.00,1.1,0.9,1.1,0.9
210,138,1,1,1,1,1.00,0.00,1.1,0.9,1.1,0.9
211,230,1,1,1,1,1.00,0.00,1.1,0.9,1.1,0.9
212,230,1,1,1,1,1.00,0.00,1.1,0.9,1.1,0.9
213,230,2,1,1,1,1.00,0.00,1.1,0.9,1.1,0.9
214,230,2,1,1,1,1.00,0.00,1.1,0.9,1.1,0.9
215,230,2,1,1,1,1.00,0.00,1.1,0.9,1.1,0.9
216,230,2,1,1,1,1.00,0.00,1.1,0.9,1.1,0.9
217,230,1,1,1,1,1.00,0.00,1.1,0.9,1.1,0.9
218,230,2,1,1,1,1.00,0.00,1.1,0.9,1.1,0.9
219,230,1,1,1,1,1.00,0.00,1.1,0.9,1.1,0.9
220,230,1,1,1,1,1.00,0.00,1.1,0.9,1.1,0.9
221,230,2,1,1,1,1.00,0.00,1.1,0.9,1.1,0.9
222,230,2,1,1,1,1.00,0.00,1.1,0.9,1.1,0.9
223,230,2,1,1,1,1.00,0.00,1.1,0.9,1.1,0.9
224,230,1,1,1,1,1.00,0.00,1.1,0.9,1.1,0.9
301,138,2,1,1,1,1.00,0.00,1.1,0.9,1.1,0.9
302,138,2,1,1,1,1.00,0.00,1.1,0.9,1.1,0.9
303,138,1,1,1,1,1.00,0.00,1.1,0.9,1.1,0.9
304,138,1,1,1,1,1.00,0.00,1.1,0.9,1.1,0.9
305,138,1,1,1,1,1.00,0.00,1.1,0.9,1.1,0.9
306,138,1,1,1,1,1.00,0.00,1.1,0.9,1.1,0.9
307,138,2,1,1,1,1.00,0.00,1.1,0.9,1.1,0.9
308,138,1,1,1,1,1.00,0.00,1.1,0.9,1.1,0.9
309,138,1,1,1,1,1.00,0.00,1.1,0.9,1.1,0.9
310,138,1,1,1,1,1.00,0.00,1.1,0.9,1.1,0.9
311,230,1,1,1,1,1.00,0.00,1.1,0.9,1.1,0.9
312,230,1,1,1,1,1.00,0.00,1.1,0.9,1.1,0.9
313,230,2,1,1,1,1.00,0.00,1.1,0.9,1.1,0.9
314,230,2,1,1,1,1.00,0.00,1.1,0.9,1.1,0.9
315,230,2,1,1,1,1.00,0.00,1.1,0.9,1.1,0.9
316,230,2,1,1,1,1.00,0.00,1.1,0.9,1.1,0.9
317,230,1,1,1,1,1.00,0.00,1.1,0.9,1.1,0.9
318,230,2,1,1,1,1.00,0.00,1.1,0.9,1.1,0.9
319,230,1,1,1,1,1.00,0.00,1.1,0.9,1.1,0.9
320,230,1,1,1,1,1.00,0.00,1.1,0.9,1.1,0.9
321,230,2,1,1,1,1.00,0.00,1.1,0.9,1.1,0.9
322,230,2,1,1,1,1.00,0.00,1.1,0.9,1.1,0.9
323,230,2,1,1,1,1.00,0.00,1.1,0.9,1.1,0.9
324,230,1,1,1,1,1.00,0.00,1.1,0.9,1.1,0.9
325,230,1,1,1,1,1.00,0.00,1.1,0.9,1.1,0.9
]; 
all_busName96 = [   ' 101 ';  ' 102 ';  ' 103 ';  ' 104 ';  ' 105 ';  ' 106 ';  ' 107 ';  ' 108 ';  ' 109 ';  ' 110 ';  ' 111 ';  ' 112 ';  ' 113 ';  ' 114 ';  ' 115 ';  ' 116 ';  ' 117 ';  ' 118 ';  ' 119 ';  ' 120 ';  ' 121 ';  ' 122 ';  ' 123 ';  ' 124 ';  ' 201 ';  ' 202 ';  ' 203 ';  ' 204 ';  ' 205 ';  ' 206 ';  ' 207 ';  ' 208 ';  ' 209 ';  ' 210 ';  ' 211 ';  ' 212 ';  ' 213 ';  ' 214 ';  ' 215 ';  ' 216 ';  ' 217 ';  ' 218 ';  ' 219 ';  ' 220 ';  ' 221 ';  ' 222 ';  ' 223 ';  ' 224 ';  ' 301 ';  ' 302 ';  ' 303 ';  ' 304 ';  ' 305 ';  ' 306 ';  ' 307 ';  ' 308 ';  ' 309 ';  ' 310 ';  ' 311 ';  ' 312 ';  ' 313 ';  ' 314 ';  ' 315 ';  ' 316 ';  ' 317 ';  ' 318 ';  ' 319 ';  ' 320 ';  ' 321 ';  ' 322 ';  ' 323 ';  ' 324 ';  ' 325 '; ];
%% RTS 96 System Load Data %% 
all_loaddata96 = [ 
101,1,11,11,53.27692300152852,13.000591465427913,0.0,0.0,0.0,0.0,1,1,0
102,1,11,12,48.400822729190345,16.77958795360755,0.0,0.0,0.0,0.0,1,1,0
103,1,11,11,92.35709202059915,20.981358880874,0.0,0.0,0.0,0.0,1,1,0
104,1,11,11,42.73408038514936,8.647130889913766,0.0,0.0,0.0,0.0,1,1,0
105,1,11,11,46.397159828701895,8.455237651726417,0.0,0.0,0.0,0.0,1,1,0
106,1,11,12,103.0351255746346,21.47381006538179,0.0,0.0,0.0,0.0,1,1,0
107,1,11,12,81.78696450666175,14.015741591337134,0.0,0.0,0.0,0.0,1,1,0
108,1,11,12,125.91502671241165,27.989284195969578,0.0,0.0,0.0,0.0,1,1,0
109,1,11,13,152.25054778819322,25.12569774484858,0.0,0.0,0.0,0.0,1,1,0
110,1,11,13,107.4659533028528,33.94670182863995,0.0,0.0,0.0,0.0,1,1,0
111,1,11,13,0.0,0.0,0.0,0.0,0.0,0.0,1,1,0
112,1,11,13,0.0,0.0,0.0,0.0,0.0,0.0,1,1,0
113,1,12,14,143.38059379312628,44.32766033088387,0.0,0.0,0.0,0.0,1,1,0
114,1,12,16,153.733454697535,32.416737631669456,0.0,0.0,0.0,0.0,1,1,0
115,1,12,16,177.4286018074741,43.52837234251499,0.0,0.0,0.0,0.0,1,1,0
116,1,12,16,53.62196471925359,10.091195544912479,0.0,0.0,0.0,0.0,1,1,0
117,1,12,17,0.0,0.0,0.0,0.0,0.0,0.0,1,1,0
118,1,12,17,235.79029770667967,50.44757882460114,0.0,0.0,0.0,0.0,1,1,0
119,1,12,15,90.96022966668899,18.083826886445888,0.0,0.0,0.0,0.0,1,1,0
120,1,12,15,70.41111356250643,13.112340412762574,0.0,0.0,0.0,0.0,1,1,0
121,1,12,17,0.0,0.0,0.0,0.0,0.0,0.0,1,1,0
122,1,12,17,0.0,0.0,0.0,0.0,0.0,0.0,1,1,0
123,1,12,15,0.0,0.0,0.0,0.0,0.0,0.0,1,1,0
124,1,12,16,0.0,0.0,0.0,0.0,0.0,0.0,1,1,0
201,1,21,21,67.98034247136768,17.672417252361495,0.0,0.0,0.0,0.0,1,1,0
202,1,21,22,47.11417867048458,12.335704687264746,0.0,0.0,0.0,0.0,1,1,0
203,1,21,21,130.1304122922979,18.476888245170468,0.0,0.0,0.0,0.0,1,1,0
204,1,21,21,56.26374736716812,12.02496357076848,0.0,0.0,0.0,0.0,1,1,0
205,1,21,21,49.39885864613545,10.950874848699197,0.0,0.0,0.0,0.0,1,1,0
206,1,21,22,94.23078418910467,15.611071625716612,0.0,0.0,0.0,0.0,1,1,0
207,1,21,22,105.25915087934118,17.226939839649713,0.0,0.0,0.0,0.0,1,1,0
208,1,21,22,153.84736372314902,27.322332137066173,0.0,0.0,0.0,0.0,1,1,0
209,1,21,23,139.77694700570197,28.502503627036887,0.0,0.0,0.0,0.0,1,1,0
210,1,21,23,158.20357019261644,30.907135508526114,0.0,0.0,0.0,0.0,1,1,0
211,1,21,23,0.0,0.0,0.0,0.0,0.0,0.0,1,1,0
212,1,21,23,0.0,0.0,0.0,0.0,0.0,0.0,1,1,0
213,1,22,24,136.40618037978024,39.56171304709492,0.0,0.0,0.0,0.0,1,1,0
214,1,22,26,109.48294500511223,19.559676536777754,0.0,0.0,0.0,0.0,1,1,0
215,1,22,26,163.82422164170865,35.78063486755192,0.0,0.0,0.0,0.0,1,1,0
216,1,22,26,55.480221161423245,15.87436866144184,0.0,0.0,0.0,0.0,1,1,0
217,1,22,27,0.0,0.0,0.0,0.0,0.0,0.0,1,1,0
218,1,22,27,237.15581098164648,48.03672350827698,0.0,0.0,0.0,0.0,1,1,0
219,1,22,25,125.76048043503464,24.277901488028,0.0,0.0,0.0,0.0,1,1,0
220,1,22,25,77.51913451094627,16.500140813180153,0.0,0.0,0.0,0.0,1,1,0
221,1,22,27,0.0,0.0,0.0,0.0,0.0,0.0,1,1,0
222,1,22,27,0.0,0.0,0.0,0.0,0.0,0.0,1,1,0
223,1,22,25,0.0,0.0,0.0,0.0,0.0,0.0,1,1,0
224,1,22,26,0.0,0.0,0.0,0.0,0.0,0.0,1,1,0
301,1,31,31,96.58405698425342,13.130621248947179,0.0,0.0,0.0,0.0,1,1,0
302,1,31,32,63.115022657045124,14.444117741617374,0.0,0.0,0.0,0.0,1,1,0
303,1,31,31,155.81163163754718,24.485624567023986,0.0,0.0,0.0,0.0,1,1,0
304,1,31,31,42.65974021401806,11.33496602798975,0.0,0.0,0.0,0.0,1,1,0
305,1,31,31,60.588875204429414,8.692339901328273,0.0,0.0,0.0,0.0,1,1,0
306,1,31,32,90.6377311053101,13.835328839820809,0.0,0.0,0.0,0.0,1,1,0
307,1,31,32,73.18517217632616,13.022982868946855,0.0,0.0,0.0,0.0,1,1,0
308,1,31,32,134.18447747032363,24.105385482106357,0.0,0.0,0.0,0.0,1,1,0
309,1,31,33,121.96931832822156,23.581253243827632,0.0,0.0,0.0,0.0,1,1,0
310,1,31,33,170.0627546912015,23.758405960533764,0.0,0.0,0.0,0.0,1,1,0
311,1,31,33,0.0,0.0,0.0,0.0,0.0,0.0,1,1,0
312,1,31,33,0.0,0.0,0.0,0.0,0.0,0.0,1,1,0
313,1,32,34,173.25773241460067,43.515550838742584,0.0,0.0,0.0,0.0,1,1,0
314,1,32,36,108.91828272790806,20.918530804392464,0.0,0.0,0.0,0.0,1,1,0
315,1,32,36,206.60460144633623,32.92252115345298,0.0,0.0,0.0,0.0,1,1,0
