% From Raw File 
%% RTS 96 System Bus Data %% 
all_busdata96 = [ 
101,138,2,1,1,1,1.00,0.00,1.1,0.9,1.1,0.9
102,138,2,1,1,1,1.00,0.00,1.1,0.9,1.1,0.9
103,138,1,1,1,1,1.00,0.00,1.1,0.9,1.1,0.9
104,138,1,1,1,1,1.00,0.00,1.1,0.9,1.1,0.9
105,138,1,1,1,1,1.00,0.00,1.1,0.9,1.1,0.9
106,138,1,1,1,1,1.00,0.00,1.1,0.9,1.1,0.9
107,138,2,1,1,1,1.00,0.00,1.1,0.9,1.1,0.9
108,138,1,1,1,1,1.00,0.00,1.1,0.9,1.1,0.9
109,138,1,1,1,1,1.00,0.00,1.1,0.9,1.1,0.9
110,138,1,1,1,1,1.00,0.00,1.1,0.9,1.1,0.9
111,230,1,1,1,1,1.00,0.00,1.1,0.9,1.1,0.9
112,230,1,1,1,1,1.00,0.00,1.1,0.9,1.1,0.9
113,230,3,1,1,1,1.00,0.00,1.1,0.9,1.1,0.9
114,230,2,1,1,1,1.00,0.00,1.1,0.9,1.1,0.9
115,230,2,1,1,1,1.00,0.00,1.1,0.9,1.1,0.9
116,230,2,1,1,1,1.00,0.00,1.1,0.9,1.1,0.9
117,230,1,1,1,1,1.00,0.00,1.1,0.9,1.1,0.9
118,230,2,1,1,1,1.00,0.00,1.1,0.9,1.1,0.9
119,230,1,1,1,1,1.00,0.00,1.1,0.9,1.1,0.9
120,230,1,1,1,1,1.00,0.00,1.1,0.9,1.1,0.9
121,230,2,1,1,1,1.00,0.00,1.1,0.9,1.1,0.9
122,230,2,1,1,1,1.00,0.00,1.1,0.9,1.1,0.9
123,230,2,1,1,1,1.00,0.00,1.1,0.9,1.1,0.9
124,230,1,1,1,1,1.00,0.00,1.1,0.9,1.1,0.9
201,138,2,1,1,1,1.00,0.00,1.1,0.9,1.1,0.9
202,138,2,1,1,1,1.00,0.00,1.1,0.9,1.1,0.9
203,138,1,1,1,1,1.00,0.00,1.1,0.9,1.1,0.9
204,138,1,1,1,1,1.00,0.00,1.1,0.9,1.1,0.9
205,138,1,1,1,1,1.00,0.00,1.1,0.9,1.1,0.9
206,138,1,1,1,1,1.00,0.00,1.1,0.9,1.1,0.9
207,138,2,1,1,1,1.00,0.00,1.1,0.9,1.1,0.9
208,138,1,1,1,1,1.00,0.00,1.1,0.9,1.1,0.9
209,138,1,1,1,1,1.00,0.00,1.1,0.9,1.1,0.9
210,138,1,1,1,1,1.00,0.00,1.1,0.9,1.1,0.9
211,230,1,1,1,1,1.00,0.00,1.1,0.9,1.1,0.9
212,230,1,1,1,1,1.00,0.00,1.1,0.9,1.1,0.9
213,230,2,1,1,1,1.00,0.00,1.1,0.9,1.1,0.9
214,230,2,1,1,1,1.00,0.00,1.1,0.9,1.1,0.9
215,230,2,1,1,1,1.00,0.00,1.1,0.9,1.1,0.9
216,230,2,1,1,1,1.00,0.00,1.1,0.9,1.1,0.9
217,230,1,1,1,1,1.00,0.00,1.1,0.9,1.1,0.9
218,230,2,1,1,1,1.00,0.00,1.1,0.9,1.1,0.9
219,230,1,1,1,1,1.00,0.00,1.1,0.9,1.1,0.9
220,230,1,1,1,1,1.00,0.00,1.1,0.9,1.1,0.9
221,230,2,1,1,1,1.00,0.00,1.1,0.9,1.1,0.9
222,230,2,1,1,1,1.00,0.00,1.1,0.9,1.1,0.9
223,230,2,1,1,1,1.00,0.00,1.1,0.9,1.1,0.9
224,230,1,1,1,1,1.00,0.00,1.1,0.9,1.1,0.9
301,138,2,1,1,1,1.00,0.00,1.1,0.9,1.1,0.9
302,138,2,1,1,1,1.00,0.00,1.1,0.9,1.1,0.9
303,138,1,1,1,1,1.00,0.00,1.1,0.9,1.1,0.9
304,138,1,1,1,1,1.00,0.00,1.1,0.9,1.1,0.9
305,138,1,1,1,1,1.00,0.00,1.1,0.9,1.1,0.9
306,138,1,1,1,1,1.00,0.00,1.1,0.9,1.1,0.9
307,138,2,1,1,1,1.00,0.00,1.1,0.9,1.1,0.9
308,138,1,1,1,1,1.00,0.00,1.1,0.9,1.1,0.9
309,138,1,1,1,1,1.00,0.00,1.1,0.9,1.1,0.9
310,138,1,1,1,1,1.00,0.00,1.1,0.9,1.1,0.9
311,230,1,1,1,1,1.00,0.00,1.1,0.9,1.1,0.9
312,230,1,1,1,1,1.00,0.00,1.1,0.9,1.1,0.9
313,230,2,1,1,1,1.00,0.00,1.1,0.9,1.1,0.9
314,230,2,1,1,1,1.00,0.00,1.1,0.9,1.1,0.9
315,230,2,1,1,1,1.00,0.00,1.1,0.9,1.1,0.9
316,230,2,1,1,1,1.00,0.00,1.1,0.9,1.1,0.9
317,230,1,1,1,1,1.00,0.00,1.1,0.9,1.1,0.9
318,230,2,1,1,1,1.00,0.00,1.1,0.9,1.1,0.9
319,230,1,1,1,1,1.00,0.00,1.1,0.9,1.1,0.9
320,230,1,1,1,1,1.00,0.00,1.1,0.9,1.1,0.9
321,230,2,1,1,1,1.00,0.00,1.1,0.9,1.1,0.9
322,230,2,1,1,1,1.00,0.00,1.1,0.9,1.1,0.9
323,230,2,1,1,1,1.00,0.00,1.1,0.9,1.1,0.9
324,230,1,1,1,1,1.00,0.00,1.1,0.9,1.1,0.9
325,230,1,1,1,1,1.00,0.00,1.1,0.9,1.1,0.9
]; 
all_busName96 = [   ' 101 ';  ' 102 ';  ' 103 ';  ' 104 ';  ' 105 ';  ' 106 ';  ' 107 ';  ' 108 ';  ' 109 ';  ' 110 ';  ' 111 ';  ' 112 ';  ' 113 ';  ' 114 ';  ' 115 ';  ' 116 ';  ' 117 ';  ' 118 ';  ' 119 ';  ' 120 ';  ' 121 ';  ' 122 ';  ' 123 ';  ' 124 ';  ' 201 ';  ' 202 ';  ' 203 ';  ' 204 ';  ' 205 ';  ' 206 ';  ' 207 ';  ' 208 ';  ' 209 ';  ' 210 ';  ' 211 ';  ' 212 ';  ' 213 ';  ' 214 ';  ' 215 ';  ' 216 ';  ' 217 ';  ' 218 ';  ' 219 ';  ' 220 ';  ' 221 ';  ' 222 ';  ' 223 ';  ' 224 ';  ' 301 ';  ' 302 ';  ' 303 ';  ' 304 ';  ' 305 ';  ' 306 ';  ' 307 ';  ' 308 ';  ' 309 ';  ' 310 ';  ' 311 ';  ' 312 ';  ' 313 ';  ' 314 ';  ' 315 ';  ' 316 ';  ' 317 ';  ' 318 ';  ' 319 ';  ' 320 ';  ' 321 ';  ' 322 ';  ' 323 ';  ' 324 ';  ' 325 '; ];
%% RTS 96 System Load Data %% 
all_loaddata96 = [ 
101,1,11,11,78.97673616712186,19.032529929525502,0.0,0.0,0.0,0.0,1,1,0
102,1,11,12,79.26218669270101,14.101428043076767,0.0,0.0,0.0,0.0,1,1,0
103,1,11,11,117.11797557136136,21.35774415902607,0.0,0.0,0.0,0.0,1,1,0
104,1,11,11,41.277262338615664,13.126712889161196,0.0,0.0,0.0,0.0,1,1,0
105,1,11,11,48.2840788907372,8.829217971706298,0.0,0.0,0.0,0.0,1,1,0
106,1,11,12,78.26862045451999,15.341102110197207,0.0,0.0,0.0,0.0,1,1,0
107,1,11,12,91.88039418199332,17.20024534415337,0.0,0.0,0.0,0.0,1,1,0
108,1,11,12,94.46303551607011,17.77365962507855,0.0,0.0,0.0,0.0,1,1,0
109,1,11,13,87.91389988317503,26.77508092337251,0.0,0.0,0.0,0.0,1,1,0
110,1,11,13,170.85087511042065,27.346720457347107,0.0,0.0,0.0,0.0,1,1,0
111,1,11,13,0.0,0.0,0.0,0.0,0.0,0.0,1,1,0
112,1,11,13,0.0,0.0,0.0,0.0,0.0,0.0,1,1,0
113,1,12,14,184.82163713182115,45.79395959730456,0.0,0.0,0.0,0.0,1,1,0
114,1,12,16,158.01073185067764,19.55221213853918,0.0,0.0,0.0,0.0,1,1,0
115,1,12,16,180.9140995634733,42.785779789003726,0.0,0.0,0.0,0.0,1,1,0
116,1,12,16,70.59177195923867,12.095980703341775,0.0,0.0,0.0,0.0,1,1,0
117,1,12,17,0.0,0.0,0.0,0.0,0.0,0.0,1,1,0
118,1,12,17,204.36127536435225,41.34297906245794,0.0,0.0,0.0,0.0,1,1,0
119,1,12,15,137.11872212556094,27.42444879123517,0.0,0.0,0.0,0.0,1,1,0
120,1,12,15,103.51552269464135,16.142936716213917,0.0,0.0,0.0,0.0,1,1,0
121,1,12,17,0.0,0.0,0.0,0.0,0.0,0.0,1,1,0
122,1,12,17,0.0,0.0,0.0,0.0,0.0,0.0,1,1,0
123,1,12,15,0.0,0.0,0.0,0.0,0.0,0.0,1,1,0
124,1,12,16,0.0,0.0,0.0,0.0,0.0,0.0,1,1,0
201,1,21,21,79.18859554226137,14.603258537294156,0.0,0.0,0.0,0.0,1,1,0
202,1,21,22,64.149587642712,15.567168488242661,0.0,0.0,0.0,0.0,1,1,0
203,1,21,21,125.29224701076932,22.91226918299119,0.0,0.0,0.0,0.0,1,1,0
204,1,21,21,43.347345915544494,7.34471029581665,0.0,0.0,0.0,0.0,1,1,0
205,1,21,21,36.65101668002391,12.566221307494862,0.0,0.0,0.0,0.0,1,1,0
206,1,21,22,78.77410204544105,15.38101491960827,0.0,0.0,0.0,0.0,1,1,0
207,1,21,22,93.44331019749517,15.888166325509081,0.0,0.0,0.0,0.0,1,1,0
208,1,21,22,125.83939335567747,20.153382892382094,0.0,0.0,0.0,0.0,1,1,0
209,1,21,23,112.50058639954892,20.320337077042645,0.0,0.0,0.0,0.0,1,1,0
210,1,21,23,95.19767647811302,29.182131364686413,0.0,0.0,0.0,0.0,1,1,0
211,1,21,23,0.0,0.0,0.0,0.0,0.0,0.0,1,1,0
212,1,21,23,0.0,0.0,0.0,0.0,0.0,0.0,1,1,0
213,1,22,24,143.12333895088057,40.37075447298679,0.0,0.0,0.0,0.0,1,1,0
214,1,22,26,109.90157274700637,28.168194507431057,0.0,0.0,0.0,0.0,1,1,0
215,1,22,26,243.80701110062867,48.31856207389533,0.0,0.0,0.0,0.0,1,1,0
216,1,22,26,73.83132668379228,16.606553163128904,0.0,0.0,0.0,0.0,1,1,0
217,1,22,27,0.0,0.0,0.0,0.0,0.0,0.0,1,1,0
218,1,22,27,222.37057743559905,45.01134292376172,0.0,0.0,0.0,0.0,1,1,0
219,1,22,25,105.28525900682469,29.68234867986501,0.0,0.0,0.0,0.0,1,1,0
220,1,22,25,87.26904589503407,17.52966975993114,0.0,0.0,0.0,0.0,1,1,0
221,1,22,27,0.0,0.0,0.0,0.0,0.0,0.0,1,1,0
222,1,22,27,0.0,0.0,0.0,0.0,0.0,0.0,1,1,0
223,1,22,25,0.0,0.0,0.0,0.0,0.0,0.0,1,1,0
224,1,22,26,0.0,0.0,0.0,0.0,0.0,0.0,1,1,0
301,1,31,31,60.92092237094677,12.73444198693838,0.0,0.0,0.0,0.0,1,1,0
302,1,31,32,61.16747294277326,10.522174450043588,0.0,0.0,0.0,0.0,1,1,0
303,1,31,31,135.2937758882381,19.137751497042547,0.0,0.0,0.0,0.0,1,1,0
304,1,31,31,56.26445193348331,12.414228397007797,0.0,0.0,0.0,0.0,1,1,0
305,1,31,31,54.26668512928016,11.221881128510645,0.0,0.0,0.0,0.0,1,1,0
306,1,31,32,91.75404346296676,18.630088054955564,0.0,0.0,0.0,0.0,1,1,0
307,1,31,32,108.4750593812554,18.35738064723322,0.0,0.0,0.0,0.0,1,1,0
308,1,31,32,136.73566411229186,21.86493733534799,0.0,0.0,0.0,0.0,1,1,0
309,1,31,33,87.14012866857578,31.86034351532646,0.0,0.0,0.0,0.0,1,1,0
310,1,31,33,148.06231929236066,30.867828468661752,0.0,0.0,0.0,0.0,1,1,0
311,1,31,33,0.0,0.0,0.0,0.0,0.0,0.0,1,1,0
312,1,31,33,0.0,0.0,0.0,0.0,0.0,0.0,1,1,0
313,1,32,34,176.21193892968097,47.004599967066376,0.0,0.0,0.0,0.0,1,1,0
314,1,32,36,108.06514809876903,24.279537259845576,0.0,0.0,0.0,0.0,1,1,0
315,1,32,36,171.7188897535963,32.29816940023898,0.0,0.0,0.0,0.0,1,1,0
