% From Raw File 
%% RTS 96 System Bus Data %% 
all_busdata96 = [ 
101,138,2,1,1,1,1.00,0.00,1.1,0.9,1.1,0.9
102,138,2,1,1,1,1.00,0.00,1.1,0.9,1.1,0.9
103,138,1,1,1,1,1.00,0.00,1.1,0.9,1.1,0.9
104,138,1,1,1,1,1.00,0.00,1.1,0.9,1.1,0.9
105,138,1,1,1,1,1.00,0.00,1.1,0.9,1.1,0.9
106,138,1,1,1,1,1.00,0.00,1.1,0.9,1.1,0.9
107,138,2,1,1,1,1.00,0.00,1.1,0.9,1.1,0.9
108,138,1,1,1,1,1.00,0.00,1.1,0.9,1.1,0.9
109,138,1,1,1,1,1.00,0.00,1.1,0.9,1.1,0.9
110,138,1,1,1,1,1.00,0.00,1.1,0.9,1.1,0.9
111,230,1,1,1,1,1.00,0.00,1.1,0.9,1.1,0.9
112,230,1,1,1,1,1.00,0.00,1.1,0.9,1.1,0.9
113,230,3,1,1,1,1.00,0.00,1.1,0.9,1.1,0.9
114,230,2,1,1,1,1.00,0.00,1.1,0.9,1.1,0.9
115,230,2,1,1,1,1.00,0.00,1.1,0.9,1.1,0.9
116,230,2,1,1,1,1.00,0.00,1.1,0.9,1.1,0.9
117,230,1,1,1,1,1.00,0.00,1.1,0.9,1.1,0.9
118,230,2,1,1,1,1.00,0.00,1.1,0.9,1.1,0.9
119,230,1,1,1,1,1.00,0.00,1.1,0.9,1.1,0.9
120,230,1,1,1,1,1.00,0.00,1.1,0.9,1.1,0.9
121,230,2,1,1,1,1.00,0.00,1.1,0.9,1.1,0.9
122,230,2,1,1,1,1.00,0.00,1.1,0.9,1.1,0.9
123,230,2,1,1,1,1.00,0.00,1.1,0.9,1.1,0.9
124,230,1,1,1,1,1.00,0.00,1.1,0.9,1.1,0.9
201,138,2,1,1,1,1.00,0.00,1.1,0.9,1.1,0.9
202,138,2,1,1,1,1.00,0.00,1.1,0.9,1.1,0.9
203,138,1,1,1,1,1.00,0.00,1.1,0.9,1.1,0.9
204,138,1,1,1,1,1.00,0.00,1.1,0.9,1.1,0.9
205,138,1,1,1,1,1.00,0.00,1.1,0.9,1.1,0.9
206,138,1,1,1,1,1.00,0.00,1.1,0.9,1.1,0.9
207,138,2,1,1,1,1.00,0.00,1.1,0.9,1.1,0.9
208,138,1,1,1,1,1.00,0.00,1.1,0.9,1.1,0.9
209,138,1,1,1,1,1.00,0.00,1.1,0.9,1.1,0.9
210,138,1,1,1,1,1.00,0.00,1.1,0.9,1.1,0.9
211,230,1,1,1,1,1.00,0.00,1.1,0.9,1.1,0.9
212,230,1,1,1,1,1.00,0.00,1.1,0.9,1.1,0.9
213,230,2,1,1,1,1.00,0.00,1.1,0.9,1.1,0.9
214,230,2,1,1,1,1.00,0.00,1.1,0.9,1.1,0.9
215,230,2,1,1,1,1.00,0.00,1.1,0.9,1.1,0.9
216,230,2,1,1,1,1.00,0.00,1.1,0.9,1.1,0.9
217,230,1,1,1,1,1.00,0.00,1.1,0.9,1.1,0.9
218,230,2,1,1,1,1.00,0.00,1.1,0.9,1.1,0.9
219,230,1,1,1,1,1.00,0.00,1.1,0.9,1.1,0.9
220,230,1,1,1,1,1.00,0.00,1.1,0.9,1.1,0.9
221,230,2,1,1,1,1.00,0.00,1.1,0.9,1.1,0.9
222,230,2,1,1,1,1.00,0.00,1.1,0.9,1.1,0.9
223,230,2,1,1,1,1.00,0.00,1.1,0.9,1.1,0.9
224,230,1,1,1,1,1.00,0.00,1.1,0.9,1.1,0.9
301,138,2,1,1,1,1.00,0.00,1.1,0.9,1.1,0.9
302,138,2,1,1,1,1.00,0.00,1.1,0.9,1.1,0.9
303,138,1,1,1,1,1.00,0.00,1.1,0.9,1.1,0.9
304,138,1,1,1,1,1.00,0.00,1.1,0.9,1.1,0.9
305,138,1,1,1,1,1.00,0.00,1.1,0.9,1.1,0.9
306,138,1,1,1,1,1.00,0.00,1.1,0.9,1.1,0.9
307,138,2,1,1,1,1.00,0.00,1.1,0.9,1.1,0.9
308,138,1,1,1,1,1.00,0.00,1.1,0.9,1.1,0.9
309,138,1,1,1,1,1.00,0.00,1.1,0.9,1.1,0.9
310,138,1,1,1,1,1.00,0.00,1.1,0.9,1.1,0.9
311,230,1,1,1,1,1.00,0.00,1.1,0.9,1.1,0.9
312,230,1,1,1,1,1.00,0.00,1.1,0.9,1.1,0.9
313,230,2,1,1,1,1.00,0.00,1.1,0.9,1.1,0.9
314,230,2,1,1,1,1.00,0.00,1.1,0.9,1.1,0.9
315,230,2,1,1,1,1.00,0.00,1.1,0.9,1.1,0.9
316,230,2,1,1,1,1.00,0.00,1.1,0.9,1.1,0.9
317,230,1,1,1,1,1.00,0.00,1.1,0.9,1.1,0.9
318,230,2,1,1,1,1.00,0.00,1.1,0.9,1.1,0.9
319,230,1,1,1,1,1.00,0.00,1.1,0.9,1.1,0.9
320,230,1,1,1,1,1.00,0.00,1.1,0.9,1.1,0.9
321,230,2,1,1,1,1.00,0.00,1.1,0.9,1.1,0.9
322,230,2,1,1,1,1.00,0.00,1.1,0.9,1.1,0.9
323,230,2,1,1,1,1.00,0.00,1.1,0.9,1.1,0.9
324,230,1,1,1,1,1.00,0.00,1.1,0.9,1.1,0.9
325,230,1,1,1,1,1.00,0.00,1.1,0.9,1.1,0.9
]; 
all_busName96 = [   ' 101 ';  ' 102 ';  ' 103 ';  ' 104 ';  ' 105 ';  ' 106 ';  ' 107 ';  ' 108 ';  ' 109 ';  ' 110 ';  ' 111 ';  ' 112 ';  ' 113 ';  ' 114 ';  ' 115 ';  ' 116 ';  ' 117 ';  ' 118 ';  ' 119 ';  ' 120 ';  ' 121 ';  ' 122 ';  ' 123 ';  ' 124 ';  ' 201 ';  ' 202 ';  ' 203 ';  ' 204 ';  ' 205 ';  ' 206 ';  ' 207 ';  ' 208 ';  ' 209 ';  ' 210 ';  ' 211 ';  ' 212 ';  ' 213 ';  ' 214 ';  ' 215 ';  ' 216 ';  ' 217 ';  ' 218 ';  ' 219 ';  ' 220 ';  ' 221 ';  ' 222 ';  ' 223 ';  ' 224 ';  ' 301 ';  ' 302 ';  ' 303 ';  ' 304 ';  ' 305 ';  ' 306 ';  ' 307 ';  ' 308 ';  ' 309 ';  ' 310 ';  ' 311 ';  ' 312 ';  ' 313 ';  ' 314 ';  ' 315 ';  ' 316 ';  ' 317 ';  ' 318 ';  ' 319 ';  ' 320 ';  ' 321 ';  ' 322 ';  ' 323 ';  ' 324 ';  ' 325 '; ];
%% RTS 96 System Load Data %% 
all_loaddata96 = [ 
101,1,11,11,92.74933699177465,13.687868495220691,0.0,0.0,0.0,0.0,1,1,0
102,1,11,12,74.87227198481179,12.77866330661159,0.0,0.0,0.0,0.0,1,1,0
103,1,11,11,154.4962509902548,32.137113615610126,0.0,0.0,0.0,0.0,1,1,0
104,1,11,11,37.17991355698993,13.136954421740489,0.0,0.0,0.0,0.0,1,1,0
105,1,11,11,48.12141959329108,11.940224821090233,0.0,0.0,0.0,0.0,1,1,0
106,1,11,12,113.53901960303821,16.235146360115333,0.0,0.0,0.0,0.0,1,1,0
107,1,11,12,104.70287478526588,21.48445901071304,0.0,0.0,0.0,0.0,1,1,0
108,1,11,12,143.73360343613942,18.467947745853568,0.0,0.0,0.0,0.0,1,1,0
109,1,11,13,105.36334512709058,27.99521026545111,0.0,0.0,0.0,0.0,1,1,0
110,1,11,13,126.43532730376486,31.741824236562476,0.0,0.0,0.0,0.0,1,1,0
111,1,11,13,0.0,0.0,0.0,0.0,0.0,0.0,1,1,0
112,1,11,13,0.0,0.0,0.0,0.0,0.0,0.0,1,1,0
113,1,12,14,235.8993843877427,32.911615081672,0.0,0.0,0.0,0.0,1,1,0
114,1,12,16,134.87986331758853,33.73052730268263,0.0,0.0,0.0,0.0,1,1,0
115,1,12,16,227.77834515662116,48.65003224902748,0.0,0.0,0.0,0.0,1,1,0
116,1,12,16,68.6620654790243,13.178590776742436,0.0,0.0,0.0,0.0,1,1,0
117,1,12,17,0.0,0.0,0.0,0.0,0.0,0.0,1,1,0
118,1,12,17,205.43853647031156,56.22091859259625,0.0,0.0,0.0,0.0,1,1,0
119,1,12,15,121.84368316391158,27.5412712671834,0.0,0.0,0.0,0.0,1,1,0
120,1,12,15,99.16377799054385,19.04787331173839,0.0,0.0,0.0,0.0,1,1,0
121,1,12,17,0.0,0.0,0.0,0.0,0.0,0.0,1,1,0
122,1,12,17,0.0,0.0,0.0,0.0,0.0,0.0,1,1,0
123,1,12,15,0.0,0.0,0.0,0.0,0.0,0.0,1,1,0
124,1,12,16,0.0,0.0,0.0,0.0,0.0,0.0,1,1,0
201,1,21,21,52.70476872227377,17.71820604167171,0.0,0.0,0.0,0.0,1,1,0
202,1,21,22,72.82449345629671,11.452871048723347,0.0,0.0,0.0,0.0,1,1,0
203,1,21,21,136.97381106003934,23.759660771715687,0.0,0.0,0.0,0.0,1,1,0
204,1,21,21,57.25490046558407,7.526549592967378,0.0,0.0,0.0,0.0,1,1,0
205,1,21,21,60.67346775174444,7.617778135696426,0.0,0.0,0.0,0.0,1,1,0
206,1,21,22,84.86237573577539,21.442441834257355,0.0,0.0,0.0,0.0,1,1,0
207,1,21,22,61.94193083976279,12.53290971579845,0.0,0.0,0.0,0.0,1,1,0
208,1,21,22,97.56093501405982,19.332681476930855,0.0,0.0,0.0,0.0,1,1,0
209,1,21,23,98.2320851323509,27.678232746159846,0.0,0.0,0.0,0.0,1,1,0
210,1,21,23,119.40544903963361,34.53413168885931,0.0,0.0,0.0,0.0,1,1,0
211,1,21,23,0.0,0.0,0.0,0.0,0.0,0.0,1,1,0
212,1,21,23,0.0,0.0,0.0,0.0,0.0,0.0,1,1,0
213,1,22,24,167.97186515367218,27.463584083222596,0.0,0.0,0.0,0.0,1,1,0
214,1,22,26,96.80842792267855,30.048252885767774,0.0,0.0,0.0,0.0,1,1,0
215,1,22,26,257.12647058370317,47.728058525419236,0.0,0.0,0.0,0.0,1,1,0
216,1,22,26,78.08005975001491,11.126943019601514,0.0,0.0,0.0,0.0,1,1,0
217,1,22,27,0.0,0.0,0.0,0.0,0.0,0.0,1,1,0
218,1,22,27,262.4329047627834,42.5195422685422,0.0,0.0,0.0,0.0,1,1,0
219,1,22,25,109.74904786333774,32.384449196255346,0.0,0.0,0.0,0.0,1,1,0
220,1,22,25,88.69905658653974,15.852916705202311,0.0,0.0,0.0,0.0,1,1,0
221,1,22,27,0.0,0.0,0.0,0.0,0.0,0.0,1,1,0
222,1,22,27,0.0,0.0,0.0,0.0,0.0,0.0,1,1,0
223,1,22,25,0.0,0.0,0.0,0.0,0.0,0.0,1,1,0
224,1,22,26,0.0,0.0,0.0,0.0,0.0,0.0,1,1,0
301,1,31,31,68.12982807575817,12.76067178488234,0.0,0.0,0.0,0.0,1,1,0
302,1,31,32,49.53492046482246,11.886061306424438,0.0,0.0,0.0,0.0,1,1,0
303,1,31,31,112.66322731116972,23.53553048828761,0.0,0.0,0.0,0.0,1,1,0
304,1,31,31,40.920628662408795,8.721532931491266,0.0,0.0,0.0,0.0,1,1,0
305,1,31,31,55.38327089024918,11.933285123947261,0.0,0.0,0.0,0.0,1,1,0
306,1,31,32,66.80895917738714,18.437511222390086,0.0,0.0,0.0,0.0,1,1,0
307,1,31,32,101.47162015748326,15.24255611439119,0.0,0.0,0.0,0.0,1,1,0
308,1,31,32,89.57611667949404,23.701571404907153,0.0,0.0,0.0,0.0,1,1,0
309,1,31,33,141.20392328197136,28.610383962754348,0.0,0.0,0.0,0.0,1,1,0
310,1,31,33,173.5467827639482,24.531868395539,0.0,0.0,0.0,0.0,1,1,0
311,1,31,33,0.0,0.0,0.0,0.0,0.0,0.0,1,1,0
312,1,31,33,0.0,0.0,0.0,0.0,0.0,0.0,1,1,0
313,1,32,34,213.03036606287608,30.432712504548853,0.0,0.0,0.0,0.0,1,1,0
314,1,32,36,158.63549541825168,20.290493101521022,0.0,0.0,0.0,0.0,1,1,0
315,1,32,36,159.2422140019422,33.855501092961426,0.0,0.0,0.0,0.0,1,1,0
