% From Raw File 
%% RTS 96 System Bus Data %% 
all_busdata96 = [ 
101,138,2,1,1,1,1.00,0.00,1.1,0.9,1.1,0.9
102,138,2,1,1,1,1.00,0.00,1.1,0.9,1.1,0.9
103,138,1,1,1,1,1.00,0.00,1.1,0.9,1.1,0.9
104,138,1,1,1,1,1.00,0.00,1.1,0.9,1.1,0.9
105,138,1,1,1,1,1.00,0.00,1.1,0.9,1.1,0.9
106,138,1,1,1,1,1.00,0.00,1.1,0.9,1.1,0.9
107,138,2,1,1,1,1.00,0.00,1.1,0.9,1.1,0.9
108,138,1,1,1,1,1.00,0.00,1.1,0.9,1.1,0.9
109,138,1,1,1,1,1.00,0.00,1.1,0.9,1.1,0.9
110,138,1,1,1,1,1.00,0.00,1.1,0.9,1.1,0.9
111,230,1,1,1,1,1.00,0.00,1.1,0.9,1.1,0.9
112,230,1,1,1,1,1.00,0.00,1.1,0.9,1.1,0.9
113,230,3,1,1,1,1.00,0.00,1.1,0.9,1.1,0.9
114,230,2,1,1,1,1.00,0.00,1.1,0.9,1.1,0.9
115,230,2,1,1,1,1.00,0.00,1.1,0.9,1.1,0.9
116,230,2,1,1,1,1.00,0.00,1.1,0.9,1.1,0.9
117,230,1,1,1,1,1.00,0.00,1.1,0.9,1.1,0.9
118,230,2,1,1,1,1.00,0.00,1.1,0.9,1.1,0.9
119,230,1,1,1,1,1.00,0.00,1.1,0.9,1.1,0.9
120,230,1,1,1,1,1.00,0.00,1.1,0.9,1.1,0.9
121,230,2,1,1,1,1.00,0.00,1.1,0.9,1.1,0.9
122,230,2,1,1,1,1.00,0.00,1.1,0.9,1.1,0.9
123,230,2,1,1,1,1.00,0.00,1.1,0.9,1.1,0.9
124,230,1,1,1,1,1.00,0.00,1.1,0.9,1.1,0.9
201,138,2,1,1,1,1.00,0.00,1.1,0.9,1.1,0.9
202,138,2,1,1,1,1.00,0.00,1.1,0.9,1.1,0.9
203,138,1,1,1,1,1.00,0.00,1.1,0.9,1.1,0.9
204,138,1,1,1,1,1.00,0.00,1.1,0.9,1.1,0.9
205,138,1,1,1,1,1.00,0.00,1.1,0.9,1.1,0.9
206,138,1,1,1,1,1.00,0.00,1.1,0.9,1.1,0.9
207,138,2,1,1,1,1.00,0.00,1.1,0.9,1.1,0.9
208,138,1,1,1,1,1.00,0.00,1.1,0.9,1.1,0.9
209,138,1,1,1,1,1.00,0.00,1.1,0.9,1.1,0.9
210,138,1,1,1,1,1.00,0.00,1.1,0.9,1.1,0.9
211,230,1,1,1,1,1.00,0.00,1.1,0.9,1.1,0.9
212,230,1,1,1,1,1.00,0.00,1.1,0.9,1.1,0.9
213,230,2,1,1,1,1.00,0.00,1.1,0.9,1.1,0.9
214,230,2,1,1,1,1.00,0.00,1.1,0.9,1.1,0.9
215,230,2,1,1,1,1.00,0.00,1.1,0.9,1.1,0.9
216,230,2,1,1,1,1.00,0.00,1.1,0.9,1.1,0.9
217,230,1,1,1,1,1.00,0.00,1.1,0.9,1.1,0.9
218,230,2,1,1,1,1.00,0.00,1.1,0.9,1.1,0.9
219,230,1,1,1,1,1.00,0.00,1.1,0.9,1.1,0.9
220,230,1,1,1,1,1.00,0.00,1.1,0.9,1.1,0.9
221,230,2,1,1,1,1.00,0.00,1.1,0.9,1.1,0.9
222,230,2,1,1,1,1.00,0.00,1.1,0.9,1.1,0.9
223,230,2,1,1,1,1.00,0.00,1.1,0.9,1.1,0.9
224,230,1,1,1,1,1.00,0.00,1.1,0.9,1.1,0.9
301,138,2,1,1,1,1.00,0.00,1.1,0.9,1.1,0.9
302,138,2,1,1,1,1.00,0.00,1.1,0.9,1.1,0.9
303,138,1,1,1,1,1.00,0.00,1.1,0.9,1.1,0.9
304,138,1,1,1,1,1.00,0.00,1.1,0.9,1.1,0.9
305,138,1,1,1,1,1.00,0.00,1.1,0.9,1.1,0.9
306,138,1,1,1,1,1.00,0.00,1.1,0.9,1.1,0.9
307,138,2,1,1,1,1.00,0.00,1.1,0.9,1.1,0.9
308,138,1,1,1,1,1.00,0.00,1.1,0.9,1.1,0.9
309,138,1,1,1,1,1.00,0.00,1.1,0.9,1.1,0.9
310,138,1,1,1,1,1.00,0.00,1.1,0.9,1.1,0.9
311,230,1,1,1,1,1.00,0.00,1.1,0.9,1.1,0.9
312,230,1,1,1,1,1.00,0.00,1.1,0.9,1.1,0.9
313,230,2,1,1,1,1.00,0.00,1.1,0.9,1.1,0.9
314,230,2,1,1,1,1.00,0.00,1.1,0.9,1.1,0.9
315,230,2,1,1,1,1.00,0.00,1.1,0.9,1.1,0.9
316,230,2,1,1,1,1.00,0.00,1.1,0.9,1.1,0.9
317,230,1,1,1,1,1.00,0.00,1.1,0.9,1.1,0.9
318,230,2,1,1,1,1.00,0.00,1.1,0.9,1.1,0.9
319,230,1,1,1,1,1.00,0.00,1.1,0.9,1.1,0.9
320,230,1,1,1,1,1.00,0.00,1.1,0.9,1.1,0.9
321,230,2,1,1,1,1.00,0.00,1.1,0.9,1.1,0.9
322,230,2,1,1,1,1.00,0.00,1.1,0.9,1.1,0.9
323,230,2,1,1,1,1.00,0.00,1.1,0.9,1.1,0.9
324,230,1,1,1,1,1.00,0.00,1.1,0.9,1.1,0.9
325,230,1,1,1,1,1.00,0.00,1.1,0.9,1.1,0.9
]; 
all_busName96 = [   ' 101 ';  ' 102 ';  ' 103 ';  ' 104 ';  ' 105 ';  ' 106 ';  ' 107 ';  ' 108 ';  ' 109 ';  ' 110 ';  ' 111 ';  ' 112 ';  ' 113 ';  ' 114 ';  ' 115 ';  ' 116 ';  ' 117 ';  ' 118 ';  ' 119 ';  ' 120 ';  ' 121 ';  ' 122 ';  ' 123 ';  ' 124 ';  ' 201 ';  ' 202 ';  ' 203 ';  ' 204 ';  ' 205 ';  ' 206 ';  ' 207 ';  ' 208 ';  ' 209 ';  ' 210 ';  ' 211 ';  ' 212 ';  ' 213 ';  ' 214 ';  ' 215 ';  ' 216 ';  ' 217 ';  ' 218 ';  ' 219 ';  ' 220 ';  ' 221 ';  ' 222 ';  ' 223 ';  ' 224 ';  ' 301 ';  ' 302 ';  ' 303 ';  ' 304 ';  ' 305 ';  ' 306 ';  ' 307 ';  ' 308 ';  ' 309 ';  ' 310 ';  ' 311 ';  ' 312 ';  ' 313 ';  ' 314 ';  ' 315 ';  ' 316 ';  ' 317 ';  ' 318 ';  ' 319 ';  ' 320 ';  ' 321 ';  ' 322 ';  ' 323 ';  ' 324 ';  ' 325 '; ];
%% RTS 96 System Load Data %% 
all_loaddata96 = [ 
101,1,11,11,66.89002364193722,11.927170980836637,0.0,0.0,0.0,0.0,1,1,0
102,1,11,12,63.41205789644989,13.02318544415105,0.0,0.0,0.0,0.0,1,1,0
103,1,11,11,158.11749718495366,28.91150863178372,0.0,0.0,0.0,0.0,1,1,0
104,1,11,11,56.5036495468053,13.275783926661823,0.0,0.0,0.0,0.0,1,1,0
105,1,11,11,61.96037335974192,8.10456206197394,0.0,0.0,0.0,0.0,1,1,0
106,1,11,12,84.1707493374847,21.11717293186113,0.0,0.0,0.0,0.0,1,1,0
107,1,11,12,73.49084171756404,13.614832627755822,0.0,0.0,0.0,0.0,1,1,0
108,1,11,12,123.45123074149447,25.219769571700365,0.0,0.0,0.0,0.0,1,1,0
109,1,11,13,101.55259757560096,32.242614987807535,0.0,0.0,0.0,0.0,1,1,0
110,1,11,13,166.2583532505829,34.45239526522346,0.0,0.0,0.0,0.0,1,1,0
111,1,11,13,0.0,0.0,0.0,0.0,0.0,0.0,1,1,0
112,1,11,13,0.0,0.0,0.0,0.0,0.0,0.0,1,1,0
113,1,12,14,198.79874631626674,47.47074830093477,0.0,0.0,0.0,0.0,1,1,0
114,1,12,16,171.42911659897055,28.797471243133817,0.0,0.0,0.0,0.0,1,1,0
115,1,12,16,248.53550966290604,49.712987254294745,0.0,0.0,0.0,0.0,1,1,0
116,1,12,16,74.7177473550802,13.838004787000827,0.0,0.0,0.0,0.0,1,1,0
117,1,12,17,0.0,0.0,0.0,0.0,0.0,0.0,1,1,0
118,1,12,17,277.15746654368104,55.318274961631,0.0,0.0,0.0,0.0,1,1,0
119,1,12,15,123.42238764511245,31.832846160228083,0.0,0.0,0.0,0.0,1,1,0
120,1,12,15,88.1336655960381,19.607232485897374,0.0,0.0,0.0,0.0,1,1,0
121,1,12,17,0.0,0.0,0.0,0.0,0.0,0.0,1,1,0
122,1,12,17,0.0,0.0,0.0,0.0,0.0,0.0,1,1,0
123,1,12,15,0.0,0.0,0.0,0.0,0.0,0.0,1,1,0
124,1,12,16,0.0,0.0,0.0,0.0,0.0,0.0,1,1,0
201,1,21,21,82.31695605092291,13.3005054270993,0.0,0.0,0.0,0.0,1,1,0
202,1,21,22,64.15935908062352,14.02572605897393,0.0,0.0,0.0,0.0,1,1,0
203,1,21,21,96.77340007483865,23.84075973744071,0.0,0.0,0.0,0.0,1,1,0
204,1,21,21,38.021327794455544,7.919413779379567,0.0,0.0,0.0,0.0,1,1,0
205,1,21,21,45.34245087073138,11.975298997309059,0.0,0.0,0.0,0.0,1,1,0
206,1,21,22,78.32062312697097,23.293681377366745,0.0,0.0,0.0,0.0,1,1,0
207,1,21,22,73.6343987529748,16.763194016668713,0.0,0.0,0.0,0.0,1,1,0
208,1,21,22,83.3203402677331,24.614291519959224,0.0,0.0,0.0,0.0,1,1,0
209,1,21,23,115.6866485647217,27.77958987661377,0.0,0.0,0.0,0.0,1,1,0
210,1,21,23,147.0247486437382,28.25447551568225,0.0,0.0,0.0,0.0,1,1,0
211,1,21,23,0.0,0.0,0.0,0.0,0.0,0.0,1,1,0
212,1,21,23,0.0,0.0,0.0,0.0,0.0,0.0,1,1,0
213,1,22,24,164.2084627513597,36.54507551460871,0.0,0.0,0.0,0.0,1,1,0
214,1,22,26,167.44303649927585,23.068062939473613,0.0,0.0,0.0,0.0,1,1,0
215,1,22,26,278.9224424119646,42.41722119979262,0.0,0.0,0.0,0.0,1,1,0
216,1,22,26,53.22214341979007,12.698460192728788,0.0,0.0,0.0,0.0,1,1,0
217,1,22,27,0.0,0.0,0.0,0.0,0.0,0.0,1,1,0
218,1,22,27,182.806171442542,44.409613877477874,0.0,0.0,0.0,0.0,1,1,0
219,1,22,25,123.79447978335922,31.277085392750617,0.0,0.0,0.0,0.0,1,1,0
220,1,22,25,91.85942407395243,21.89189763323609,0.0,0.0,0.0,0.0,1,1,0
221,1,22,27,0.0,0.0,0.0,0.0,0.0,0.0,1,1,0
222,1,22,27,0.0,0.0,0.0,0.0,0.0,0.0,1,1,0
223,1,22,25,0.0,0.0,0.0,0.0,0.0,0.0,1,1,0
224,1,22,26,0.0,0.0,0.0,0.0,0.0,0.0,1,1,0
301,1,31,31,55.9795952934511,19.265529871867322,0.0,0.0,0.0,0.0,1,1,0
302,1,31,32,81.46664147433671,13.465752250093036,0.0,0.0,0.0,0.0,1,1,0
303,1,31,31,100.58942421787977,22.454598488521107,0.0,0.0,0.0,0.0,1,1,0
304,1,31,31,52.82597170619806,8.68056849875464,0.0,0.0,0.0,0.0,1,1,0
305,1,31,31,48.00524302288313,9.506348150350247,0.0,0.0,0.0,0.0,1,1,0
306,1,31,32,101.94071131733247,17.35646961894203,0.0,0.0,0.0,0.0,1,1,0
307,1,31,32,92.27548235142022,22.191759117966285,0.0,0.0,0.0,0.0,1,1,0
308,1,31,32,137.32819904191672,30.341252759737426,0.0,0.0,0.0,0.0,1,1,0
309,1,31,33,147.15550223530386,17.97948782540951,0.0,0.0,0.0,0.0,1,1,0
310,1,31,33,112.03215323796425,31.760975183581934,0.0,0.0,0.0,0.0,1,1,0
311,1,31,33,0.0,0.0,0.0,0.0,0.0,0.0,1,1,0
312,1,31,33,0.0,0.0,0.0,0.0,0.0,0.0,1,1,0
313,1,32,34,192.82981022320504,26.226552219879064,0.0,0.0,0.0,0.0,1,1,0
314,1,32,36,107.27368978115162,27.104108021589322,0.0,0.0,0.0,0.0,1,1,0
315,1,32,36,236.60676861257346,33.488117841732496,0.0,0.0,0.0,0.0,1,1,0
