% From Raw File 
%% RTS 96 System Bus Data %% 
all_busdata96 = [ 
101,138,2,1,1,1,1.00,0.00,1.1,0.9,1.1,0.9
102,138,2,1,1,1,1.00,0.00,1.1,0.9,1.1,0.9
103,138,1,1,1,1,1.00,0.00,1.1,0.9,1.1,0.9
104,138,1,1,1,1,1.00,0.00,1.1,0.9,1.1,0.9
105,138,1,1,1,1,1.00,0.00,1.1,0.9,1.1,0.9
106,138,1,1,1,1,1.00,0.00,1.1,0.9,1.1,0.9
107,138,2,1,1,1,1.00,0.00,1.1,0.9,1.1,0.9
108,138,1,1,1,1,1.00,0.00,1.1,0.9,1.1,0.9
109,138,1,1,1,1,1.00,0.00,1.1,0.9,1.1,0.9
110,138,1,1,1,1,1.00,0.00,1.1,0.9,1.1,0.9
111,230,1,1,1,1,1.00,0.00,1.1,0.9,1.1,0.9
112,230,1,1,1,1,1.00,0.00,1.1,0.9,1.1,0.9
113,230,3,1,1,1,1.00,0.00,1.1,0.9,1.1,0.9
114,230,2,1,1,1,1.00,0.00,1.1,0.9,1.1,0.9
115,230,2,1,1,1,1.00,0.00,1.1,0.9,1.1,0.9
116,230,2,1,1,1,1.00,0.00,1.1,0.9,1.1,0.9
117,230,1,1,1,1,1.00,0.00,1.1,0.9,1.1,0.9
118,230,2,1,1,1,1.00,0.00,1.1,0.9,1.1,0.9
119,230,1,1,1,1,1.00,0.00,1.1,0.9,1.1,0.9
120,230,1,1,1,1,1.00,0.00,1.1,0.9,1.1,0.9
121,230,2,1,1,1,1.00,0.00,1.1,0.9,1.1,0.9
122,230,2,1,1,1,1.00,0.00,1.1,0.9,1.1,0.9
123,230,2,1,1,1,1.00,0.00,1.1,0.9,1.1,0.9
124,230,1,1,1,1,1.00,0.00,1.1,0.9,1.1,0.9
201,138,2,1,1,1,1.00,0.00,1.1,0.9,1.1,0.9
202,138,2,1,1,1,1.00,0.00,1.1,0.9,1.1,0.9
203,138,1,1,1,1,1.00,0.00,1.1,0.9,1.1,0.9
204,138,1,1,1,1,1.00,0.00,1.1,0.9,1.1,0.9
205,138,1,1,1,1,1.00,0.00,1.1,0.9,1.1,0.9
206,138,1,1,1,1,1.00,0.00,1.1,0.9,1.1,0.9
207,138,2,1,1,1,1.00,0.00,1.1,0.9,1.1,0.9
208,138,1,1,1,1,1.00,0.00,1.1,0.9,1.1,0.9
209,138,1,1,1,1,1.00,0.00,1.1,0.9,1.1,0.9
210,138,1,1,1,1,1.00,0.00,1.1,0.9,1.1,0.9
211,230,1,1,1,1,1.00,0.00,1.1,0.9,1.1,0.9
212,230,1,1,1,1,1.00,0.00,1.1,0.9,1.1,0.9
213,230,2,1,1,1,1.00,0.00,1.1,0.9,1.1,0.9
214,230,2,1,1,1,1.00,0.00,1.1,0.9,1.1,0.9
215,230,2,1,1,1,1.00,0.00,1.1,0.9,1.1,0.9
216,230,2,1,1,1,1.00,0.00,1.1,0.9,1.1,0.9
217,230,1,1,1,1,1.00,0.00,1.1,0.9,1.1,0.9
218,230,2,1,1,1,1.00,0.00,1.1,0.9,1.1,0.9
219,230,1,1,1,1,1.00,0.00,1.1,0.9,1.1,0.9
220,230,1,1,1,1,1.00,0.00,1.1,0.9,1.1,0.9
221,230,2,1,1,1,1.00,0.00,1.1,0.9,1.1,0.9
222,230,2,1,1,1,1.00,0.00,1.1,0.9,1.1,0.9
223,230,2,1,1,1,1.00,0.00,1.1,0.9,1.1,0.9
224,230,1,1,1,1,1.00,0.00,1.1,0.9,1.1,0.9
301,138,2,1,1,1,1.00,0.00,1.1,0.9,1.1,0.9
302,138,2,1,1,1,1.00,0.00,1.1,0.9,1.1,0.9
303,138,1,1,1,1,1.00,0.00,1.1,0.9,1.1,0.9
304,138,1,1,1,1,1.00,0.00,1.1,0.9,1.1,0.9
305,138,1,1,1,1,1.00,0.00,1.1,0.9,1.1,0.9
306,138,1,1,1,1,1.00,0.00,1.1,0.9,1.1,0.9
307,138,2,1,1,1,1.00,0.00,1.1,0.9,1.1,0.9
308,138,1,1,1,1,1.00,0.00,1.1,0.9,1.1,0.9
309,138,1,1,1,1,1.00,0.00,1.1,0.9,1.1,0.9
310,138,1,1,1,1,1.00,0.00,1.1,0.9,1.1,0.9
311,230,1,1,1,1,1.00,0.00,1.1,0.9,1.1,0.9
312,230,1,1,1,1,1.00,0.00,1.1,0.9,1.1,0.9
313,230,2,1,1,1,1.00,0.00,1.1,0.9,1.1,0.9
314,230,2,1,1,1,1.00,0.00,1.1,0.9,1.1,0.9
315,230,2,1,1,1,1.00,0.00,1.1,0.9,1.1,0.9
316,230,2,1,1,1,1.00,0.00,1.1,0.9,1.1,0.9
317,230,1,1,1,1,1.00,0.00,1.1,0.9,1.1,0.9
318,230,2,1,1,1,1.00,0.00,1.1,0.9,1.1,0.9
319,230,1,1,1,1,1.00,0.00,1.1,0.9,1.1,0.9
320,230,1,1,1,1,1.00,0.00,1.1,0.9,1.1,0.9
321,230,2,1,1,1,1.00,0.00,1.1,0.9,1.1,0.9
322,230,2,1,1,1,1.00,0.00,1.1,0.9,1.1,0.9
323,230,2,1,1,1,1.00,0.00,1.1,0.9,1.1,0.9
324,230,1,1,1,1,1.00,0.00,1.1,0.9,1.1,0.9
325,230,1,1,1,1,1.00,0.00,1.1,0.9,1.1,0.9
]; 
all_busName96 = [   ' 101 ';  ' 102 ';  ' 103 ';  ' 104 ';  ' 105 ';  ' 106 ';  ' 107 ';  ' 108 ';  ' 109 ';  ' 110 ';  ' 111 ';  ' 112 ';  ' 113 ';  ' 114 ';  ' 115 ';  ' 116 ';  ' 117 ';  ' 118 ';  ' 119 ';  ' 120 ';  ' 121 ';  ' 122 ';  ' 123 ';  ' 124 ';  ' 201 ';  ' 202 ';  ' 203 ';  ' 204 ';  ' 205 ';  ' 206 ';  ' 207 ';  ' 208 ';  ' 209 ';  ' 210 ';  ' 211 ';  ' 212 ';  ' 213 ';  ' 214 ';  ' 215 ';  ' 216 ';  ' 217 ';  ' 218 ';  ' 219 ';  ' 220 ';  ' 221 ';  ' 222 ';  ' 223 ';  ' 224 ';  ' 301 ';  ' 302 ';  ' 303 ';  ' 304 ';  ' 305 ';  ' 306 ';  ' 307 ';  ' 308 ';  ' 309 ';  ' 310 ';  ' 311 ';  ' 312 ';  ' 313 ';  ' 314 ';  ' 315 ';  ' 316 ';  ' 317 ';  ' 318 ';  ' 319 ';  ' 320 ';  ' 321 ';  ' 322 ';  ' 323 ';  ' 324 ';  ' 325 '; ];
%% RTS 96 System Load Data %% 
all_loaddata96 = [ 
101,1,11,11,87.26104891322069,13.471512116966117,0.0,0.0,0.0,0.0,1,1,0
102,1,11,12,50.327610161588616,12.133532995758578,0.0,0.0,0.0,0.0,1,1,0
103,1,11,11,94.5212426074203,26.868433020727753,0.0,0.0,0.0,0.0,1,1,0
104,1,11,11,57.4077460794202,10.265594381953356,0.0,0.0,0.0,0.0,1,1,0
105,1,11,11,43.90475869262279,7.327598983888886,0.0,0.0,0.0,0.0,1,1,0
106,1,11,12,70.24703644174039,24.114842940835096,0.0,0.0,0.0,0.0,1,1,0
107,1,11,12,77.5414295258699,15.267183930196333,0.0,0.0,0.0,0.0,1,1,0
108,1,11,12,142.52083584603585,30.391618196137014,0.0,0.0,0.0,0.0,1,1,0
109,1,11,13,141.76810708338743,24.113061493822375,0.0,0.0,0.0,0.0,1,1,0
110,1,11,13,100.98796251383538,20.901799330092963,0.0,0.0,0.0,0.0,1,1,0
111,1,11,13,0.0,0.0,0.0,0.0,0.0,0.0,1,1,0
112,1,11,13,0.0,0.0,0.0,0.0,0.0,0.0,1,1,0
113,1,12,14,153.86719606174182,40.38425871968474,0.0,0.0,0.0,0.0,1,1,0
114,1,12,16,106.52510020710072,23.805590706144784,0.0,0.0,0.0,0.0,1,1,0
115,1,12,16,277.7506272311578,53.31461001365483,0.0,0.0,0.0,0.0,1,1,0
116,1,12,16,73.69620661893859,11.733913070881737,0.0,0.0,0.0,0.0,1,1,0
117,1,12,17,0.0,0.0,0.0,0.0,0.0,0.0,1,1,0
118,1,12,17,219.07627952852576,49.33918225325849,0.0,0.0,0.0,0.0,1,1,0
119,1,12,15,99.55996846349021,23.54717091631684,0.0,0.0,0.0,0.0,1,1,0
120,1,12,15,96.76288933922052,19.008625693486444,0.0,0.0,0.0,0.0,1,1,0
121,1,12,17,0.0,0.0,0.0,0.0,0.0,0.0,1,1,0
122,1,12,17,0.0,0.0,0.0,0.0,0.0,0.0,1,1,0
123,1,12,15,0.0,0.0,0.0,0.0,0.0,0.0,1,1,0
124,1,12,16,0.0,0.0,0.0,0.0,0.0,0.0,1,1,0
201,1,21,21,69.1484782230271,12.396979852931947,0.0,0.0,0.0,0.0,1,1,0
202,1,21,22,70.75759543010003,14.227408014703542,0.0,0.0,0.0,0.0,1,1,0
203,1,21,21,132.6913789256215,18.755998940620056,0.0,0.0,0.0,0.0,1,1,0
204,1,21,21,47.72429772147853,10.426171896420652,0.0,0.0,0.0,0.0,1,1,0
205,1,21,21,44.412509083072656,9.032397641727234,0.0,0.0,0.0,0.0,1,1,0
206,1,21,22,122.0341957723964,13.931130465897917,0.0,0.0,0.0,0.0,1,1,0
207,1,21,22,96.46545686848113,13.10378991103149,0.0,0.0,0.0,0.0,1,1,0
208,1,21,22,142.17499697106916,23.72600795173994,0.0,0.0,0.0,0.0,1,1,0
209,1,21,23,105.98735017665429,21.3706455119798,0.0,0.0,0.0,0.0,1,1,0
210,1,21,23,147.78638776896125,26.526297454789276,0.0,0.0,0.0,0.0,1,1,0
211,1,21,23,0.0,0.0,0.0,0.0,0.0,0.0,1,1,0
212,1,21,23,0.0,0.0,0.0,0.0,0.0,0.0,1,1,0
213,1,22,24,221.96226230593962,37.9031159025628,0.0,0.0,0.0,0.0,1,1,0
214,1,22,26,95.77542961925269,22.88214110309081,0.0,0.0,0.0,0.0,1,1,0
215,1,22,26,246.6018392694406,44.30235674748123,0.0,0.0,0.0,0.0,1,1,0
216,1,22,26,52.23892192234285,17.52064778984897,0.0,0.0,0.0,0.0,1,1,0
217,1,22,27,0.0,0.0,0.0,0.0,0.0,0.0,1,1,0
218,1,22,27,294.6623195256145,38.071093634073435,0.0,0.0,0.0,0.0,1,1,0
219,1,22,25,115.94842198315119,24.631955876107792,0.0,0.0,0.0,0.0,1,1,0
220,1,22,25,63.2529423694074,17.01514031438213,0.0,0.0,0.0,0.0,1,1,0
221,1,22,27,0.0,0.0,0.0,0.0,0.0,0.0,1,1,0
222,1,22,27,0.0,0.0,0.0,0.0,0.0,0.0,1,1,0
223,1,22,25,0.0,0.0,0.0,0.0,0.0,0.0,1,1,0
224,1,22,26,0.0,0.0,0.0,0.0,0.0,0.0,1,1,0
301,1,31,31,81.09911855238786,12.676113337783422,0.0,0.0,0.0,0.0,1,1,0
302,1,31,32,59.96862069190499,16.477760203214363,0.0,0.0,0.0,0.0,1,1,0
303,1,31,31,123.03880308804753,26.01416407658234,0.0,0.0,0.0,0.0,1,1,0
304,1,31,31,50.36524616865562,11.060655702740885,0.0,0.0,0.0,0.0,1,1,0
305,1,31,31,56.91828905265732,11.72064486930007,0.0,0.0,0.0,0.0,1,1,0
306,1,31,32,106.49188570413665,14.204585384706036,0.0,0.0,0.0,0.0,1,1,0
307,1,31,32,101.84435030265594,13.965760025001362,0.0,0.0,0.0,0.0,1,1,0
308,1,31,32,123.61010929584238,24.049619387977987,0.0,0.0,0.0,0.0,1,1,0
309,1,31,33,123.14213799295715,22.94004450652376,0.0,0.0,0.0,0.0,1,1,0
310,1,31,33,118.40257367760711,36.033588233208285,0.0,0.0,0.0,0.0,1,1,0
311,1,31,33,0.0,0.0,0.0,0.0,0.0,0.0,1,1,0
312,1,31,33,0.0,0.0,0.0,0.0,0.0,0.0,1,1,0
313,1,32,34,159.80310063705107,28.588506469198126,0.0,0.0,0.0,0.0,1,1,0
314,1,32,36,102.98867201535758,31.972513303322113,0.0,0.0,0.0,0.0,1,1,0
315,1,32,36,161.13582219367925,44.201866799846286,0.0,0.0,0.0,0.0,1,1,0
