% From Raw File 
%% IEEE 14-bus System Bus Data %% 
all_busdata14 = [ 
     1, 100.0000,3,   1,   2,   1,1.06000,   0.0000,1.10000,0.90000,1.10000,0.90000
     2, 100.0000,2,   1,   2,   1,1.04500,  -4.9826,1.10000,0.90000,1.10000,0.90000
     3, 100.0000,2,   1,   2,   1,1.01000, -12.7251,1.10000,0.90000,1.10000,0.90000
     4, 100.0000,1,   1,   2,   1,1.01767, -10.3129,1.10000,0.90000,1.10000,0.90000
     5, 100.0000,1,   1,   2,   1,1.01951,  -8.7739,1.10000,0.90000,1.10000,0.90000
     6, 100.0000,2,   1,   2,   1,1.07000, -14.2210,1.10000,0.90000,1.10000,0.90000
     7, 100.0000,1,   1,   2,   1,1.06152, -13.3596,1.10000,0.90000,1.10000,0.90000
     8, 100.0000,2,   1,   2,   1,1.09000, -13.3596,1.10000,0.90000,1.10000,0.90000
     9, 100.0000,1,   1,   2,   1,1.05593, -14.9385,1.10000,0.90000,1.10000,0.90000
    10, 100.0000,1,   1,   2,   1,1.05098, -15.0973,1.10000,0.90000,1.10000,0.90000
    11, 100.0000,1,   1,   2,   1,1.05691, -14.7906,1.10000,0.90000,1.10000,0.90000
    12, 100.0000,1,   1,   2,   1,1.05519, -15.0756,1.10000,0.90000,1.10000,0.90000
    13, 100.0000,1,   1,   2,   1,1.05038, -15.1563,1.10000,0.90000,1.10000,0.90000
    14, 100.0000,1,   1,   2,   1,1.03553, -16.0336,1.10000,0.90000,1.10000,0.90000
]; 
all_busName14 = [  'BUS-1       '; 'BUS-2       '; 'BUS-3       '; 'BUS-4       '; 'BUS-5       '; 'BUS-6       '; 'BUS-7       '; 'BUS-8       '; 'BUS-9       '; 'BUS-10      '; 'BUS-11      '; 'BUS-12      '; 'BUS-13      '; 'BUS-14      '; ];
%% IEEE 14-bus System Load Data %% 
all_loaddata14 = [ 
     2,1,   1,   2,27.519604277540928,16.23395617371891,0.0,0.0,0.0,0.0,   1,1,0
     3,1,   1,   2,94.04971843960695,21.05751941697672,0.0,0.0,0.0,0.0,   1,1,0
     4,1,   1,   2,35.5089113623742,-3.8800414878828446,0.0,0.0,0.0,0.0,   1,1,0
     5,1,   1,   2,7.948093164898455,1.6785617607831957,0.0,0.0,0.0,0.0,   1,1,0
     6,1,   1,   2,11.169574645236134,9.363570052664727,0.0,0.0,0.0,0.0,   1,1,0
     9,1,   1,   2,32.426405379665084,13.585297963805498,0.0,0.0,0.0,0.0,   1,1,0
    10,1,   1,   2,7.682644514646381,5.676743215825408,0.0,0.0,0.0,0.0,   1,1,0
    11,1,   1,   2,3.030184851912782,2.242106609987095,0.0,0.0,0.0,0.0,   1,1,0
    12,1,   1,   2,4.634323959816246,2.0672227991372347,0.0,0.0,0.0,0.0,   1,1,0
    13,1,   1,   2,11.928578799194657,5.026201292639598,0.0,0.0,0.0,0.0,   1,1,0
    14,1,   1,   2,18.74267823122908,4.359732630429789,0.0,0.0,0.0,0.0,   1,1,0
]; 
all_loadID14 = [  '1 '; '1 '; '1 '; '1 '; '1 '; '1 '; '1 '; '1 '; '1 '; '1 '; '1 '; ];
%% IEEE 14-bus System Fixed Shunt Data %% 
all_fixedshuntdata14 = [ 
     9,1,     0.000,    19.000
]; 
all_fixedshuntID14 = [   ' 1'; ];
%% IEEE 14-bus System Generator Data %% 
all_generatordata14 = [ 
     1,   232.393,   -16.549,107.86110654007643,-140.21254159975797,1.06000,     0,   100.000, 0.00000E+0, 1.00000E+0, 0.00000E+0, 0.00000E+0,1.00000,1,  100.0,290.5679543240927,54.63489753252479,   1,1.0000
     2,    40.000,    43.557,43.29493844648823,-51.43341054208577,1.04500,     0,   100.000, 0.00000E+0, 1.00000E+0, 0.00000E+0, 0.00000E+0,1.00000,1,  100.0,102.92458860203624,2.149465729482472,   1,1.0000
     3,     0.000,    25.075,35.95711191743612,-7.8608383275568485,1.01000,     0,   100.000, 0.00000E+0, 1.00000E+0, 0.00000E+0, 0.00000E+0,1.00000,1,  100.0,84.78395369369535,40.362495553106555,   1,1.0000
     6,     0.000,    12.731,26.999990446865556,-8.462391210347416,1.07000,     0,   100.000, 0.00000E+0, 1.00000E+0, 0.00000E+0, 0.00000E+0,1.00000,1,  100.0,83.27948414720593,10.684901489876196,   1,1.0000
     8,     0.000,    17.623,18.732283618301153,-13.919673544820398,1.09000,     0,   100.000, 0.00000E+0, 1.00000E+0, 0.00000E+0, 0.00000E+0,1.00000,1,  100.0,120.82753041759133,4.709670790471137,   1,1.0000
]; 
all_generatorID14 = [   '1 ';  '1 ';  '1 ';  '1 ';  '1 '; ];
%% IEEE 14-bus System Branch Data %% 
all_linedata14 = [ 
     1,     2, 1.93800E-2, 5.91700E-2,   0.05280,141.6,188.4,188.4,  0.00000,  0.00000,  0.00000,  0.00000,1,1,   0.00,   1,1.0000
     1,     5, 5.40300E-2, 2.23040E-1,   0.04920,51.6,68.39999999999999,68.39999999999999,  0.00000,  0.00000,  0.00000,  0.00000,1,1,   0.00,   1,1.0000
     2,     3, 4.69900E-2, 1.97970E-1,   0.04380,210.0,280.8,280.8,  0.00000,  0.00000,  0.00000,  0.00000,1,1,   0.00,   1,1.0000
     2,     4, 5.81100E-2, 1.76320E-1,   0.03400,109.2,145.2,145.2,  0.00000,  0.00000,  0.00000,  0.00000,1,1,   0.00,   1,1.0000
     2,     5, 5.69500E-2, 1.73880E-1,   0.03460,73.2,98.39999999999999,98.39999999999999,  0.00000,  0.00000,  0.00000,  0.00000,1,1,   0.00,   1,1.0000
     3,     4, 6.70100E-2, 1.71030E-1,   0.01280,122.39999999999999,162.0,162.0,  0.00000,  0.00000,  0.00000,  0.00000,1,1,   0.00,   1,1.0000
     4,     5, 1.33500E-2, 4.21100E-2,   0.00000,458.4,610.8,610.8,  0.00000,  0.00000,  0.00000,  0.00000,1,1,   0.00,   1,1.0000
     6,    11, 9.49800E-2, 1.98900E-1,   0.00000,175.2,232.79999999999998,232.79999999999998,  0.00000,  0.00000,  0.00000,  0.00000,1,1,   0.00,   1,1.0000
     6,    12, 1.22910E-1, 2.55810E-1,   0.00000,51.6,68.39999999999999,68.39999999999999,  0.00000,  0.00000,  0.00000,  0.00000,1,1,   0.00,   1,1.0000
     6,    13, 6.61500E-2, 1.30270E-1,   0.00000,176.4,235.2,235.2,  0.00000,  0.00000,  0.00000,  0.00000,1,1,   0.00,   1,1.0000
     7,     8, 0.00000E+0, 1.76150E-1,   0.00000,56.4,75.6,75.6,  0.00000,  0.00000,  0.00000,  0.00000,1,1,   0.00,   1,1.0000
     9,    10, 3.18100E-2, 8.45000E-2,   0.00000,255.6,340.8,340.8,  0.00000,  0.00000,  0.00000,  0.00000,1,1,   0.00,   1,1.0000
     9,    14, 1.27110E-1, 2.70380E-1,   0.00000,48.0,63.599999999999994,63.599999999999994,  0.00000,  0.00000,  0.00000,  0.00000,1,1,   0.00,   1,1.0000
    10,    11, 8.20500E-2, 1.92070E-1,   0.00000,156.0,208.79999999999998,208.79999999999998,  0.00000,  0.00000,  0.00000,  0.00000,1,1,   0.00,   1,1.0000
    12,    13, 2.20920E-1, 1.99880E-1,   0.00000,38.4,50.4,50.4,  0.00000,  0.00000,  0.00000,  0.00000,1,1,   0.00,   1,1.0000
    13,    14, 1.70930E-1, 3.48020E-1,   0.00000,85.2,114.0,114.0,  0.00000,  0.00000,  0.00000,  0.00000,1,1,   0.00,   1,1.0000
]; 
all_lineCKT14 = [  'BL'; 'BL'; 'BL'; 'BL'; 'BL'; 'BL'; 'BL'; 'BL'; 'BL'; 'BL'; 'BL'; 'BL'; 'BL'; 'BL'; 'BL'; 'BL'; ];
%% IEEE 14-bus System Transformer Data %% 
all_transformerdata14 = [ 
      4,     7,     0,1,1,1, 0.00000E+0, 0.00000E+0,2,1,   1,1.0000,   0,1.0000,   0,1.0000,   0,1.0000,  0.00000E+0, 2.09120E-1,   100.00, 0.97800, 100.000,   0.000,    41.00,    55.00,    55.00, 0,      0, 1.50000, 0.51000, 1.50000, 0.51000, 159, 0, 0.00000, 0.00000,  0.000, 1.00000, 100.000
      4,     9,     0,1,1,1, 0.00000E+0, 0.00000E+0,2,1,   1,1.0000,   0,1.0000,   0,1.0000,   0,1.0000,  0.00000E+0, 5.56180E-1,   100.00, 0.96900, 100.000,   0.000,    24.00,    31.00,    31.00, 0,      0, 1.50000, 0.51000, 1.50000, 0.51000, 159, 0, 0.00000, 0.00000,  0.000, 1.00000, 100.000
      5,     6,     0,1,1,1, 0.00000E+0, 0.00000E+0,2,1,   1,1.0000,   0,1.0000,   0,1.0000,   0,1.0000,  0.00000E+0, 2.52020E-1,   100.00, 0.93200, 100.000,   0.000,   116.00,   154.00,   154.00, 0,      0, 1.50000, 0.51000, 1.50000, 0.51000, 159, 0, 0.00000, 0.00000,  0.000, 1.00000, 100.000
]; 
all_transformerCKT14 = [  'BL'; 'BL'; 'BL'; ];
all_transformerName14 = [  '            '; '            '; '            '; ];
% From contingency.csv 
all_contingencyLocation14 = [ 
6,12
]; 
all_contingencyType14 = [  'B' ; ];
all_contingencyCID14 = [  'BL'; ];
% From generator.csv 
all_generatorCostBus14 = [  1; 1; 1; 1; 2; 2; 2; 2; 3; 3; 3; 3; 6; 6; 6; 6; 8; 8; 8; 8; ];
all_generatorCostID14 = [  '1 '; '1 '; '1 '; '1 '; '1 '; '1 '; '1 '; '1 '; '1 '; '1 '; '1 '; '1 '; '1 '; '1 '; '1 '; '1 '; '1 '; '1 '; '1 '; '1 '; ];
all_generatorCostType14 = [  0; 1; 2; 9; 0; 1; 2; 9; 0; 1; 2; 9; 0; 1; 2; 9; 0; 1; 2; 9; ];
