% From Raw File 
%% RTS 96 System Bus Data %% 
all_busdata96 = [ 
101,138,2,1,1,1,1.00,0.00,1.1,0.9,1.1,0.9
102,138,2,1,1,1,1.00,0.00,1.1,0.9,1.1,0.9
103,138,1,1,1,1,1.00,0.00,1.1,0.9,1.1,0.9
104,138,1,1,1,1,1.00,0.00,1.1,0.9,1.1,0.9
105,138,1,1,1,1,1.00,0.00,1.1,0.9,1.1,0.9
106,138,1,1,1,1,1.00,0.00,1.1,0.9,1.1,0.9
107,138,2,1,1,1,1.00,0.00,1.1,0.9,1.1,0.9
108,138,1,1,1,1,1.00,0.00,1.1,0.9,1.1,0.9
109,138,1,1,1,1,1.00,0.00,1.1,0.9,1.1,0.9
110,138,1,1,1,1,1.00,0.00,1.1,0.9,1.1,0.9
111,230,1,1,1,1,1.00,0.00,1.1,0.9,1.1,0.9
112,230,1,1,1,1,1.00,0.00,1.1,0.9,1.1,0.9
113,230,3,1,1,1,1.00,0.00,1.1,0.9,1.1,0.9
114,230,2,1,1,1,1.00,0.00,1.1,0.9,1.1,0.9
115,230,2,1,1,1,1.00,0.00,1.1,0.9,1.1,0.9
116,230,2,1,1,1,1.00,0.00,1.1,0.9,1.1,0.9
117,230,1,1,1,1,1.00,0.00,1.1,0.9,1.1,0.9
118,230,2,1,1,1,1.00,0.00,1.1,0.9,1.1,0.9
119,230,1,1,1,1,1.00,0.00,1.1,0.9,1.1,0.9
120,230,1,1,1,1,1.00,0.00,1.1,0.9,1.1,0.9
121,230,2,1,1,1,1.00,0.00,1.1,0.9,1.1,0.9
122,230,2,1,1,1,1.00,0.00,1.1,0.9,1.1,0.9
123,230,2,1,1,1,1.00,0.00,1.1,0.9,1.1,0.9
124,230,1,1,1,1,1.00,0.00,1.1,0.9,1.1,0.9
201,138,2,1,1,1,1.00,0.00,1.1,0.9,1.1,0.9
202,138,2,1,1,1,1.00,0.00,1.1,0.9,1.1,0.9
203,138,1,1,1,1,1.00,0.00,1.1,0.9,1.1,0.9
204,138,1,1,1,1,1.00,0.00,1.1,0.9,1.1,0.9
205,138,1,1,1,1,1.00,0.00,1.1,0.9,1.1,0.9
206,138,1,1,1,1,1.00,0.00,1.1,0.9,1.1,0.9
207,138,2,1,1,1,1.00,0.00,1.1,0.9,1.1,0.9
208,138,1,1,1,1,1.00,0.00,1.1,0.9,1.1,0.9
209,138,1,1,1,1,1.00,0.00,1.1,0.9,1.1,0.9
210,138,1,1,1,1,1.00,0.00,1.1,0.9,1.1,0.9
211,230,1,1,1,1,1.00,0.00,1.1,0.9,1.1,0.9
212,230,1,1,1,1,1.00,0.00,1.1,0.9,1.1,0.9
213,230,2,1,1,1,1.00,0.00,1.1,0.9,1.1,0.9
214,230,2,1,1,1,1.00,0.00,1.1,0.9,1.1,0.9
215,230,2,1,1,1,1.00,0.00,1.1,0.9,1.1,0.9
216,230,2,1,1,1,1.00,0.00,1.1,0.9,1.1,0.9
217,230,1,1,1,1,1.00,0.00,1.1,0.9,1.1,0.9
218,230,2,1,1,1,1.00,0.00,1.1,0.9,1.1,0.9
219,230,1,1,1,1,1.00,0.00,1.1,0.9,1.1,0.9
220,230,1,1,1,1,1.00,0.00,1.1,0.9,1.1,0.9
221,230,2,1,1,1,1.00,0.00,1.1,0.9,1.1,0.9
222,230,2,1,1,1,1.00,0.00,1.1,0.9,1.1,0.9
223,230,2,1,1,1,1.00,0.00,1.1,0.9,1.1,0.9
224,230,1,1,1,1,1.00,0.00,1.1,0.9,1.1,0.9
301,138,2,1,1,1,1.00,0.00,1.1,0.9,1.1,0.9
302,138,2,1,1,1,1.00,0.00,1.1,0.9,1.1,0.9
303,138,1,1,1,1,1.00,0.00,1.1,0.9,1.1,0.9
304,138,1,1,1,1,1.00,0.00,1.1,0.9,1.1,0.9
305,138,1,1,1,1,1.00,0.00,1.1,0.9,1.1,0.9
306,138,1,1,1,1,1.00,0.00,1.1,0.9,1.1,0.9
307,138,2,1,1,1,1.00,0.00,1.1,0.9,1.1,0.9
308,138,1,1,1,1,1.00,0.00,1.1,0.9,1.1,0.9
309,138,1,1,1,1,1.00,0.00,1.1,0.9,1.1,0.9
310,138,1,1,1,1,1.00,0.00,1.1,0.9,1.1,0.9
311,230,1,1,1,1,1.00,0.00,1.1,0.9,1.1,0.9
312,230,1,1,1,1,1.00,0.00,1.1,0.9,1.1,0.9
313,230,2,1,1,1,1.00,0.00,1.1,0.9,1.1,0.9
314,230,2,1,1,1,1.00,0.00,1.1,0.9,1.1,0.9
315,230,2,1,1,1,1.00,0.00,1.1,0.9,1.1,0.9
316,230,2,1,1,1,1.00,0.00,1.1,0.9,1.1,0.9
317,230,1,1,1,1,1.00,0.00,1.1,0.9,1.1,0.9
318,230,2,1,1,1,1.00,0.00,1.1,0.9,1.1,0.9
319,230,1,1,1,1,1.00,0.00,1.1,0.9,1.1,0.9
320,230,1,1,1,1,1.00,0.00,1.1,0.9,1.1,0.9
321,230,2,1,1,1,1.00,0.00,1.1,0.9,1.1,0.9
322,230,2,1,1,1,1.00,0.00,1.1,0.9,1.1,0.9
323,230,2,1,1,1,1.00,0.00,1.1,0.9,1.1,0.9
324,230,1,1,1,1,1.00,0.00,1.1,0.9,1.1,0.9
325,230,1,1,1,1,1.00,0.00,1.1,0.9,1.1,0.9
]; 
all_busName96 = [   ' 101 ';  ' 102 ';  ' 103 ';  ' 104 ';  ' 105 ';  ' 106 ';  ' 107 ';  ' 108 ';  ' 109 ';  ' 110 ';  ' 111 ';  ' 112 ';  ' 113 ';  ' 114 ';  ' 115 ';  ' 116 ';  ' 117 ';  ' 118 ';  ' 119 ';  ' 120 ';  ' 121 ';  ' 122 ';  ' 123 ';  ' 124 ';  ' 201 ';  ' 202 ';  ' 203 ';  ' 204 ';  ' 205 ';  ' 206 ';  ' 207 ';  ' 208 ';  ' 209 ';  ' 210 ';  ' 211 ';  ' 212 ';  ' 213 ';  ' 214 ';  ' 215 ';  ' 216 ';  ' 217 ';  ' 218 ';  ' 219 ';  ' 220 ';  ' 221 ';  ' 222 ';  ' 223 ';  ' 224 ';  ' 301 ';  ' 302 ';  ' 303 ';  ' 304 ';  ' 305 ';  ' 306 ';  ' 307 ';  ' 308 ';  ' 309 ';  ' 310 ';  ' 311 ';  ' 312 ';  ' 313 ';  ' 314 ';  ' 315 ';  ' 316 ';  ' 317 ';  ' 318 ';  ' 319 ';  ' 320 ';  ' 321 ';  ' 322 ';  ' 323 ';  ' 324 ';  ' 325 '; ];
%% RTS 96 System Load Data %% 
all_loaddata96 = [ 
101,1,11,11,64.23770581821408,16.02677059048461,0.0,0.0,0.0,0.0,1,1,0
102,1,11,12,86.04247971851277,14.899126195373945,0.0,0.0,0.0,0.0,1,1,0
103,1,11,11,130.42978398487531,31.1144450262079,0.0,0.0,0.0,0.0,1,1,0
104,1,11,11,43.7721480233048,8.029658125999616,0.0,0.0,0.0,0.0,1,1,0
105,1,11,11,40.52734780259659,7.632863282489776,0.0,0.0,0.0,0.0,1,1,0
106,1,11,12,94.98501187595576,20.437268010688573,0.0,0.0,0.0,0.0,1,1,0
107,1,11,12,85.16971036226023,15.858144051750422,0.0,0.0,0.0,0.0,1,1,0
108,1,11,12,140.41095832683308,27.559038047349777,0.0,0.0,0.0,0.0,1,1,0
109,1,11,13,104.6909797175706,20.602066425029374,0.0,0.0,0.0,0.0,1,1,0
110,1,11,13,130.06845961921078,24.581576117975636,0.0,0.0,0.0,0.0,1,1,0
111,1,11,13,0.0,0.0,0.0,0.0,0.0,0.0,1,1,0
112,1,11,13,0.0,0.0,0.0,0.0,0.0,0.0,1,1,0
113,1,12,14,217.3359885312121,48.630917382234614,0.0,0.0,0.0,0.0,1,1,0
114,1,12,16,171.76270005385672,19.26948223395478,0.0,0.0,0.0,0.0,1,1,0
115,1,12,16,280.3986530753521,36.04068322891294,0.0,0.0,0.0,0.0,1,1,0
116,1,12,16,61.24766915403306,10.688440462586469,0.0,0.0,0.0,0.0,1,1,0
117,1,12,17,0.0,0.0,0.0,0.0,0.0,0.0,1,1,0
118,1,12,17,268.2455642042823,59.009545033467006,0.0,0.0,0.0,0.0,1,1,0
119,1,12,15,132.9305743240696,19.298208268950365,0.0,0.0,0.0,0.0,1,1,0
120,1,12,15,64.24473316175937,20.753114184133988,0.0,0.0,0.0,0.0,1,1,0
121,1,12,17,0.0,0.0,0.0,0.0,0.0,0.0,1,1,0
122,1,12,17,0.0,0.0,0.0,0.0,0.0,0.0,1,1,0
123,1,12,15,0.0,0.0,0.0,0.0,0.0,0.0,1,1,0
124,1,12,16,0.0,0.0,0.0,0.0,0.0,0.0,1,1,0
201,1,21,21,86.70721745249088,16.23988845939897,0.0,0.0,0.0,0.0,1,1,0
202,1,21,22,73.44437879866587,11.616526378886773,0.0,0.0,0.0,0.0,1,1,0
203,1,21,21,109.70118694245815,29.62938240492339,0.0,0.0,0.0,0.0,1,1,0
204,1,21,21,36.64667334323739,11.462711105839116,0.0,0.0,0.0,0.0,1,1,0
205,1,21,21,40.947411414474814,12.431976658266038,0.0,0.0,0.0,0.0,1,1,0
206,1,21,22,116.7694784673024,23.754683009815963,0.0,0.0,0.0,0.0,1,1,0
207,1,21,22,63.5010438294732,21.357944815275257,0.0,0.0,0.0,0.0,1,1,0
208,1,21,22,127.47846323651271,17.330220812129554,0.0,0.0,0.0,0.0,1,1,0
209,1,21,23,107.60151388397324,22.590513453952408,0.0,0.0,0.0,0.0,1,1,0
210,1,21,23,141.40162315112468,21.621499014012514,0.0,0.0,0.0,0.0,1,1,0
211,1,21,23,0.0,0.0,0.0,0.0,0.0,0.0,1,1,0
212,1,21,23,0.0,0.0,0.0,0.0,0.0,0.0,1,1,0
213,1,22,24,168.18517826584332,30.357598241521412,0.0,0.0,0.0,0.0,1,1,0
214,1,22,26,146.39170863557607,31.06000615064716,0.0,0.0,0.0,0.0,1,1,0
215,1,22,26,209.38298284552005,31.203470504710072,0.0,0.0,0.0,0.0,1,1,0
216,1,22,26,88.22111306341365,12.367535349983722,0.0,0.0,0.0,0.0,1,1,0
217,1,22,27,0.0,0.0,0.0,0.0,0.0,0.0,1,1,0
218,1,22,27,244.06871926242195,57.80840480762198,0.0,0.0,0.0,0.0,1,1,0
219,1,22,25,115.39331498149122,25.674485726996696,0.0,0.0,0.0,0.0,1,1,0
220,1,22,25,97.31046616732478,16.35012946571745,0.0,0.0,0.0,0.0,1,1,0
221,1,22,27,0.0,0.0,0.0,0.0,0.0,0.0,1,1,0
222,1,22,27,0.0,0.0,0.0,0.0,0.0,0.0,1,1,0
223,1,22,25,0.0,0.0,0.0,0.0,0.0,0.0,1,1,0
224,1,22,26,0.0,0.0,0.0,0.0,0.0,0.0,1,1,0
301,1,31,31,89.5497700110426,15.79940311221583,0.0,0.0,0.0,0.0,1,1,0
302,1,31,32,70.14990926614925,15.993790221523493,0.0,0.0,0.0,0.0,1,1,0
303,1,31,31,89.17745954515412,21.78762662276854,0.0,0.0,0.0,0.0,1,1,0
304,1,31,31,40.333218125274115,11.144542320061243,0.0,0.0,0.0,0.0,1,1,0
305,1,31,31,51.81543504943509,8.219331865037418,0.0,0.0,0.0,0.0,1,1,0
306,1,31,32,90.72556726748608,18.08674346722774,0.0,0.0,0.0,0.0,1,1,0
307,1,31,32,105.82560058534727,17.313239130880685,0.0,0.0,0.0,0.0,1,1,0
308,1,31,32,121.84763788295919,19.89958495827438,0.0,0.0,0.0,0.0,1,1,0
309,1,31,33,117.71463148585987,20.04210566278361,0.0,0.0,0.0,0.0,1,1,0
310,1,31,33,131.90231372754857,21.487042807230722,0.0,0.0,0.0,0.0,1,1,0
311,1,31,33,0.0,0.0,0.0,0.0,0.0,0.0,1,1,0
312,1,31,33,0.0,0.0,0.0,0.0,0.0,0.0,1,1,0
313,1,32,34,164.4714027216907,39.15556714661149,0.0,0.0,0.0,0.0,1,1,0
314,1,32,36,171.61787092311542,28.43591137749567,0.0,0.0,0.0,0.0,1,1,0
315,1,32,36,192.91424557414044,42.45074558806121,0.0,0.0,0.0,0.0,1,1,0
