% From Raw File 
%% RTS 96 System Bus Data %% 
all_busdata96 = [ 
101,138,2,1,1,1,1.00,0.00,1.1,0.9,1.1,0.9
102,138,2,1,1,1,1.00,0.00,1.1,0.9,1.1,0.9
103,138,1,1,1,1,1.00,0.00,1.1,0.9,1.1,0.9
104,138,1,1,1,1,1.00,0.00,1.1,0.9,1.1,0.9
105,138,1,1,1,1,1.00,0.00,1.1,0.9,1.1,0.9
106,138,1,1,1,1,1.00,0.00,1.1,0.9,1.1,0.9
107,138,2,1,1,1,1.00,0.00,1.1,0.9,1.1,0.9
108,138,1,1,1,1,1.00,0.00,1.1,0.9,1.1,0.9
109,138,1,1,1,1,1.00,0.00,1.1,0.9,1.1,0.9
110,138,1,1,1,1,1.00,0.00,1.1,0.9,1.1,0.9
111,230,1,1,1,1,1.00,0.00,1.1,0.9,1.1,0.9
112,230,1,1,1,1,1.00,0.00,1.1,0.9,1.1,0.9
113,230,3,1,1,1,1.00,0.00,1.1,0.9,1.1,0.9
114,230,2,1,1,1,1.00,0.00,1.1,0.9,1.1,0.9
115,230,2,1,1,1,1.00,0.00,1.1,0.9,1.1,0.9
116,230,2,1,1,1,1.00,0.00,1.1,0.9,1.1,0.9
117,230,1,1,1,1,1.00,0.00,1.1,0.9,1.1,0.9
118,230,2,1,1,1,1.00,0.00,1.1,0.9,1.1,0.9
119,230,1,1,1,1,1.00,0.00,1.1,0.9,1.1,0.9
120,230,1,1,1,1,1.00,0.00,1.1,0.9,1.1,0.9
121,230,2,1,1,1,1.00,0.00,1.1,0.9,1.1,0.9
122,230,2,1,1,1,1.00,0.00,1.1,0.9,1.1,0.9
123,230,2,1,1,1,1.00,0.00,1.1,0.9,1.1,0.9
124,230,1,1,1,1,1.00,0.00,1.1,0.9,1.1,0.9
201,138,2,1,1,1,1.00,0.00,1.1,0.9,1.1,0.9
202,138,2,1,1,1,1.00,0.00,1.1,0.9,1.1,0.9
203,138,1,1,1,1,1.00,0.00,1.1,0.9,1.1,0.9
204,138,1,1,1,1,1.00,0.00,1.1,0.9,1.1,0.9
205,138,1,1,1,1,1.00,0.00,1.1,0.9,1.1,0.9
206,138,1,1,1,1,1.00,0.00,1.1,0.9,1.1,0.9
207,138,2,1,1,1,1.00,0.00,1.1,0.9,1.1,0.9
208,138,1,1,1,1,1.00,0.00,1.1,0.9,1.1,0.9
209,138,1,1,1,1,1.00,0.00,1.1,0.9,1.1,0.9
210,138,1,1,1,1,1.00,0.00,1.1,0.9,1.1,0.9
211,230,1,1,1,1,1.00,0.00,1.1,0.9,1.1,0.9
212,230,1,1,1,1,1.00,0.00,1.1,0.9,1.1,0.9
213,230,2,1,1,1,1.00,0.00,1.1,0.9,1.1,0.9
214,230,2,1,1,1,1.00,0.00,1.1,0.9,1.1,0.9
215,230,2,1,1,1,1.00,0.00,1.1,0.9,1.1,0.9
216,230,2,1,1,1,1.00,0.00,1.1,0.9,1.1,0.9
217,230,1,1,1,1,1.00,0.00,1.1,0.9,1.1,0.9
218,230,2,1,1,1,1.00,0.00,1.1,0.9,1.1,0.9
219,230,1,1,1,1,1.00,0.00,1.1,0.9,1.1,0.9
220,230,1,1,1,1,1.00,0.00,1.1,0.9,1.1,0.9
221,230,2,1,1,1,1.00,0.00,1.1,0.9,1.1,0.9
222,230,2,1,1,1,1.00,0.00,1.1,0.9,1.1,0.9
223,230,2,1,1,1,1.00,0.00,1.1,0.9,1.1,0.9
224,230,1,1,1,1,1.00,0.00,1.1,0.9,1.1,0.9
301,138,2,1,1,1,1.00,0.00,1.1,0.9,1.1,0.9
302,138,2,1,1,1,1.00,0.00,1.1,0.9,1.1,0.9
303,138,1,1,1,1,1.00,0.00,1.1,0.9,1.1,0.9
304,138,1,1,1,1,1.00,0.00,1.1,0.9,1.1,0.9
305,138,1,1,1,1,1.00,0.00,1.1,0.9,1.1,0.9
306,138,1,1,1,1,1.00,0.00,1.1,0.9,1.1,0.9
307,138,2,1,1,1,1.00,0.00,1.1,0.9,1.1,0.9
308,138,1,1,1,1,1.00,0.00,1.1,0.9,1.1,0.9
309,138,1,1,1,1,1.00,0.00,1.1,0.9,1.1,0.9
310,138,1,1,1,1,1.00,0.00,1.1,0.9,1.1,0.9
311,230,1,1,1,1,1.00,0.00,1.1,0.9,1.1,0.9
312,230,1,1,1,1,1.00,0.00,1.1,0.9,1.1,0.9
313,230,2,1,1,1,1.00,0.00,1.1,0.9,1.1,0.9
314,230,2,1,1,1,1.00,0.00,1.1,0.9,1.1,0.9
315,230,2,1,1,1,1.00,0.00,1.1,0.9,1.1,0.9
316,230,2,1,1,1,1.00,0.00,1.1,0.9,1.1,0.9
317,230,1,1,1,1,1.00,0.00,1.1,0.9,1.1,0.9
318,230,2,1,1,1,1.00,0.00,1.1,0.9,1.1,0.9
319,230,1,1,1,1,1.00,0.00,1.1,0.9,1.1,0.9
320,230,1,1,1,1,1.00,0.00,1.1,0.9,1.1,0.9
321,230,2,1,1,1,1.00,0.00,1.1,0.9,1.1,0.9
322,230,2,1,1,1,1.00,0.00,1.1,0.9,1.1,0.9
323,230,2,1,1,1,1.00,0.00,1.1,0.9,1.1,0.9
324,230,1,1,1,1,1.00,0.00,1.1,0.9,1.1,0.9
325,230,1,1,1,1,1.00,0.00,1.1,0.9,1.1,0.9
]; 
all_busName96 = [   ' 101 ';  ' 102 ';  ' 103 ';  ' 104 ';  ' 105 ';  ' 106 ';  ' 107 ';  ' 108 ';  ' 109 ';  ' 110 ';  ' 111 ';  ' 112 ';  ' 113 ';  ' 114 ';  ' 115 ';  ' 116 ';  ' 117 ';  ' 118 ';  ' 119 ';  ' 120 ';  ' 121 ';  ' 122 ';  ' 123 ';  ' 124 ';  ' 201 ';  ' 202 ';  ' 203 ';  ' 204 ';  ' 205 ';  ' 206 ';  ' 207 ';  ' 208 ';  ' 209 ';  ' 210 ';  ' 211 ';  ' 212 ';  ' 213 ';  ' 214 ';  ' 215 ';  ' 216 ';  ' 217 ';  ' 218 ';  ' 219 ';  ' 220 ';  ' 221 ';  ' 222 ';  ' 223 ';  ' 224 ';  ' 301 ';  ' 302 ';  ' 303 ';  ' 304 ';  ' 305 ';  ' 306 ';  ' 307 ';  ' 308 ';  ' 309 ';  ' 310 ';  ' 311 ';  ' 312 ';  ' 313 ';  ' 314 ';  ' 315 ';  ' 316 ';  ' 317 ';  ' 318 ';  ' 319 ';  ' 320 ';  ' 321 ';  ' 322 ';  ' 323 ';  ' 324 ';  ' 325 '; ];
%% RTS 96 System Load Data %% 
all_loaddata96 = [ 
101,1,11,11,59.130987649289885,12.317761504420359,0.0,0.0,0.0,0.0,1,1,0
102,1,11,12,61.36155239388077,16.314875554296187,0.0,0.0,0.0,0.0,1,1,0
103,1,11,11,159.2275389230065,32.63106333933561,0.0,0.0,0.0,0.0,1,1,0
104,1,11,11,55.64260291298283,9.467162103269482,0.0,0.0,0.0,0.0,1,1,0
105,1,11,11,52.05120741122919,9.920640066828298,0.0,0.0,0.0,0.0,1,1,0
106,1,11,12,111.43131344156228,23.248019656148738,0.0,0.0,0.0,0.0,1,1,0
107,1,11,12,104.21078167340602,21.293929838837357,0.0,0.0,0.0,0.0,1,1,0
108,1,11,12,123.83564214830989,29.1774436018893,0.0,0.0,0.0,0.0,1,1,0
109,1,11,13,94.34195693483808,19.96592415801175,0.0,0.0,0.0,0.0,1,1,0
110,1,11,13,147.5178459429948,33.699953135333956,0.0,0.0,0.0,0.0,1,1,0
111,1,11,13,0.0,0.0,0.0,0.0,0.0,0.0,1,1,0
112,1,11,13,0.0,0.0,0.0,0.0,0.0,0.0,1,1,0
113,1,12,14,180.6732677435414,27.75223684145361,0.0,0.0,0.0,0.0,1,1,0
114,1,12,16,155.25217419107707,23.5171643790219,0.0,0.0,0.0,0.0,1,1,0
115,1,12,16,191.53135101575373,35.5858461538285,0.0,0.0,0.0,0.0,1,1,0
116,1,12,16,77.32939962567296,12.162313202532939,0.0,0.0,0.0,0.0,1,1,0
117,1,12,17,0.0,0.0,0.0,0.0,0.0,0.0,1,1,0
118,1,12,17,219.50420311121783,41.520844114496,0.0,0.0,0.0,0.0,1,1,0
119,1,12,15,128.69240019036053,18.015303123447485,0.0,0.0,0.0,0.0,1,1,0
120,1,12,15,68.7194751740098,12.850599530374167,0.0,0.0,0.0,0.0,1,1,0
121,1,12,17,0.0,0.0,0.0,0.0,0.0,0.0,1,1,0
122,1,12,17,0.0,0.0,0.0,0.0,0.0,0.0,1,1,0
123,1,12,15,0.0,0.0,0.0,0.0,0.0,0.0,1,1,0
124,1,12,16,0.0,0.0,0.0,0.0,0.0,0.0,1,1,0
201,1,21,21,70.55961856446247,17.688174082458392,0.0,0.0,0.0,0.0,1,1,0
202,1,21,22,60.35132992815525,11.827641639263367,0.0,0.0,0.0,0.0,1,1,0
203,1,21,21,123.63717732131201,32.1615232549923,0.0,0.0,0.0,0.0,1,1,0
204,1,21,21,38.63194764781845,11.567098792256322,0.0,0.0,0.0,0.0,1,1,0
205,1,21,21,41.533189437513705,9.90397420484852,0.0,0.0,0.0,0.0,1,1,0
206,1,21,22,95.03529861170725,23.67173080134429,0.0,0.0,0.0,0.0,1,1,0
207,1,21,22,60.89733397053787,16.44117546040099,0.0,0.0,0.0,0.0,1,1,0
208,1,21,22,111.5338841416554,23.25822611136641,0.0,0.0,0.0,0.0,1,1,0
209,1,21,23,129.48451942425456,24.583103090610916,0.0,0.0,0.0,0.0,1,1,0
210,1,21,23,116.62810788015926,33.76485082607344,0.0,0.0,0.0,0.0,1,1,0
211,1,21,23,0.0,0.0,0.0,0.0,0.0,0.0,1,1,0
212,1,21,23,0.0,0.0,0.0,0.0,0.0,0.0,1,1,0
213,1,22,24,179.64745451998758,47.274259238435235,0.0,0.0,0.0,0.0,1,1,0
214,1,22,26,127.7827714865257,27.381432804684206,0.0,0.0,0.0,0.0,1,1,0
215,1,22,26,204.4459586361748,45.99042749176025,0.0,0.0,0.0,0.0,1,1,0
216,1,22,26,66.99592122317758,10.823726562146096,0.0,0.0,0.0,0.0,1,1,0
217,1,22,27,0.0,0.0,0.0,0.0,0.0,0.0,1,1,0
218,1,22,27,209.0858989998062,52.11444032435474,0.0,0.0,0.0,0.0,1,1,0
219,1,22,25,144.38446038372197,27.082311068348027,0.0,0.0,0.0,0.0,1,1,0
220,1,22,25,67.25685977067947,18.162331163901463,0.0,0.0,0.0,0.0,1,1,0
221,1,22,27,0.0,0.0,0.0,0.0,0.0,0.0,1,1,0
222,1,22,27,0.0,0.0,0.0,0.0,0.0,0.0,1,1,0
223,1,22,25,0.0,0.0,0.0,0.0,0.0,0.0,1,1,0
224,1,22,26,0.0,0.0,0.0,0.0,0.0,0.0,1,1,0
301,1,31,31,69.73379712017923,17.01888242973732,0.0,0.0,0.0,0.0,1,1,0
302,1,31,32,49.55487090490661,10.686674463766627,0.0,0.0,0.0,0.0,1,1,0
303,1,31,31,117.15738136810809,30.293372583540854,0.0,0.0,0.0,0.0,1,1,0
304,1,31,31,42.99128862713864,9.07676908009057,0.0,0.0,0.0,0.0,1,1,0
305,1,31,31,56.762234797895466,9.053194026914891,0.0,0.0,0.0,0.0,1,1,0
306,1,31,32,107.58860501077473,15.078328419794328,0.0,0.0,0.0,0.0,1,1,0
307,1,31,32,101.67594626895733,21.67900655714795,0.0,0.0,0.0,0.0,1,1,0
308,1,31,32,122.15130896391304,19.04478544832091,0.0,0.0,0.0,0.0,1,1,0
309,1,31,33,101.90760883761453,28.722704472185303,0.0,0.0,0.0,0.0,1,1,0
310,1,31,33,111.4536044280196,19.526210217833516,0.0,0.0,0.0,0.0,1,1,0
311,1,31,33,0.0,0.0,0.0,0.0,0.0,0.0,1,1,0
312,1,31,33,0.0,0.0,0.0,0.0,0.0,0.0,1,1,0
313,1,32,34,172.94917231866438,37.73060134719237,0.0,0.0,0.0,0.0,1,1,0
314,1,32,36,123.35491635008316,30.14300593235339,0.0,0.0,0.0,0.0,1,1,0
315,1,32,36,214.3648679240829,50.954325622880454,0.0,0.0,0.0,0.0,1,1,0
