% From Raw File 
%% RTS 96 System Bus Data %% 
all_busdata96 = [ 
101,138,2,1,1,1,1.00,0.00,1.1,0.9,1.1,0.9
102,138,2,1,1,1,1.00,0.00,1.1,0.9,1.1,0.9
103,138,1,1,1,1,1.00,0.00,1.1,0.9,1.1,0.9
104,138,1,1,1,1,1.00,0.00,1.1,0.9,1.1,0.9
105,138,1,1,1,1,1.00,0.00,1.1,0.9,1.1,0.9
106,138,1,1,1,1,1.00,0.00,1.1,0.9,1.1,0.9
107,138,2,1,1,1,1.00,0.00,1.1,0.9,1.1,0.9
108,138,1,1,1,1,1.00,0.00,1.1,0.9,1.1,0.9
109,138,1,1,1,1,1.00,0.00,1.1,0.9,1.1,0.9
110,138,1,1,1,1,1.00,0.00,1.1,0.9,1.1,0.9
111,230,1,1,1,1,1.00,0.00,1.1,0.9,1.1,0.9
112,230,1,1,1,1,1.00,0.00,1.1,0.9,1.1,0.9
113,230,3,1,1,1,1.00,0.00,1.1,0.9,1.1,0.9
114,230,2,1,1,1,1.00,0.00,1.1,0.9,1.1,0.9
115,230,2,1,1,1,1.00,0.00,1.1,0.9,1.1,0.9
116,230,2,1,1,1,1.00,0.00,1.1,0.9,1.1,0.9
117,230,1,1,1,1,1.00,0.00,1.1,0.9,1.1,0.9
118,230,2,1,1,1,1.00,0.00,1.1,0.9,1.1,0.9
119,230,1,1,1,1,1.00,0.00,1.1,0.9,1.1,0.9
120,230,1,1,1,1,1.00,0.00,1.1,0.9,1.1,0.9
121,230,2,1,1,1,1.00,0.00,1.1,0.9,1.1,0.9
122,230,2,1,1,1,1.00,0.00,1.1,0.9,1.1,0.9
123,230,2,1,1,1,1.00,0.00,1.1,0.9,1.1,0.9
124,230,1,1,1,1,1.00,0.00,1.1,0.9,1.1,0.9
201,138,2,1,1,1,1.00,0.00,1.1,0.9,1.1,0.9
202,138,2,1,1,1,1.00,0.00,1.1,0.9,1.1,0.9
203,138,1,1,1,1,1.00,0.00,1.1,0.9,1.1,0.9
204,138,1,1,1,1,1.00,0.00,1.1,0.9,1.1,0.9
205,138,1,1,1,1,1.00,0.00,1.1,0.9,1.1,0.9
206,138,1,1,1,1,1.00,0.00,1.1,0.9,1.1,0.9
207,138,2,1,1,1,1.00,0.00,1.1,0.9,1.1,0.9
208,138,1,1,1,1,1.00,0.00,1.1,0.9,1.1,0.9
209,138,1,1,1,1,1.00,0.00,1.1,0.9,1.1,0.9
210,138,1,1,1,1,1.00,0.00,1.1,0.9,1.1,0.9
211,230,1,1,1,1,1.00,0.00,1.1,0.9,1.1,0.9
212,230,1,1,1,1,1.00,0.00,1.1,0.9,1.1,0.9
213,230,2,1,1,1,1.00,0.00,1.1,0.9,1.1,0.9
214,230,2,1,1,1,1.00,0.00,1.1,0.9,1.1,0.9
215,230,2,1,1,1,1.00,0.00,1.1,0.9,1.1,0.9
216,230,2,1,1,1,1.00,0.00,1.1,0.9,1.1,0.9
217,230,1,1,1,1,1.00,0.00,1.1,0.9,1.1,0.9
218,230,2,1,1,1,1.00,0.00,1.1,0.9,1.1,0.9
219,230,1,1,1,1,1.00,0.00,1.1,0.9,1.1,0.9
220,230,1,1,1,1,1.00,0.00,1.1,0.9,1.1,0.9
221,230,2,1,1,1,1.00,0.00,1.1,0.9,1.1,0.9
222,230,2,1,1,1,1.00,0.00,1.1,0.9,1.1,0.9
223,230,2,1,1,1,1.00,0.00,1.1,0.9,1.1,0.9
224,230,1,1,1,1,1.00,0.00,1.1,0.9,1.1,0.9
301,138,2,1,1,1,1.00,0.00,1.1,0.9,1.1,0.9
302,138,2,1,1,1,1.00,0.00,1.1,0.9,1.1,0.9
303,138,1,1,1,1,1.00,0.00,1.1,0.9,1.1,0.9
304,138,1,1,1,1,1.00,0.00,1.1,0.9,1.1,0.9
305,138,1,1,1,1,1.00,0.00,1.1,0.9,1.1,0.9
306,138,1,1,1,1,1.00,0.00,1.1,0.9,1.1,0.9
307,138,2,1,1,1,1.00,0.00,1.1,0.9,1.1,0.9
308,138,1,1,1,1,1.00,0.00,1.1,0.9,1.1,0.9
309,138,1,1,1,1,1.00,0.00,1.1,0.9,1.1,0.9
310,138,1,1,1,1,1.00,0.00,1.1,0.9,1.1,0.9
311,230,1,1,1,1,1.00,0.00,1.1,0.9,1.1,0.9
312,230,1,1,1,1,1.00,0.00,1.1,0.9,1.1,0.9
313,230,2,1,1,1,1.00,0.00,1.1,0.9,1.1,0.9
314,230,2,1,1,1,1.00,0.00,1.1,0.9,1.1,0.9
315,230,2,1,1,1,1.00,0.00,1.1,0.9,1.1,0.9
316,230,2,1,1,1,1.00,0.00,1.1,0.9,1.1,0.9
317,230,1,1,1,1,1.00,0.00,1.1,0.9,1.1,0.9
318,230,2,1,1,1,1.00,0.00,1.1,0.9,1.1,0.9
319,230,1,1,1,1,1.00,0.00,1.1,0.9,1.1,0.9
320,230,1,1,1,1,1.00,0.00,1.1,0.9,1.1,0.9
321,230,2,1,1,1,1.00,0.00,1.1,0.9,1.1,0.9
322,230,2,1,1,1,1.00,0.00,1.1,0.9,1.1,0.9
323,230,2,1,1,1,1.00,0.00,1.1,0.9,1.1,0.9
324,230,1,1,1,1,1.00,0.00,1.1,0.9,1.1,0.9
325,230,1,1,1,1,1.00,0.00,1.1,0.9,1.1,0.9
]; 
all_busName96 = [   ' 101 ';  ' 102 ';  ' 103 ';  ' 104 ';  ' 105 ';  ' 106 ';  ' 107 ';  ' 108 ';  ' 109 ';  ' 110 ';  ' 111 ';  ' 112 ';  ' 113 ';  ' 114 ';  ' 115 ';  ' 116 ';  ' 117 ';  ' 118 ';  ' 119 ';  ' 120 ';  ' 121 ';  ' 122 ';  ' 123 ';  ' 124 ';  ' 201 ';  ' 202 ';  ' 203 ';  ' 204 ';  ' 205 ';  ' 206 ';  ' 207 ';  ' 208 ';  ' 209 ';  ' 210 ';  ' 211 ';  ' 212 ';  ' 213 ';  ' 214 ';  ' 215 ';  ' 216 ';  ' 217 ';  ' 218 ';  ' 219 ';  ' 220 ';  ' 221 ';  ' 222 ';  ' 223 ';  ' 224 ';  ' 301 ';  ' 302 ';  ' 303 ';  ' 304 ';  ' 305 ';  ' 306 ';  ' 307 ';  ' 308 ';  ' 309 ';  ' 310 ';  ' 311 ';  ' 312 ';  ' 313 ';  ' 314 ';  ' 315 ';  ' 316 ';  ' 317 ';  ' 318 ';  ' 319 ';  ' 320 ';  ' 321 ';  ' 322 ';  ' 323 ';  ' 324 ';  ' 325 '; ];
%% RTS 96 System Load Data %% 
all_loaddata96 = [ 
101,1,11,11,62.76568045601137,12.722528381456808,0.0,0.0,0.0,0.0,1,1,0
102,1,11,12,85.21172745820144,13.872765935559755,0.0,0.0,0.0,0.0,1,1,0
103,1,11,11,122.82050665818805,24.591494184638183,0.0,0.0,0.0,0.0,1,1,0
104,1,11,11,36.17070325666051,12.556425271526447,0.0,0.0,0.0,0.0,1,1,0
105,1,11,11,39.418458526284574,8.411657185964193,0.0,0.0,0.0,0.0,1,1,0
106,1,11,12,88.95911409356968,15.569180742574856,0.0,0.0,0.0,0.0,1,1,0
107,1,11,12,68.22722591136116,21.44062605745741,0.0,0.0,0.0,0.0,1,1,0
108,1,11,12,112.01700855967803,27.169548971540994,0.0,0.0,0.0,0.0,1,1,0
109,1,11,13,104.59761939396034,32.379563030646,0.0,0.0,0.0,0.0,1,1,0
110,1,11,13,139.62867226789123,22.039099634762852,0.0,0.0,0.0,0.0,1,1,0
111,1,11,13,0.0,0.0,0.0,0.0,0.0,0.0,1,1,0
112,1,11,13,0.0,0.0,0.0,0.0,0.0,0.0,1,1,0
113,1,12,14,152.61873269843892,32.817855455746596,0.0,0.0,0.0,0.0,1,1,0
114,1,12,16,152.88955909315226,26.974992683719844,0.0,0.0,0.0,0.0,1,1,0
115,1,12,16,186.20279188743925,45.9892344273001,0.0,0.0,0.0,0.0,1,1,0
116,1,12,16,59.41336688539478,15.72355759079475,0.0,0.0,0.0,0.0,1,1,0
117,1,12,17,0.0,0.0,0.0,0.0,0.0,0.0,1,1,0
118,1,12,17,217.5822447264661,47.52736799881887,0.0,0.0,0.0,0.0,1,1,0
119,1,12,15,111.53626265374585,20.414282462298356,0.0,0.0,0.0,0.0,1,1,0
120,1,12,15,92.05250995531082,15.644318749915437,0.0,0.0,0.0,0.0,1,1,0
121,1,12,17,0.0,0.0,0.0,0.0,0.0,0.0,1,1,0
122,1,12,17,0.0,0.0,0.0,0.0,0.0,0.0,1,1,0
123,1,12,15,0.0,0.0,0.0,0.0,0.0,0.0,1,1,0
124,1,12,16,0.0,0.0,0.0,0.0,0.0,0.0,1,1,0
201,1,21,21,69.46261999570503,18.608208095042784,0.0,0.0,0.0,0.0,1,1,0
202,1,21,22,58.8294880196468,14.85578388017323,0.0,0.0,0.0,0.0,1,1,0
203,1,21,21,105.50083415553532,18.230965945118943,0.0,0.0,0.0,0.0,1,1,0
204,1,21,21,51.95825428051315,10.000146252072415,0.0,0.0,0.0,0.0,1,1,0
205,1,21,21,43.79361484041727,11.540575483681819,0.0,0.0,0.0,0.0,1,1,0
206,1,21,22,110.45196060813927,17.81821256212089,0.0,0.0,0.0,0.0,1,1,0
207,1,21,22,61.185473318060396,18.739826050323902,0.0,0.0,0.0,0.0,1,1,0
208,1,21,22,91.7891072115134,17.727305578325876,0.0,0.0,0.0,0.0,1,1,0
209,1,21,23,84.98783919090056,21.31324445627723,0.0,0.0,0.0,0.0,1,1,0
210,1,21,23,132.9539731897458,29.970565401144324,0.0,0.0,0.0,0.0,1,1,0
211,1,21,23,0.0,0.0,0.0,0.0,0.0,0.0,1,1,0
212,1,21,23,0.0,0.0,0.0,0.0,0.0,0.0,1,1,0
213,1,22,24,149.51422060689563,46.20104741539322,0.0,0.0,0.0,0.0,1,1,0
214,1,22,26,137.39798058193372,30.793104718125477,0.0,0.0,0.0,0.0,1,1,0
215,1,22,26,201.95361058300907,53.768688053467876,0.0,0.0,0.0,0.0,1,1,0
216,1,22,26,71.74803278566337,14.982001695083454,0.0,0.0,0.0,0.0,1,1,0
217,1,22,27,0.0,0.0,0.0,0.0,0.0,0.0,1,1,0
218,1,22,27,218.13607346003053,56.52198164040316,0.0,0.0,0.0,0.0,1,1,0
219,1,22,25,140.75372526733847,29.990430646015653,0.0,0.0,0.0,0.0,1,1,0
220,1,22,25,75.0608606220603,18.918145973470622,0.0,0.0,0.0,0.0,1,1,0
221,1,22,27,0.0,0.0,0.0,0.0,0.0,0.0,1,1,0
222,1,22,27,0.0,0.0,0.0,0.0,0.0,0.0,1,1,0
223,1,22,25,0.0,0.0,0.0,0.0,0.0,0.0,1,1,0
224,1,22,26,0.0,0.0,0.0,0.0,0.0,0.0,1,1,0
301,1,31,31,86.82233686305005,14.577149688794744,0.0,0.0,0.0,0.0,1,1,0
302,1,31,32,70.59200247741603,10.362693895968606,0.0,0.0,0.0,0.0,1,1,0
303,1,31,31,101.06030566658545,20.32835950836553,0.0,0.0,0.0,0.0,1,1,0
304,1,31,31,62.195132451139386,8.57586065938929,0.0,0.0,0.0,0.0,1,1,0
305,1,31,31,63.282263577535986,10.956900474947691,0.0,0.0,0.0,0.0,1,1,0
306,1,31,32,75.23342059314027,23.437228827715852,0.0,0.0,0.0,0.0,1,1,0
307,1,31,32,87.99073727728101,22.422975718769013,0.0,0.0,0.0,0.0,1,1,0
308,1,31,32,103.50331561389751,19.786755476240767,0.0,0.0,0.0,0.0,1,1,0
309,1,31,33,143.30328958437312,23.183927686163038,0.0,0.0,0.0,0.0,1,1,0
310,1,31,33,124.70697427396452,26.54721000153757,0.0,0.0,0.0,0.0,1,1,0
311,1,31,33,0.0,0.0,0.0,0.0,0.0,0.0,1,1,0
312,1,31,33,0.0,0.0,0.0,0.0,0.0,0.0,1,1,0
313,1,32,34,208.8804282360105,35.24835053070914,0.0,0.0,0.0,0.0,1,1,0
314,1,32,36,154.5471976834992,26.211517040040857,0.0,0.0,0.0,0.0,1,1,0
315,1,32,36,263.1475454622613,55.45309037097394,0.0,0.0,0.0,0.0,1,1,0
