% From Raw File 
%% RTS 96 System Bus Data %% 
all_busdata96 = [ 
101,138,2,1,1,1,1.00,0.00,1.1,0.9,1.1,0.9
102,138,2,1,1,1,1.00,0.00,1.1,0.9,1.1,0.9
103,138,1,1,1,1,1.00,0.00,1.1,0.9,1.1,0.9
104,138,1,1,1,1,1.00,0.00,1.1,0.9,1.1,0.9
105,138,1,1,1,1,1.00,0.00,1.1,0.9,1.1,0.9
106,138,1,1,1,1,1.00,0.00,1.1,0.9,1.1,0.9
107,138,2,1,1,1,1.00,0.00,1.1,0.9,1.1,0.9
108,138,1,1,1,1,1.00,0.00,1.1,0.9,1.1,0.9
109,138,1,1,1,1,1.00,0.00,1.1,0.9,1.1,0.9
110,138,1,1,1,1,1.00,0.00,1.1,0.9,1.1,0.9
111,230,1,1,1,1,1.00,0.00,1.1,0.9,1.1,0.9
112,230,1,1,1,1,1.00,0.00,1.1,0.9,1.1,0.9
113,230,3,1,1,1,1.00,0.00,1.1,0.9,1.1,0.9
114,230,2,1,1,1,1.00,0.00,1.1,0.9,1.1,0.9
115,230,2,1,1,1,1.00,0.00,1.1,0.9,1.1,0.9
116,230,2,1,1,1,1.00,0.00,1.1,0.9,1.1,0.9
117,230,1,1,1,1,1.00,0.00,1.1,0.9,1.1,0.9
118,230,2,1,1,1,1.00,0.00,1.1,0.9,1.1,0.9
119,230,1,1,1,1,1.00,0.00,1.1,0.9,1.1,0.9
120,230,1,1,1,1,1.00,0.00,1.1,0.9,1.1,0.9
121,230,2,1,1,1,1.00,0.00,1.1,0.9,1.1,0.9
122,230,2,1,1,1,1.00,0.00,1.1,0.9,1.1,0.9
123,230,2,1,1,1,1.00,0.00,1.1,0.9,1.1,0.9
124,230,1,1,1,1,1.00,0.00,1.1,0.9,1.1,0.9
201,138,2,1,1,1,1.00,0.00,1.1,0.9,1.1,0.9
202,138,2,1,1,1,1.00,0.00,1.1,0.9,1.1,0.9
203,138,1,1,1,1,1.00,0.00,1.1,0.9,1.1,0.9
204,138,1,1,1,1,1.00,0.00,1.1,0.9,1.1,0.9
205,138,1,1,1,1,1.00,0.00,1.1,0.9,1.1,0.9
206,138,1,1,1,1,1.00,0.00,1.1,0.9,1.1,0.9
207,138,2,1,1,1,1.00,0.00,1.1,0.9,1.1,0.9
208,138,1,1,1,1,1.00,0.00,1.1,0.9,1.1,0.9
209,138,1,1,1,1,1.00,0.00,1.1,0.9,1.1,0.9
210,138,1,1,1,1,1.00,0.00,1.1,0.9,1.1,0.9
211,230,1,1,1,1,1.00,0.00,1.1,0.9,1.1,0.9
212,230,1,1,1,1,1.00,0.00,1.1,0.9,1.1,0.9
213,230,2,1,1,1,1.00,0.00,1.1,0.9,1.1,0.9
214,230,2,1,1,1,1.00,0.00,1.1,0.9,1.1,0.9
215,230,2,1,1,1,1.00,0.00,1.1,0.9,1.1,0.9
216,230,2,1,1,1,1.00,0.00,1.1,0.9,1.1,0.9
217,230,1,1,1,1,1.00,0.00,1.1,0.9,1.1,0.9
218,230,2,1,1,1,1.00,0.00,1.1,0.9,1.1,0.9
219,230,1,1,1,1,1.00,0.00,1.1,0.9,1.1,0.9
220,230,1,1,1,1,1.00,0.00,1.1,0.9,1.1,0.9
221,230,2,1,1,1,1.00,0.00,1.1,0.9,1.1,0.9
222,230,2,1,1,1,1.00,0.00,1.1,0.9,1.1,0.9
223,230,2,1,1,1,1.00,0.00,1.1,0.9,1.1,0.9
224,230,1,1,1,1,1.00,0.00,1.1,0.9,1.1,0.9
301,138,2,1,1,1,1.00,0.00,1.1,0.9,1.1,0.9
302,138,2,1,1,1,1.00,0.00,1.1,0.9,1.1,0.9
303,138,1,1,1,1,1.00,0.00,1.1,0.9,1.1,0.9
304,138,1,1,1,1,1.00,0.00,1.1,0.9,1.1,0.9
305,138,1,1,1,1,1.00,0.00,1.1,0.9,1.1,0.9
306,138,1,1,1,1,1.00,0.00,1.1,0.9,1.1,0.9
307,138,2,1,1,1,1.00,0.00,1.1,0.9,1.1,0.9
308,138,1,1,1,1,1.00,0.00,1.1,0.9,1.1,0.9
309,138,1,1,1,1,1.00,0.00,1.1,0.9,1.1,0.9
310,138,1,1,1,1,1.00,0.00,1.1,0.9,1.1,0.9
311,230,1,1,1,1,1.00,0.00,1.1,0.9,1.1,0.9
312,230,1,1,1,1,1.00,0.00,1.1,0.9,1.1,0.9
313,230,2,1,1,1,1.00,0.00,1.1,0.9,1.1,0.9
314,230,2,1,1,1,1.00,0.00,1.1,0.9,1.1,0.9
315,230,2,1,1,1,1.00,0.00,1.1,0.9,1.1,0.9
316,230,2,1,1,1,1.00,0.00,1.1,0.9,1.1,0.9
317,230,1,1,1,1,1.00,0.00,1.1,0.9,1.1,0.9
318,230,2,1,1,1,1.00,0.00,1.1,0.9,1.1,0.9
319,230,1,1,1,1,1.00,0.00,1.1,0.9,1.1,0.9
320,230,1,1,1,1,1.00,0.00,1.1,0.9,1.1,0.9
321,230,2,1,1,1,1.00,0.00,1.1,0.9,1.1,0.9
322,230,2,1,1,1,1.00,0.00,1.1,0.9,1.1,0.9
323,230,2,1,1,1,1.00,0.00,1.1,0.9,1.1,0.9
324,230,1,1,1,1,1.00,0.00,1.1,0.9,1.1,0.9
325,230,1,1,1,1,1.00,0.00,1.1,0.9,1.1,0.9
]; 
all_busName96 = [   ' 101 ';  ' 102 ';  ' 103 ';  ' 104 ';  ' 105 ';  ' 106 ';  ' 107 ';  ' 108 ';  ' 109 ';  ' 110 ';  ' 111 ';  ' 112 ';  ' 113 ';  ' 114 ';  ' 115 ';  ' 116 ';  ' 117 ';  ' 118 ';  ' 119 ';  ' 120 ';  ' 121 ';  ' 122 ';  ' 123 ';  ' 124 ';  ' 201 ';  ' 202 ';  ' 203 ';  ' 204 ';  ' 205 ';  ' 206 ';  ' 207 ';  ' 208 ';  ' 209 ';  ' 210 ';  ' 211 ';  ' 212 ';  ' 213 ';  ' 214 ';  ' 215 ';  ' 216 ';  ' 217 ';  ' 218 ';  ' 219 ';  ' 220 ';  ' 221 ';  ' 222 ';  ' 223 ';  ' 224 ';  ' 301 ';  ' 302 ';  ' 303 ';  ' 304 ';  ' 305 ';  ' 306 ';  ' 307 ';  ' 308 ';  ' 309 ';  ' 310 ';  ' 311 ';  ' 312 ';  ' 313 ';  ' 314 ';  ' 315 ';  ' 316 ';  ' 317 ';  ' 318 ';  ' 319 ';  ' 320 ';  ' 321 ';  ' 322 ';  ' 323 ';  ' 324 ';  ' 325 '; ];
%% RTS 96 System Load Data %% 
all_loaddata96 = [ 
101,1,11,11,55.48844814483057,11.941450126834306,0.0,0.0,0.0,0.0,1,1,0
102,1,11,12,50.46868210595744,14.430563693027013,0.0,0.0,0.0,0.0,1,1,0
103,1,11,11,126.27594937223475,23.16872897192384,0.0,0.0,0.0,0.0,1,1,0
104,1,11,11,66.24879672424093,9.980832147569396,0.0,0.0,0.0,0.0,1,1,0
105,1,11,11,61.848483985335434,12.130439728836159,0.0,0.0,0.0,0.0,1,1,0
106,1,11,12,116.23031730010919,23.855615026598056,0.0,0.0,0.0,0.0,1,1,0
107,1,11,12,94.1203568294237,12.220077444665366,0.0,0.0,0.0,0.0,1,1,0
108,1,11,12,121.10490196380783,22.63712842095131,0.0,0.0,0.0,0.0,1,1,0
109,1,11,13,105.13993798500393,25.733274709594063,0.0,0.0,0.0,0.0,1,1,0
110,1,11,13,133.91437951083432,34.35399750513397,0.0,0.0,0.0,0.0,1,1,0
111,1,11,13,0.0,0.0,0.0,0.0,0.0,0.0,1,1,0
112,1,11,13,0.0,0.0,0.0,0.0,0.0,0.0,1,1,0
113,1,12,14,165.66427297224317,41.561347981734286,0.0,0.0,0.0,0.0,1,1,0
114,1,12,16,142.41772714966592,24.680746077919704,0.0,0.0,0.0,0.0,1,1,0
115,1,12,16,177.16100590902374,31.615554635909195,0.0,0.0,0.0,0.0,1,1,0
116,1,12,16,80.65758169627748,10.01356711908616,0.0,0.0,0.0,0.0,1,1,0
117,1,12,17,0.0,0.0,0.0,0.0,0.0,0.0,1,1,0
118,1,12,17,190.40656289515374,39.334668186710964,0.0,0.0,0.0,0.0,1,1,0
119,1,12,15,114.64650898055127,28.867350184421287,0.0,0.0,0.0,0.0,1,1,0
120,1,12,15,69.77759189170003,12.774765983438863,0.0,0.0,0.0,0.0,1,1,0
121,1,12,17,0.0,0.0,0.0,0.0,0.0,0.0,1,1,0
122,1,12,17,0.0,0.0,0.0,0.0,0.0,0.0,1,1,0
123,1,12,15,0.0,0.0,0.0,0.0,0.0,0.0,1,1,0
124,1,12,16,0.0,0.0,0.0,0.0,0.0,0.0,1,1,0
201,1,21,21,55.92901368810105,13.32570620911494,0.0,0.0,0.0,0.0,1,1,0
202,1,21,22,65.01150552067095,12.74867805869691,0.0,0.0,0.0,0.0,1,1,0
203,1,21,21,143.51064326309412,29.33001076772189,0.0,0.0,0.0,0.0,1,1,0
204,1,21,21,52.81977285799635,8.272323578968411,0.0,0.0,0.0,0.0,1,1,0
205,1,21,21,36.197745814839706,10.290988719164952,0.0,0.0,0.0,0.0,1,1,0
206,1,21,22,92.5490625653565,24.875192863936725,0.0,0.0,0.0,0.0,1,1,0
207,1,21,22,63.35100107546314,15.236230015318142,0.0,0.0,0.0,0.0,1,1,0
208,1,21,22,132.57346076583056,31.091326813631227,0.0,0.0,0.0,0.0,1,1,0
209,1,21,23,125.2623866031971,27.331073508424314,0.0,0.0,0.0,0.0,1,1,0
210,1,21,23,149.6156429355119,27.099268130209296,0.0,0.0,0.0,0.0,1,1,0
211,1,21,23,0.0,0.0,0.0,0.0,0.0,0.0,1,1,0
212,1,21,23,0.0,0.0,0.0,0.0,0.0,0.0,1,1,0
213,1,22,24,136.40496151499985,27.600376846667935,0.0,0.0,0.0,0.0,1,1,0
214,1,22,26,124.3141098283248,22.238139428408818,0.0,0.0,0.0,0.0,1,1,0
215,1,22,26,187.01370973417573,47.52702481873333,0.0,0.0,0.0,0.0,1,1,0
216,1,22,26,66.96337551067583,11.994584023665636,0.0,0.0,0.0,0.0,1,1,0
217,1,22,27,0.0,0.0,0.0,0.0,0.0,0.0,1,1,0
218,1,22,27,173.12076918612073,35.12420448100325,0.0,0.0,0.0,0.0,1,1,0
219,1,22,25,118.96591476272728,30.529421609725244,0.0,0.0,0.0,0.0,1,1,0
220,1,22,25,106.48151081923842,20.1609815974636,0.0,0.0,0.0,0.0,1,1,0
221,1,22,27,0.0,0.0,0.0,0.0,0.0,0.0,1,1,0
222,1,22,27,0.0,0.0,0.0,0.0,0.0,0.0,1,1,0
223,1,22,25,0.0,0.0,0.0,0.0,0.0,0.0,1,1,0
224,1,22,26,0.0,0.0,0.0,0.0,0.0,0.0,1,1,0
301,1,31,31,82.91979609499778,13.0584520371655,0.0,0.0,0.0,0.0,1,1,0
302,1,31,32,70.06144577220068,12.777314154580235,0.0,0.0,0.0,0.0,1,1,0
303,1,31,31,142.09067558056768,33.18964270878243,0.0,0.0,0.0,0.0,1,1,0
304,1,31,31,55.77234298131382,8.368532869699642,0.0,0.0,0.0,0.0,1,1,0
305,1,31,31,37.46715627915049,9.45128115920294,0.0,0.0,0.0,0.0,1,1,0
306,1,31,32,77.33632689015604,14.65245715517476,0.0,0.0,0.0,0.0,1,1,0
307,1,31,32,95.14455543119693,17.591026872221846,0.0,0.0,0.0,0.0,1,1,0
308,1,31,32,109.40637284447216,25.756612276105674,0.0,0.0,0.0,0.0,1,1,0
309,1,31,33,133.7724392862618,21.79447799463831,0.0,0.0,0.0,0.0,1,1,0
310,1,31,33,133.29852528470497,35.35108790178224,0.0,0.0,0.0,0.0,1,1,0
311,1,31,33,0.0,0.0,0.0,0.0,0.0,0.0,1,1,0
312,1,31,33,0.0,0.0,0.0,0.0,0.0,0.0,1,1,0
313,1,32,34,165.4119053134129,43.68546939757224,0.0,0.0,0.0,0.0,1,1,0
314,1,32,36,171.94748278396082,21.004568926895686,0.0,0.0,0.0,0.0,1,1,0
315,1,32,36,219.54506154874088,53.12102841669917,0.0,0.0,0.0,0.0,1,1,0
