% From Raw File 
%% RTS 96 System Bus Data %% 
all_busdata96 = [ 
101,138,2,1,1,1,1.00,0.00,1.1,0.9,1.1,0.9
102,138,2,1,1,1,1.00,0.00,1.1,0.9,1.1,0.9
103,138,1,1,1,1,1.00,0.00,1.1,0.9,1.1,0.9
104,138,1,1,1,1,1.00,0.00,1.1,0.9,1.1,0.9
105,138,1,1,1,1,1.00,0.00,1.1,0.9,1.1,0.9
106,138,1,1,1,1,1.00,0.00,1.1,0.9,1.1,0.9
107,138,2,1,1,1,1.00,0.00,1.1,0.9,1.1,0.9
108,138,1,1,1,1,1.00,0.00,1.1,0.9,1.1,0.9
109,138,1,1,1,1,1.00,0.00,1.1,0.9,1.1,0.9
110,138,1,1,1,1,1.00,0.00,1.1,0.9,1.1,0.9
111,230,1,1,1,1,1.00,0.00,1.1,0.9,1.1,0.9
112,230,1,1,1,1,1.00,0.00,1.1,0.9,1.1,0.9
113,230,3,1,1,1,1.00,0.00,1.1,0.9,1.1,0.9
114,230,2,1,1,1,1.00,0.00,1.1,0.9,1.1,0.9
115,230,2,1,1,1,1.00,0.00,1.1,0.9,1.1,0.9
116,230,2,1,1,1,1.00,0.00,1.1,0.9,1.1,0.9
117,230,1,1,1,1,1.00,0.00,1.1,0.9,1.1,0.9
118,230,2,1,1,1,1.00,0.00,1.1,0.9,1.1,0.9
119,230,1,1,1,1,1.00,0.00,1.1,0.9,1.1,0.9
120,230,1,1,1,1,1.00,0.00,1.1,0.9,1.1,0.9
121,230,2,1,1,1,1.00,0.00,1.1,0.9,1.1,0.9
122,230,2,1,1,1,1.00,0.00,1.1,0.9,1.1,0.9
123,230,2,1,1,1,1.00,0.00,1.1,0.9,1.1,0.9
124,230,1,1,1,1,1.00,0.00,1.1,0.9,1.1,0.9
201,138,2,1,1,1,1.00,0.00,1.1,0.9,1.1,0.9
202,138,2,1,1,1,1.00,0.00,1.1,0.9,1.1,0.9
203,138,1,1,1,1,1.00,0.00,1.1,0.9,1.1,0.9
204,138,1,1,1,1,1.00,0.00,1.1,0.9,1.1,0.9
205,138,1,1,1,1,1.00,0.00,1.1,0.9,1.1,0.9
206,138,1,1,1,1,1.00,0.00,1.1,0.9,1.1,0.9
207,138,2,1,1,1,1.00,0.00,1.1,0.9,1.1,0.9
208,138,1,1,1,1,1.00,0.00,1.1,0.9,1.1,0.9
209,138,1,1,1,1,1.00,0.00,1.1,0.9,1.1,0.9
210,138,1,1,1,1,1.00,0.00,1.1,0.9,1.1,0.9
211,230,1,1,1,1,1.00,0.00,1.1,0.9,1.1,0.9
212,230,1,1,1,1,1.00,0.00,1.1,0.9,1.1,0.9
213,230,2,1,1,1,1.00,0.00,1.1,0.9,1.1,0.9
214,230,2,1,1,1,1.00,0.00,1.1,0.9,1.1,0.9
215,230,2,1,1,1,1.00,0.00,1.1,0.9,1.1,0.9
216,230,2,1,1,1,1.00,0.00,1.1,0.9,1.1,0.9
217,230,1,1,1,1,1.00,0.00,1.1,0.9,1.1,0.9
218,230,2,1,1,1,1.00,0.00,1.1,0.9,1.1,0.9
219,230,1,1,1,1,1.00,0.00,1.1,0.9,1.1,0.9
220,230,1,1,1,1,1.00,0.00,1.1,0.9,1.1,0.9
221,230,2,1,1,1,1.00,0.00,1.1,0.9,1.1,0.9
222,230,2,1,1,1,1.00,0.00,1.1,0.9,1.1,0.9
223,230,2,1,1,1,1.00,0.00,1.1,0.9,1.1,0.9
224,230,1,1,1,1,1.00,0.00,1.1,0.9,1.1,0.9
301,138,2,1,1,1,1.00,0.00,1.1,0.9,1.1,0.9
302,138,2,1,1,1,1.00,0.00,1.1,0.9,1.1,0.9
303,138,1,1,1,1,1.00,0.00,1.1,0.9,1.1,0.9
304,138,1,1,1,1,1.00,0.00,1.1,0.9,1.1,0.9
305,138,1,1,1,1,1.00,0.00,1.1,0.9,1.1,0.9
306,138,1,1,1,1,1.00,0.00,1.1,0.9,1.1,0.9
307,138,2,1,1,1,1.00,0.00,1.1,0.9,1.1,0.9
308,138,1,1,1,1,1.00,0.00,1.1,0.9,1.1,0.9
309,138,1,1,1,1,1.00,0.00,1.1,0.9,1.1,0.9
310,138,1,1,1,1,1.00,0.00,1.1,0.9,1.1,0.9
311,230,1,1,1,1,1.00,0.00,1.1,0.9,1.1,0.9
312,230,1,1,1,1,1.00,0.00,1.1,0.9,1.1,0.9
313,230,2,1,1,1,1.00,0.00,1.1,0.9,1.1,0.9
314,230,2,1,1,1,1.00,0.00,1.1,0.9,1.1,0.9
315,230,2,1,1,1,1.00,0.00,1.1,0.9,1.1,0.9
316,230,2,1,1,1,1.00,0.00,1.1,0.9,1.1,0.9
317,230,1,1,1,1,1.00,0.00,1.1,0.9,1.1,0.9
318,230,2,1,1,1,1.00,0.00,1.1,0.9,1.1,0.9
319,230,1,1,1,1,1.00,0.00,1.1,0.9,1.1,0.9
320,230,1,1,1,1,1.00,0.00,1.1,0.9,1.1,0.9
321,230,2,1,1,1,1.00,0.00,1.1,0.9,1.1,0.9
322,230,2,1,1,1,1.00,0.00,1.1,0.9,1.1,0.9
323,230,2,1,1,1,1.00,0.00,1.1,0.9,1.1,0.9
324,230,1,1,1,1,1.00,0.00,1.1,0.9,1.1,0.9
325,230,1,1,1,1,1.00,0.00,1.1,0.9,1.1,0.9
]; 
all_busName96 = [   ' 101 ';  ' 102 ';  ' 103 ';  ' 104 ';  ' 105 ';  ' 106 ';  ' 107 ';  ' 108 ';  ' 109 ';  ' 110 ';  ' 111 ';  ' 112 ';  ' 113 ';  ' 114 ';  ' 115 ';  ' 116 ';  ' 117 ';  ' 118 ';  ' 119 ';  ' 120 ';  ' 121 ';  ' 122 ';  ' 123 ';  ' 124 ';  ' 201 ';  ' 202 ';  ' 203 ';  ' 204 ';  ' 205 ';  ' 206 ';  ' 207 ';  ' 208 ';  ' 209 ';  ' 210 ';  ' 211 ';  ' 212 ';  ' 213 ';  ' 214 ';  ' 215 ';  ' 216 ';  ' 217 ';  ' 218 ';  ' 219 ';  ' 220 ';  ' 221 ';  ' 222 ';  ' 223 ';  ' 224 ';  ' 301 ';  ' 302 ';  ' 303 ';  ' 304 ';  ' 305 ';  ' 306 ';  ' 307 ';  ' 308 ';  ' 309 ';  ' 310 ';  ' 311 ';  ' 312 ';  ' 313 ';  ' 314 ';  ' 315 ';  ' 316 ';  ' 317 ';  ' 318 ';  ' 319 ';  ' 320 ';  ' 321 ';  ' 322 ';  ' 323 ';  ' 324 ';  ' 325 '; ];
%% RTS 96 System Load Data %% 
all_loaddata96 = [ 
101,1,11,11,96.10982506043483,17.93943504597126,0.0,0.0,0.0,0.0,1,1,0
102,1,11,12,80.88757388851577,10.463936018848791,0.0,0.0,0.0,0.0,1,1,0
103,1,11,11,101.97705244176461,19.806992621111167,0.0,0.0,0.0,0.0,1,1,0
104,1,11,11,61.647830899639985,8.940636134698055,0.0,0.0,0.0,0.0,1,1,0
105,1,11,11,36.4612831494912,11.375928839077893,0.0,0.0,0.0,0.0,1,1,0
106,1,11,12,101.61877438830884,25.063799751539715,0.0,0.0,0.0,0.0,1,1,0
107,1,11,12,75.0820419689524,16.789847190817817,0.0,0.0,0.0,0.0,1,1,0
108,1,11,12,127.42598626518343,18.967053695165784,0.0,0.0,0.0,0.0,1,1,0
109,1,11,13,98.83517014441662,23.820137071072494,0.0,0.0,0.0,0.0,1,1,0
110,1,11,13,134.60558447920786,22.414728497251865,0.0,0.0,0.0,0.0,1,1,0
111,1,11,13,0.0,0.0,0.0,0.0,0.0,0.0,1,1,0
112,1,11,13,0.0,0.0,0.0,0.0,0.0,0.0,1,1,0
113,1,12,14,144.83381127748194,39.11760308107612,0.0,0.0,0.0,0.0,1,1,0
114,1,12,16,149.92021504995444,20.658940977983967,0.0,0.0,0.0,0.0,1,1,0
115,1,12,16,250.0415255926218,55.89676929422915,0.0,0.0,0.0,0.0,1,1,0
116,1,12,16,80.86495955128221,15.100702803329565,0.0,0.0,0.0,0.0,1,1,0
117,1,12,17,0.0,0.0,0.0,0.0,0.0,0.0,1,1,0
118,1,12,17,187.00916542550397,39.6675849816218,0.0,0.0,0.0,0.0,1,1,0
119,1,12,15,129.6681703774458,27.687039721286066,0.0,0.0,0.0,0.0,1,1,0
120,1,12,15,107.69455784668922,18.35870843992224,0.0,0.0,0.0,0.0,1,1,0
121,1,12,17,0.0,0.0,0.0,0.0,0.0,0.0,1,1,0
122,1,12,17,0.0,0.0,0.0,0.0,0.0,0.0,1,1,0
123,1,12,15,0.0,0.0,0.0,0.0,0.0,0.0,1,1,0
124,1,12,16,0.0,0.0,0.0,0.0,0.0,0.0,1,1,0
201,1,21,21,87.49607961305492,14.992443384593166,0.0,0.0,0.0,0.0,1,1,0
202,1,21,22,85.83507887632129,13.82929528772179,0.0,0.0,0.0,0.0,1,1,0
203,1,21,21,122.59568071486147,24.251505368236728,0.0,0.0,0.0,0.0,1,1,0
204,1,21,21,42.19955900236023,9.77992306391755,0.0,0.0,0.0,0.0,1,1,0
205,1,21,21,56.09846554474561,7.58040106573496,0.0,0.0,0.0,0.0,1,1,0
206,1,21,22,73.88683693776615,18.26103280991893,0.0,0.0,0.0,0.0,1,1,0
207,1,21,22,78.10093902202206,12.465531039383494,0.0,0.0,0.0,0.0,1,1,0
208,1,21,22,87.90914691863357,29.189483761493584,0.0,0.0,0.0,0.0,1,1,0
209,1,21,23,136.6413549102377,31.01554120581597,0.0,0.0,0.0,0.0,1,1,0
210,1,21,23,163.4360655584035,24.508457254165783,0.0,0.0,0.0,0.0,1,1,0
211,1,21,23,0.0,0.0,0.0,0.0,0.0,0.0,1,1,0
212,1,21,23,0.0,0.0,0.0,0.0,0.0,0.0,1,1,0
213,1,22,24,183.07813233823563,27.70593766116304,0.0,0.0,0.0,0.0,1,1,0
214,1,22,26,103.21190649573616,19.360308710189255,0.0,0.0,0.0,0.0,1,1,0
215,1,22,26,265.9872751940124,52.95415469258129,0.0,0.0,0.0,0.0,1,1,0
216,1,22,26,75.25629765853286,16.015131518938578,0.0,0.0,0.0,0.0,1,1,0
217,1,22,27,0.0,0.0,0.0,0.0,0.0,0.0,1,1,0
218,1,22,27,202.29226608126697,43.564297400971505,0.0,0.0,0.0,0.0,1,1,0
219,1,22,25,104.9208885828544,28.104395085064784,0.0,0.0,0.0,0.0,1,1,0
220,1,22,25,97.56499780833721,21.612467441507246,0.0,0.0,0.0,0.0,1,1,0
221,1,22,27,0.0,0.0,0.0,0.0,0.0,0.0,1,1,0
222,1,22,27,0.0,0.0,0.0,0.0,0.0,0.0,1,1,0
223,1,22,25,0.0,0.0,0.0,0.0,0.0,0.0,1,1,0
224,1,22,26,0.0,0.0,0.0,0.0,0.0,0.0,1,1,0
301,1,31,31,95.21282338760197,11.756451940986235,0.0,0.0,0.0,0.0,1,1,0
302,1,31,32,67.23068804880437,15.59517144611478,0.0,0.0,0.0,0.0,1,1,0
303,1,31,31,102.4310635758955,31.222378667504014,0.0,0.0,0.0,0.0,1,1,0
304,1,31,31,53.35989213578682,7.312681478444253,0.0,0.0,0.0,0.0,1,1,0
305,1,31,31,35.744359226067736,10.299967956686206,0.0,0.0,0.0,0.0,1,1,0
306,1,31,32,75.54787606553994,19.546699703690035,0.0,0.0,0.0,0.0,1,1,0
307,1,31,32,111.82611344803591,18.896634732638486,0.0,0.0,0.0,0.0,1,1,0
308,1,31,32,101.5533284875081,29.220880886726782,0.0,0.0,0.0,0.0,1,1,0
309,1,31,33,99.10889245622093,21.054468190053107,0.0,0.0,0.0,0.0,1,1,0
310,1,31,33,151.94540752598408,33.187947142565626,0.0,0.0,0.0,0.0,1,1,0
311,1,31,33,0.0,0.0,0.0,0.0,0.0,0.0,1,1,0
312,1,31,33,0.0,0.0,0.0,0.0,0.0,0.0,1,1,0
313,1,32,34,157.38598102530045,34.389822591407594,0.0,0.0,0.0,0.0,1,1,0
314,1,32,36,103.03100378190558,28.02827640987779,0.0,0.0,0.0,0.0,1,1,0
315,1,32,36,203.69129160424393,46.57499583621919,0.0,0.0,0.0,0.0,1,1,0
