% From Raw File 
%%  179 System Bus Data %% 
% Bus #, BASKV, Type, AREA, ZONE, OWNER, VM,    VA,     NVHI,   NVLO,   EVHI,   EVLO 
all_busdata179 = [ 
2,0.000000,1,1,1,1,0.979469,-26.176380,1.107700,0.897700,1.107700,0.897700
3,0.000000,1,1,1,1,0.977437,-16.962140,1.107700,0.897700,1.107700,0.897700
4,0.000000,2,1,1,1,1.040000,-19.660770,1.107700,0.897700,1.107700,0.897700
5,0.000000,1,1,1,1,0.975175,16.273620,1.107700,0.897700,1.107700,0.897700
6,0.000000,2,1,1,1,0.950000,23.551660,1.107700,0.897700,1.107700,0.897700
7,0.000000,1,1,1,1,1.068141,-7.905650,1.107700,0.897700,1.107700,0.897700
8,0.000000,1,1,1,1,1.009142,-4.689210,1.107700,0.897700,1.107700,0.897700
9,0.000000,2,1,1,1,1.000000,2.228220,1.107700,0.897700,1.107700,0.897700
10,0.000000,1,1,1,1,1.007263,-5.232610,1.107700,0.897700,1.107700,0.897700
11,0.000000,2,1,1,1,1.000000,33.727950,1.107700,0.897700,1.107700,0.897700
12,0.000000,1,2,1,1,1.072050,-23.936820,1.107700,0.897700,1.107700,0.897700
13,0.000000,2,2,1,1,1.000000,-17.812910,1.107700,0.897700,1.107700,0.897700
14,0.000000,1,2,1,1,1.067346,-24.856530,1.107700,0.897700,1.107700,0.897700
15,0.000000,2,2,1,1,0.960000,-21.715580,1.107700,0.897700,1.107700,0.897700
16,0.000000,1,2,1,1,1.048555,-29.642340,1.107700,0.897700,1.107700,0.897700
17,0.000000,1,1,1,1,1.035591,-3.876240,1.107700,0.897700,1.107700,0.897700
18,0.000000,2,1,1,1,1.000000,-0.888920,1.107700,0.897700,1.107700,0.897700
19,0.000000,1,2,1,1,1.055927,-29.592750,1.107700,0.897700,1.107700,0.897700
20,0.000000,1,2,1,1,1.070245,-22.851740,1.107700,0.897700,1.107700,0.897700
21,0.000000,1,2,1,1,1.060421,-25.953900,1.107700,0.897700,1.107700,0.897700
22,0.000000,1,2,1,1,1.046925,-22.122530,1.107700,0.897700,1.107700,0.897700
23,0.000000,1,2,1,1,1.025636,-31.460320,1.107700,0.897700,1.107700,0.897700
24,0.000000,1,2,1,1,1.055713,-23.392370,1.107700,0.897700,1.107700,0.897700
25,0.000000,1,2,1,1,1.041159,-31.084910,1.107700,0.897700,1.107700,0.897700
26,0.000000,1,2,1,1,1.051311,-15.551710,1.107700,0.897700,1.107700,0.897700
27,0.000000,1,2,1,1,1.046716,-42.398300,1.107700,0.897700,1.107700,0.897700
28,0.000000,1,1,1,1,1.065843,-5.781090,1.107700,0.897700,1.107700,0.897700
29,0.000000,1,1,1,1,1.069329,-27.983880,1.107700,0.897700,1.107700,0.897700
30,0.000000,2,1,1,1,1.000000,24.735740,1.107700,0.897700,1.107700,0.897700
31,0.000000,1,1,1,1,1.036338,20.945200,1.107700,0.897700,1.107700,0.897700
32,0.000000,1,1,1,1,1.078611,49.234090,1.107700,0.897700,1.107700,0.897700
33,0.000000,1,1,1,1,0.978546,53.822900,1.107700,0.897700,1.107700,0.897700
34,0.000000,1,1,1,1,1.001134,62.871670,1.107700,0.897700,1.107700,0.897700
35,0.000000,2,1,1,1,1.020000,67.792780,1.107700,0.897700,1.107700,0.897700
36,0.000000,2,1,1,1,1.009000,2.460420,1.107700,0.897700,1.107700,0.897700
37,0.000000,1,2,1,1,1.060315,-42.157010,1.107700,0.897700,1.107700,0.897700
38,0.000000,1,2,1,1,1.080898,-46.227240,1.107700,0.897700,1.107700,0.897700
39,0.000000,1,2,1,1,1.031950,-47.291740,1.107700,0.897700,1.107700,0.897700
40,0.000000,2,2,1,1,1.020000,-45.981920,1.107700,0.897700,1.107700,0.897700
41,0.000000,1,2,1,1,1.023374,-50.924000,1.107700,0.897700,1.107700,0.897700
42,0.000000,1,2,1,1,1.031289,-50.653620,1.107700,0.897700,1.107700,0.897700
43,0.000000,2,2,1,1,1.000000,-47.350420,1.107700,0.897700,1.107700,0.897700
44,0.000000,1,1,1,1,1.052572,-4.367700,1.107700,0.897700,1.107700,0.897700
45,0.000000,2,1,1,1,1.050000,0.279500,1.107700,0.897700,1.107700,0.897700
46,0.000000,1,2,1,1,1.034754,-47.630590,1.107700,0.897700,1.107700,0.897700
47,0.000000,2,2,1,1,1.020000,-47.269870,1.107700,0.897700,1.107700,0.897700
48,0.000000,1,2,1,1,1.034024,-47.840340,1.107700,0.897700,1.107700,0.897700
49,0.000000,1,2,1,1,1.072123,-45.482750,1.107700,0.897700,1.107700,0.897700
50,0.000000,1,2,1,1,1.023616,-51.845480,1.107700,0.897700,1.107700,0.897700
51,0.000000,1,2,1,1,1.032558,-51.901980,1.107700,0.897700,1.107700,0.897700
52,0.000000,1,2,1,1,1.036634,-50.718370,1.107700,0.897700,1.107700,0.897700
53,0.000000,1,2,1,1,1.036634,-50.718370,1.107700,0.897700,1.107700,0.897700
54,0.000000,1,2,1,1,1.027275,-52.110210,1.107700,0.897700,1.107700,0.897700
55,0.000000,1,2,1,1,1.025161,-50.058390,1.107700,0.897700,1.107700,0.897700
56,0.000000,1,2,1,1,1.043038,-47.664880,1.107700,0.897700,1.107700,0.897700
57,0.000000,1,2,1,1,1.024841,-51.880570,1.107700,0.897700,1.107700,0.897700
58,0.000000,1,2,1,1,1.023942,-51.175670,1.107700,0.897700,1.107700,0.897700
59,0.000000,1,2,1,1,1.031118,-48.915000,1.107700,0.897700,1.107700,0.897700
60,0.000000,1,2,1,1,1.038315,-47.150460,1.107700,0.897700,1.107700,0.897700
61,0.000000,1,2,1,1,1.020730,-48.256870,1.107700,0.897700,1.107700,0.897700
62,0.000000,1,2,1,1,1.029297,-49.032040,1.107700,0.897700,1.107700,0.897700
63,0.000000,1,2,1,1,1.052086,-44.494140,1.107700,0.897700,1.107700,0.897700
64,0.000000,1,2,1,1,1.058655,-42.476710,1.107700,0.897700,1.107700,0.897700
65,0.000000,2,1,1,1,1.000000,56.592950,1.107700,0.897700,1.107700,0.897700
66,0.000000,1,1,1,1,1.049279,48.200560,1.107700,0.897700,1.107700,0.897700
67,0.000000,1,1,1,1,1.068629,-16.933060,1.107700,0.897700,1.107700,0.897700
68,0.000000,1,1,1,1,1.065911,-14.570370,1.107700,0.897700,1.107700,0.897700
69,0.000000,1,1,1,1,1.089189,-13.310250,1.107700,0.897700,1.107700,0.897700
70,0.000000,2,1,1,1,1.055000,-7.940510,1.107700,0.897700,1.107700,0.897700
71,0.000000,1,1,1,1,1.061583,-15.076530,1.107700,0.897700,1.107700,0.897700
72,0.000000,1,1,1,1,1.089639,-13.418340,1.107700,0.897700,1.107700,0.897700
73,0.000000,1,1,1,1,1.078387,-1.360490,1.107700,0.897700,1.107700,0.897700
74,0.000000,1,1,1,1,1.069996,0.163260,1.107700,0.897700,1.107700,0.897700
75,0.000000,1,1,1,1,1.037046,-12.159540,1.107700,0.897700,1.107700,0.897700
76,0.000000,1,1,1,1,1.082830,-11.123520,1.107700,0.897700,1.107700,0.897700
77,0.000000,3,1,1,1,1.000000,0.000000,1.107700,0.897700,1.107700,0.897700
78,0.000000,1,1,1,1,1.049460,0.224490,1.107700,0.897700,1.107700,0.897700
79,0.000000,2,1,1,1,1.000000,26.585470,1.107700,0.897700,1.107700,0.897700
80,0.000000,1,1,1,1,1.049927,12.106890,1.107700,0.897700,1.107700,0.897700
81,0.000000,1,1,1,1,1.052949,-19.552130,1.107700,0.897700,1.107700,0.897700
82,0.000000,1,1,1,1,1.067396,-17.148430,1.107700,0.897700,1.107700,0.897700
83,0.000000,1,1,1,1,1.054325,-23.346460,1.107700,0.897700,1.107700,0.897700
84,0.000000,1,1,1,1,1.061944,-5.199100,1.107700,0.897700,1.107700,0.897700
85,0.000000,1,1,1,1,0.998447,-1.571780,1.107700,0.897700,1.107700,0.897700
86,0.000000,1,1,1,1,1.058179,-18.235620,1.107700,0.897700,1.107700,0.897700
87,0.000000,1,1,1,1,1.065325,-18.748290,1.107700,0.897700,1.107700,0.897700
88,0.000000,1,1,1,1,1.071428,-16.016250,1.107700,0.897700,1.107700,0.897700
89,0.000000,1,1,1,1,1.050612,-14.138780,1.107700,0.897700,1.107700,0.897700
90,0.000000,1,1,1,1,1.060879,-19.806660,1.107700,0.897700,1.107700,0.897700
91,0.000000,1,1,1,1,1.079971,-21.796500,1.107700,0.897700,1.107700,0.897700
92,0.000000,1,1,1,1,1.069427,-17.225710,1.107700,0.897700,1.107700,0.897700
93,0.000000,1,1,1,1,1.068597,-22.449710,1.107700,0.897700,1.107700,0.897700
94,0.000000,1,1,1,1,1.071696,-17.861750,1.107700,0.897700,1.107700,0.897700
95,0.000000,1,1,1,1,1.079256,-22.056870,1.107700,0.897700,1.107700,0.897700
96,0.000000,1,1,1,1,1.069164,-17.225500,1.107700,0.897700,1.107700,0.897700
97,0.000000,1,1,1,1,1.067603,-22.746370,1.107700,0.897700,1.107700,0.897700
98,0.000000,1,1,1,1,1.071035,-17.895040,1.107700,0.897700,1.107700,0.897700
99,0.000000,1,1,1,1,0.972833,8.042900,1.107700,0.897700,1.107700,0.897700
100,0.000000,1,3,1,1,1.130963,-34.975250,1.107700,0.897700,1.107700,0.897700
101,0.000000,1,3,1,1,1.136126,-30.489370,1.107700,0.897700,1.107700,0.897700
102,0.000000,1,2,1,1,1.052974,-46.127530,1.107700,0.897700,1.107700,0.897700
103,0.000000,2,2,1,1,0.980000,-42.325310,1.107700,0.897700,1.107700,0.897700
104,0.000000,1,2,1,1,1.047066,-47.683420,1.107700,0.897700,1.107700,0.897700
