% From Raw File 
%% RTS 96 System Bus Data %% 
all_busdata96 = [ 
101,138,2,1,1,1,1.00,0.00,1.1,0.9,1.1,0.9
102,138,2,1,1,1,1.00,0.00,1.1,0.9,1.1,0.9
103,138,1,1,1,1,1.00,0.00,1.1,0.9,1.1,0.9
104,138,1,1,1,1,1.00,0.00,1.1,0.9,1.1,0.9
105,138,1,1,1,1,1.00,0.00,1.1,0.9,1.1,0.9
106,138,1,1,1,1,1.00,0.00,1.1,0.9,1.1,0.9
107,138,2,1,1,1,1.00,0.00,1.1,0.9,1.1,0.9
108,138,1,1,1,1,1.00,0.00,1.1,0.9,1.1,0.9
109,138,1,1,1,1,1.00,0.00,1.1,0.9,1.1,0.9
110,138,1,1,1,1,1.00,0.00,1.1,0.9,1.1,0.9
111,230,1,1,1,1,1.00,0.00,1.1,0.9,1.1,0.9
112,230,1,1,1,1,1.00,0.00,1.1,0.9,1.1,0.9
113,230,3,1,1,1,1.00,0.00,1.1,0.9,1.1,0.9
114,230,2,1,1,1,1.00,0.00,1.1,0.9,1.1,0.9
115,230,2,1,1,1,1.00,0.00,1.1,0.9,1.1,0.9
116,230,2,1,1,1,1.00,0.00,1.1,0.9,1.1,0.9
117,230,1,1,1,1,1.00,0.00,1.1,0.9,1.1,0.9
118,230,2,1,1,1,1.00,0.00,1.1,0.9,1.1,0.9
119,230,1,1,1,1,1.00,0.00,1.1,0.9,1.1,0.9
120,230,1,1,1,1,1.00,0.00,1.1,0.9,1.1,0.9
121,230,2,1,1,1,1.00,0.00,1.1,0.9,1.1,0.9
122,230,2,1,1,1,1.00,0.00,1.1,0.9,1.1,0.9
123,230,2,1,1,1,1.00,0.00,1.1,0.9,1.1,0.9
124,230,1,1,1,1,1.00,0.00,1.1,0.9,1.1,0.9
201,138,2,1,1,1,1.00,0.00,1.1,0.9,1.1,0.9
202,138,2,1,1,1,1.00,0.00,1.1,0.9,1.1,0.9
203,138,1,1,1,1,1.00,0.00,1.1,0.9,1.1,0.9
204,138,1,1,1,1,1.00,0.00,1.1,0.9,1.1,0.9
205,138,1,1,1,1,1.00,0.00,1.1,0.9,1.1,0.9
206,138,1,1,1,1,1.00,0.00,1.1,0.9,1.1,0.9
207,138,2,1,1,1,1.00,0.00,1.1,0.9,1.1,0.9
208,138,1,1,1,1,1.00,0.00,1.1,0.9,1.1,0.9
209,138,1,1,1,1,1.00,0.00,1.1,0.9,1.1,0.9
210,138,1,1,1,1,1.00,0.00,1.1,0.9,1.1,0.9
211,230,1,1,1,1,1.00,0.00,1.1,0.9,1.1,0.9
212,230,1,1,1,1,1.00,0.00,1.1,0.9,1.1,0.9
213,230,2,1,1,1,1.00,0.00,1.1,0.9,1.1,0.9
214,230,2,1,1,1,1.00,0.00,1.1,0.9,1.1,0.9
215,230,2,1,1,1,1.00,0.00,1.1,0.9,1.1,0.9
216,230,2,1,1,1,1.00,0.00,1.1,0.9,1.1,0.9
217,230,1,1,1,1,1.00,0.00,1.1,0.9,1.1,0.9
218,230,2,1,1,1,1.00,0.00,1.1,0.9,1.1,0.9
219,230,1,1,1,1,1.00,0.00,1.1,0.9,1.1,0.9
220,230,1,1,1,1,1.00,0.00,1.1,0.9,1.1,0.9
221,230,2,1,1,1,1.00,0.00,1.1,0.9,1.1,0.9
222,230,2,1,1,1,1.00,0.00,1.1,0.9,1.1,0.9
223,230,2,1,1,1,1.00,0.00,1.1,0.9,1.1,0.9
224,230,1,1,1,1,1.00,0.00,1.1,0.9,1.1,0.9
301,138,2,1,1,1,1.00,0.00,1.1,0.9,1.1,0.9
302,138,2,1,1,1,1.00,0.00,1.1,0.9,1.1,0.9
303,138,1,1,1,1,1.00,0.00,1.1,0.9,1.1,0.9
304,138,1,1,1,1,1.00,0.00,1.1,0.9,1.1,0.9
305,138,1,1,1,1,1.00,0.00,1.1,0.9,1.1,0.9
306,138,1,1,1,1,1.00,0.00,1.1,0.9,1.1,0.9
307,138,2,1,1,1,1.00,0.00,1.1,0.9,1.1,0.9
308,138,1,1,1,1,1.00,0.00,1.1,0.9,1.1,0.9
309,138,1,1,1,1,1.00,0.00,1.1,0.9,1.1,0.9
310,138,1,1,1,1,1.00,0.00,1.1,0.9,1.1,0.9
311,230,1,1,1,1,1.00,0.00,1.1,0.9,1.1,0.9
312,230,1,1,1,1,1.00,0.00,1.1,0.9,1.1,0.9
313,230,2,1,1,1,1.00,0.00,1.1,0.9,1.1,0.9
314,230,2,1,1,1,1.00,0.00,1.1,0.9,1.1,0.9
315,230,2,1,1,1,1.00,0.00,1.1,0.9,1.1,0.9
316,230,2,1,1,1,1.00,0.00,1.1,0.9,1.1,0.9
317,230,1,1,1,1,1.00,0.00,1.1,0.9,1.1,0.9
318,230,2,1,1,1,1.00,0.00,1.1,0.9,1.1,0.9
319,230,1,1,1,1,1.00,0.00,1.1,0.9,1.1,0.9
320,230,1,1,1,1,1.00,0.00,1.1,0.9,1.1,0.9
321,230,2,1,1,1,1.00,0.00,1.1,0.9,1.1,0.9
322,230,2,1,1,1,1.00,0.00,1.1,0.9,1.1,0.9
323,230,2,1,1,1,1.00,0.00,1.1,0.9,1.1,0.9
324,230,1,1,1,1,1.00,0.00,1.1,0.9,1.1,0.9
325,230,1,1,1,1,1.00,0.00,1.1,0.9,1.1,0.9
]; 
all_busName96 = [   ' 101 ';  ' 102 ';  ' 103 ';  ' 104 ';  ' 105 ';  ' 106 ';  ' 107 ';  ' 108 ';  ' 109 ';  ' 110 ';  ' 111 ';  ' 112 ';  ' 113 ';  ' 114 ';  ' 115 ';  ' 116 ';  ' 117 ';  ' 118 ';  ' 119 ';  ' 120 ';  ' 121 ';  ' 122 ';  ' 123 ';  ' 124 ';  ' 201 ';  ' 202 ';  ' 203 ';  ' 204 ';  ' 205 ';  ' 206 ';  ' 207 ';  ' 208 ';  ' 209 ';  ' 210 ';  ' 211 ';  ' 212 ';  ' 213 ';  ' 214 ';  ' 215 ';  ' 216 ';  ' 217 ';  ' 218 ';  ' 219 ';  ' 220 ';  ' 221 ';  ' 222 ';  ' 223 ';  ' 224 ';  ' 301 ';  ' 302 ';  ' 303 ';  ' 304 ';  ' 305 ';  ' 306 ';  ' 307 ';  ' 308 ';  ' 309 ';  ' 310 ';  ' 311 ';  ' 312 ';  ' 313 ';  ' 314 ';  ' 315 ';  ' 316 ';  ' 317 ';  ' 318 ';  ' 319 ';  ' 320 ';  ' 321 ';  ' 322 ';  ' 323 ';  ' 324 ';  ' 325 '; ];
%% RTS 96 System Load Data %% 
all_loaddata96 = [ 
101,1,11,11,78.94193051455467,13.892963817381206,0.0,0.0,0.0,0.0,1,1,0
102,1,11,12,52.6800611509358,14.458018671699799,0.0,0.0,0.0,0.0,1,1,0
103,1,11,11,135.90837212004047,23.157389102880934,0.0,0.0,0.0,0.0,1,1,0
104,1,11,11,37.21524553601229,8.624431754586054,0.0,0.0,0.0,0.0,1,1,0
105,1,11,11,47.38819934721566,8.01875032817563,0.0,0.0,0.0,0.0,1,1,0
106,1,11,12,93.59191851261333,18.729883756713196,0.0,0.0,0.0,0.0,1,1,0
107,1,11,12,81.51009223900618,16.93884855151875,0.0,0.0,0.0,0.0,1,1,0
108,1,11,12,96.45763389036962,20.69615361249237,0.0,0.0,0.0,0.0,1,1,0
109,1,11,13,116.1451979759743,22.10471325368341,0.0,0.0,0.0,0.0,1,1,0
110,1,11,13,156.5321817846419,26.81070133703202,0.0,0.0,0.0,0.0,1,1,0
111,1,11,13,0.0,0.0,0.0,0.0,0.0,0.0,1,1,0
112,1,11,13,0.0,0.0,0.0,0.0,0.0,0.0,1,1,0
113,1,12,14,202.7130753491067,31.514325485055146,0.0,0.0,0.0,0.0,1,1,0
114,1,12,16,98.77893380359495,29.39873667943985,0.0,0.0,0.0,0.0,1,1,0
115,1,12,16,223.70958118874643,34.52899062454998,0.0,0.0,0.0,0.0,1,1,0
116,1,12,16,77.67492596729657,10.732686165589838,0.0,0.0,0.0,0.0,1,1,0
117,1,12,17,0.0,0.0,0.0,0.0,0.0,0.0,1,1,0
118,1,12,17,231.8986814114976,61.06947168354727,0.0,0.0,0.0,0.0,1,1,0
119,1,12,15,94.90493059288468,19.599059450280475,0.0,0.0,0.0,0.0,1,1,0
120,1,12,15,71.6401078648746,19.15538777048746,0.0,0.0,0.0,0.0,1,1,0
121,1,12,17,0.0,0.0,0.0,0.0,0.0,0.0,1,1,0
122,1,12,17,0.0,0.0,0.0,0.0,0.0,0.0,1,1,0
123,1,12,15,0.0,0.0,0.0,0.0,0.0,0.0,1,1,0
124,1,12,16,0.0,0.0,0.0,0.0,0.0,0.0,1,1,0
201,1,21,21,68.02720340415593,14.638713876160885,0.0,0.0,0.0,0.0,1,1,0
202,1,21,22,61.554073792768605,11.586148550824262,0.0,0.0,0.0,0.0,1,1,0
203,1,21,21,110.49561937572061,29.982041021256382,0.0,0.0,0.0,0.0,1,1,0
204,1,21,21,54.693151310064074,12.498671279095348,0.0,0.0,0.0,0.0,1,1,0
205,1,21,21,39.46099416204463,11.337623960356414,0.0,0.0,0.0,0.0,1,1,0
206,1,21,22,79.2266951751832,21.341665531356075,0.0,0.0,0.0,0.0,1,1,0
207,1,21,22,67.70102760972222,12.454094695196252,0.0,0.0,0.0,0.0,1,1,0
208,1,21,22,128.0788788715402,28.625454050244528,0.0,0.0,0.0,0.0,1,1,0
209,1,21,23,117.14176599992788,26.48799360684659,0.0,0.0,0.0,0.0,1,1,0
210,1,21,23,112.39655428276397,34.04518832180277,0.0,0.0,0.0,0.0,1,1,0
211,1,21,23,0.0,0.0,0.0,0.0,0.0,0.0,1,1,0
212,1,21,23,0.0,0.0,0.0,0.0,0.0,0.0,1,1,0
213,1,22,24,204.15749053117636,26.60771747741885,0.0,0.0,0.0,0.0,1,1,0
214,1,22,26,118.00376777899498,33.09826608007117,0.0,0.0,0.0,0.0,1,1,0
215,1,22,26,198.86416800212385,36.783669705533974,0.0,0.0,0.0,0.0,1,1,0
216,1,22,26,66.73419095301534,11.953175186410546,0.0,0.0,0.0,0.0,1,1,0
217,1,22,27,0.0,0.0,0.0,0.0,0.0,0.0,1,1,0
218,1,22,27,186.30313505478165,55.31856364578232,0.0,0.0,0.0,0.0,1,1,0
219,1,22,25,110.58029917448144,32.357853547966016,0.0,0.0,0.0,0.0,1,1,0
220,1,22,25,110.2047188033223,15.380552112064418,0.0,0.0,0.0,0.0,1,1,0
221,1,22,27,0.0,0.0,0.0,0.0,0.0,0.0,1,1,0
222,1,22,27,0.0,0.0,0.0,0.0,0.0,0.0,1,1,0
223,1,22,25,0.0,0.0,0.0,0.0,0.0,0.0,1,1,0
224,1,22,26,0.0,0.0,0.0,0.0,0.0,0.0,1,1,0
301,1,31,31,53.13225772550347,14.866550273134466,0.0,0.0,0.0,0.0,1,1,0
302,1,31,32,57.154909345374065,12.707761067697778,0.0,0.0,0.0,0.0,1,1,0
303,1,31,31,110.01026415473689,22.139813603493337,0.0,0.0,0.0,0.0,1,1,0
304,1,31,31,44.202609966119745,13.220067848474951,0.0,0.0,0.0,0.0,1,1,0
305,1,31,31,36.99242692985907,10.540850767672062,0.0,0.0,0.0,0.0,1,1,0
306,1,31,32,113.45473392939941,25.057692064043504,0.0,0.0,0.0,0.0,1,1,0
307,1,31,32,68.29057429820531,12.483434463635785,0.0,0.0,0.0,0.0,1,1,0
308,1,31,32,99.90135100711962,23.510414281668606,0.0,0.0,0.0,0.0,1,1,0
309,1,31,33,136.82467504268513,24.256971419976466,0.0,0.0,0.0,0.0,1,1,0
310,1,31,33,164.88587113962623,31.940413857853038,0.0,0.0,0.0,0.0,1,1,0
311,1,31,33,0.0,0.0,0.0,0.0,0.0,0.0,1,1,0
312,1,31,33,0.0,0.0,0.0,0.0,0.0,0.0,1,1,0
313,1,32,34,215.76115109767932,45.09158774329908,0.0,0.0,0.0,0.0,1,1,0
314,1,32,36,142.39688203273442,30.0171467756039,0.0,0.0,0.0,0.0,1,1,0
315,1,32,36,260.7438356081416,51.459264490664005,0.0,0.0,0.0,0.0,1,1,0
