% From Raw File 
%% RTS 96 System Bus Data %% 
all_busdata96 = [ 
101,138,2,1,1,1,1.00,0.00,1.1,0.9,1.1,0.9
102,138,2,1,1,1,1.00,0.00,1.1,0.9,1.1,0.9
103,138,1,1,1,1,1.00,0.00,1.1,0.9,1.1,0.9
104,138,1,1,1,1,1.00,0.00,1.1,0.9,1.1,0.9
105,138,1,1,1,1,1.00,0.00,1.1,0.9,1.1,0.9
106,138,1,1,1,1,1.00,0.00,1.1,0.9,1.1,0.9
107,138,2,1,1,1,1.00,0.00,1.1,0.9,1.1,0.9
108,138,1,1,1,1,1.00,0.00,1.1,0.9,1.1,0.9
109,138,1,1,1,1,1.00,0.00,1.1,0.9,1.1,0.9
110,138,1,1,1,1,1.00,0.00,1.1,0.9,1.1,0.9
111,230,1,1,1,1,1.00,0.00,1.1,0.9,1.1,0.9
112,230,1,1,1,1,1.00,0.00,1.1,0.9,1.1,0.9
113,230,3,1,1,1,1.00,0.00,1.1,0.9,1.1,0.9
114,230,2,1,1,1,1.00,0.00,1.1,0.9,1.1,0.9
115,230,2,1,1,1,1.00,0.00,1.1,0.9,1.1,0.9
116,230,2,1,1,1,1.00,0.00,1.1,0.9,1.1,0.9
117,230,1,1,1,1,1.00,0.00,1.1,0.9,1.1,0.9
118,230,2,1,1,1,1.00,0.00,1.1,0.9,1.1,0.9
119,230,1,1,1,1,1.00,0.00,1.1,0.9,1.1,0.9
120,230,1,1,1,1,1.00,0.00,1.1,0.9,1.1,0.9
121,230,2,1,1,1,1.00,0.00,1.1,0.9,1.1,0.9
122,230,2,1,1,1,1.00,0.00,1.1,0.9,1.1,0.9
123,230,2,1,1,1,1.00,0.00,1.1,0.9,1.1,0.9
124,230,1,1,1,1,1.00,0.00,1.1,0.9,1.1,0.9
201,138,2,1,1,1,1.00,0.00,1.1,0.9,1.1,0.9
202,138,2,1,1,1,1.00,0.00,1.1,0.9,1.1,0.9
203,138,1,1,1,1,1.00,0.00,1.1,0.9,1.1,0.9
204,138,1,1,1,1,1.00,0.00,1.1,0.9,1.1,0.9
205,138,1,1,1,1,1.00,0.00,1.1,0.9,1.1,0.9
206,138,1,1,1,1,1.00,0.00,1.1,0.9,1.1,0.9
207,138,2,1,1,1,1.00,0.00,1.1,0.9,1.1,0.9
208,138,1,1,1,1,1.00,0.00,1.1,0.9,1.1,0.9
209,138,1,1,1,1,1.00,0.00,1.1,0.9,1.1,0.9
210,138,1,1,1,1,1.00,0.00,1.1,0.9,1.1,0.9
211,230,1,1,1,1,1.00,0.00,1.1,0.9,1.1,0.9
212,230,1,1,1,1,1.00,0.00,1.1,0.9,1.1,0.9
213,230,2,1,1,1,1.00,0.00,1.1,0.9,1.1,0.9
214,230,2,1,1,1,1.00,0.00,1.1,0.9,1.1,0.9
215,230,2,1,1,1,1.00,0.00,1.1,0.9,1.1,0.9
216,230,2,1,1,1,1.00,0.00,1.1,0.9,1.1,0.9
217,230,1,1,1,1,1.00,0.00,1.1,0.9,1.1,0.9
218,230,2,1,1,1,1.00,0.00,1.1,0.9,1.1,0.9
219,230,1,1,1,1,1.00,0.00,1.1,0.9,1.1,0.9
220,230,1,1,1,1,1.00,0.00,1.1,0.9,1.1,0.9
221,230,2,1,1,1,1.00,0.00,1.1,0.9,1.1,0.9
222,230,2,1,1,1,1.00,0.00,1.1,0.9,1.1,0.9
223,230,2,1,1,1,1.00,0.00,1.1,0.9,1.1,0.9
224,230,1,1,1,1,1.00,0.00,1.1,0.9,1.1,0.9
301,138,2,1,1,1,1.00,0.00,1.1,0.9,1.1,0.9
302,138,2,1,1,1,1.00,0.00,1.1,0.9,1.1,0.9
303,138,1,1,1,1,1.00,0.00,1.1,0.9,1.1,0.9
304,138,1,1,1,1,1.00,0.00,1.1,0.9,1.1,0.9
305,138,1,1,1,1,1.00,0.00,1.1,0.9,1.1,0.9
306,138,1,1,1,1,1.00,0.00,1.1,0.9,1.1,0.9
307,138,2,1,1,1,1.00,0.00,1.1,0.9,1.1,0.9
308,138,1,1,1,1,1.00,0.00,1.1,0.9,1.1,0.9
309,138,1,1,1,1,1.00,0.00,1.1,0.9,1.1,0.9
310,138,1,1,1,1,1.00,0.00,1.1,0.9,1.1,0.9
311,230,1,1,1,1,1.00,0.00,1.1,0.9,1.1,0.9
312,230,1,1,1,1,1.00,0.00,1.1,0.9,1.1,0.9
313,230,2,1,1,1,1.00,0.00,1.1,0.9,1.1,0.9
314,230,2,1,1,1,1.00,0.00,1.1,0.9,1.1,0.9
315,230,2,1,1,1,1.00,0.00,1.1,0.9,1.1,0.9
316,230,2,1,1,1,1.00,0.00,1.1,0.9,1.1,0.9
317,230,1,1,1,1,1.00,0.00,1.1,0.9,1.1,0.9
318,230,2,1,1,1,1.00,0.00,1.1,0.9,1.1,0.9
319,230,1,1,1,1,1.00,0.00,1.1,0.9,1.1,0.9
320,230,1,1,1,1,1.00,0.00,1.1,0.9,1.1,0.9
321,230,2,1,1,1,1.00,0.00,1.1,0.9,1.1,0.9
322,230,2,1,1,1,1.00,0.00,1.1,0.9,1.1,0.9
323,230,2,1,1,1,1.00,0.00,1.1,0.9,1.1,0.9
324,230,1,1,1,1,1.00,0.00,1.1,0.9,1.1,0.9
325,230,1,1,1,1,1.00,0.00,1.1,0.9,1.1,0.9
]; 
all_busName96 = [   ' 101 ';  ' 102 ';  ' 103 ';  ' 104 ';  ' 105 ';  ' 106 ';  ' 107 ';  ' 108 ';  ' 109 ';  ' 110 ';  ' 111 ';  ' 112 ';  ' 113 ';  ' 114 ';  ' 115 ';  ' 116 ';  ' 117 ';  ' 118 ';  ' 119 ';  ' 120 ';  ' 121 ';  ' 122 ';  ' 123 ';  ' 124 ';  ' 201 ';  ' 202 ';  ' 203 ';  ' 204 ';  ' 205 ';  ' 206 ';  ' 207 ';  ' 208 ';  ' 209 ';  ' 210 ';  ' 211 ';  ' 212 ';  ' 213 ';  ' 214 ';  ' 215 ';  ' 216 ';  ' 217 ';  ' 218 ';  ' 219 ';  ' 220 ';  ' 221 ';  ' 222 ';  ' 223 ';  ' 224 ';  ' 301 ';  ' 302 ';  ' 303 ';  ' 304 ';  ' 305 ';  ' 306 ';  ' 307 ';  ' 308 ';  ' 309 ';  ' 310 ';  ' 311 ';  ' 312 ';  ' 313 ';  ' 314 ';  ' 315 ';  ' 316 ';  ' 317 ';  ' 318 ';  ' 319 ';  ' 320 ';  ' 321 ';  ' 322 ';  ' 323 ';  ' 324 ';  ' 325 '; ];
%% RTS 96 System Load Data %% 
all_loaddata96 = [ 
101,1,11,11,83.16096202815044,18.777276952793265,0.0,0.0,0.0,0.0,1,1,0
102,1,11,12,75.50259077881832,10.172661962720564,0.0,0.0,0.0,0.0,1,1,0
103,1,11,11,126.89077116587944,20.029319178092617,0.0,0.0,0.0,0.0,1,1,0
104,1,11,11,37.969448113967196,7.897723172452999,0.0,0.0,0.0,0.0,1,1,0
105,1,11,11,45.13818520425861,7.822311073570791,0.0,0.0,0.0,0.0,1,1,0
106,1,11,12,107.339827078747,20.994865690836313,0.0,0.0,0.0,0.0,1,1,0
107,1,11,12,66.94348219881648,18.507546218074857,0.0,0.0,0.0,0.0,1,1,0
108,1,11,12,97.81945585990185,18.929997070134384,0.0,0.0,0.0,0.0,1,1,0
109,1,11,13,151.01694470968798,29.55360528894793,0.0,0.0,0.0,0.0,1,1,0
110,1,11,13,164.98392343214803,31.020899119237438,0.0,0.0,0.0,0.0,1,1,0
111,1,11,13,0.0,0.0,0.0,0.0,0.0,0.0,1,1,0
112,1,11,13,0.0,0.0,0.0,0.0,0.0,0.0,1,1,0
113,1,12,14,194.26397626867683,34.61371495545879,0.0,0.0,0.0,0.0,1,1,0
114,1,12,16,126.08027186664222,25.06329524640888,0.0,0.0,0.0,0.0,1,1,0
115,1,12,16,214.5977647832532,48.97918368807435,0.0,0.0,0.0,0.0,1,1,0
116,1,12,16,77.98443684243131,17.022821943587623,0.0,0.0,0.0,0.0,1,1,0
117,1,12,17,0.0,0.0,0.0,0.0,0.0,0.0,1,1,0
118,1,12,17,169.26119265153395,40.17265938516688,0.0,0.0,0.0,0.0,1,1,0
119,1,12,15,142.94412009204237,23.785745128004855,0.0,0.0,0.0,0.0,1,1,0
120,1,12,15,63.05380823358893,19.43379994207928,0.0,0.0,0.0,0.0,1,1,0
121,1,12,17,0.0,0.0,0.0,0.0,0.0,0.0,1,1,0
122,1,12,17,0.0,0.0,0.0,0.0,0.0,0.0,1,1,0
123,1,12,15,0.0,0.0,0.0,0.0,0.0,0.0,1,1,0
124,1,12,16,0.0,0.0,0.0,0.0,0.0,0.0,1,1,0
201,1,21,21,85.6127556075571,12.907273499526456,0.0,0.0,0.0,0.0,1,1,0
202,1,21,22,85.34253169617398,12.088260112750344,0.0,0.0,0.0,0.0,1,1,0
203,1,21,21,108.20050434898585,22.723766480075057,0.0,0.0,0.0,0.0,1,1,0
204,1,21,21,57.51532432479522,10.53063994272938,0.0,0.0,0.0,0.0,1,1,0
205,1,21,21,52.15168385266727,10.85127546044374,0.0,0.0,0.0,0.0,1,1,0
206,1,21,22,107.15149047849813,15.282044338234327,0.0,0.0,0.0,0.0,1,1,0
207,1,21,22,110.77430714971852,20.901993600205753,0.0,0.0,0.0,0.0,1,1,0
208,1,21,22,127.48686915562512,22.61986404356849,0.0,0.0,0.0,0.0,1,1,0
209,1,21,23,150.37084524249195,22.851247999159433,0.0,0.0,0.0,0.0,1,1,0
210,1,21,23,150.6986936508722,27.248559012863787,0.0,0.0,0.0,0.0,1,1,0
211,1,21,23,0.0,0.0,0.0,0.0,0.0,0.0,1,1,0
212,1,21,23,0.0,0.0,0.0,0.0,0.0,0.0,1,1,0
213,1,22,24,147.2306527608207,41.17104814396575,0.0,0.0,0.0,0.0,1,1,0
214,1,22,26,101.34111988217757,21.23463337410693,0.0,0.0,0.0,0.0,1,1,0
215,1,22,26,249.95090417308288,57.57748789967001,0.0,0.0,0.0,0.0,1,1,0
216,1,22,26,53.2808653405169,10.713090983955189,0.0,0.0,0.0,0.0,1,1,0
217,1,22,27,0.0,0.0,0.0,0.0,0.0,0.0,1,1,0
218,1,22,27,294.42217140542334,46.37165353949703,0.0,0.0,0.0,0.0,1,1,0
219,1,22,25,141.19343213079532,21.387411187888773,0.0,0.0,0.0,0.0,1,1,0
220,1,22,25,95.14434871283768,22.649749829720054,0.0,0.0,0.0,0.0,1,1,0
221,1,22,27,0.0,0.0,0.0,0.0,0.0,0.0,1,1,0
222,1,22,27,0.0,0.0,0.0,0.0,0.0,0.0,1,1,0
223,1,22,25,0.0,0.0,0.0,0.0,0.0,0.0,1,1,0
224,1,22,26,0.0,0.0,0.0,0.0,0.0,0.0,1,1,0
301,1,31,31,57.96682512487247,15.617350772044436,0.0,0.0,0.0,0.0,1,1,0
302,1,31,32,69.91977702288526,12.635169943783431,0.0,0.0,0.0,0.0,1,1,0
303,1,31,31,123.72818025008216,21.147280504904405,0.0,0.0,0.0,0.0,1,1,0
304,1,31,31,59.872102868705895,12.50912597203022,0.0,0.0,0.0,0.0,1,1,0
305,1,31,31,48.641785105798164,7.12259011219237,0.0,0.0,0.0,0.0,1,1,0
306,1,31,32,116.18520556285233,17.199309884711916,0.0,0.0,0.0,0.0,1,1,0
307,1,31,32,106.49695733335102,18.62152366246213,0.0,0.0,0.0,0.0,1,1,0
308,1,31,32,110.01392250271216,28.91447405677149,0.0,0.0,0.0,0.0,1,1,0
309,1,31,33,97.18873971690307,32.399433777769474,0.0,0.0,0.0,0.0,1,1,0
310,1,31,33,122.89152826020167,29.461958496155216,0.0,0.0,0.0,0.0,1,1,0
311,1,31,33,0.0,0.0,0.0,0.0,0.0,0.0,1,1,0
312,1,31,33,0.0,0.0,0.0,0.0,0.0,0.0,1,1,0
313,1,32,34,137.28806981404102,37.07697521787174,0.0,0.0,0.0,0.0,1,1,0
314,1,32,36,149.72865949037495,23.97449649944706,0.0,0.0,0.0,0.0,1,1,0
315,1,32,36,193.6948889184974,46.29011170025467,0.0,0.0,0.0,0.0,1,1,0
