% From Raw File 
%% RTS 96 System Bus Data %% 
all_busdata96 = [ 
101,138,2,1,1,1,1.00,0.00,1.1,0.9,1.1,0.9
102,138,2,1,1,1,1.00,0.00,1.1,0.9,1.1,0.9
103,138,1,1,1,1,1.00,0.00,1.1,0.9,1.1,0.9
104,138,1,1,1,1,1.00,0.00,1.1,0.9,1.1,0.9
105,138,1,1,1,1,1.00,0.00,1.1,0.9,1.1,0.9
106,138,1,1,1,1,1.00,0.00,1.1,0.9,1.1,0.9
107,138,2,1,1,1,1.00,0.00,1.1,0.9,1.1,0.9
108,138,1,1,1,1,1.00,0.00,1.1,0.9,1.1,0.9
109,138,1,1,1,1,1.00,0.00,1.1,0.9,1.1,0.9
110,138,1,1,1,1,1.00,0.00,1.1,0.9,1.1,0.9
111,230,1,1,1,1,1.00,0.00,1.1,0.9,1.1,0.9
112,230,1,1,1,1,1.00,0.00,1.1,0.9,1.1,0.9
113,230,3,1,1,1,1.00,0.00,1.1,0.9,1.1,0.9
114,230,2,1,1,1,1.00,0.00,1.1,0.9,1.1,0.9
115,230,2,1,1,1,1.00,0.00,1.1,0.9,1.1,0.9
116,230,2,1,1,1,1.00,0.00,1.1,0.9,1.1,0.9
117,230,1,1,1,1,1.00,0.00,1.1,0.9,1.1,0.9
118,230,2,1,1,1,1.00,0.00,1.1,0.9,1.1,0.9
119,230,1,1,1,1,1.00,0.00,1.1,0.9,1.1,0.9
120,230,1,1,1,1,1.00,0.00,1.1,0.9,1.1,0.9
121,230,2,1,1,1,1.00,0.00,1.1,0.9,1.1,0.9
122,230,2,1,1,1,1.00,0.00,1.1,0.9,1.1,0.9
123,230,2,1,1,1,1.00,0.00,1.1,0.9,1.1,0.9
124,230,1,1,1,1,1.00,0.00,1.1,0.9,1.1,0.9
201,138,2,1,1,1,1.00,0.00,1.1,0.9,1.1,0.9
202,138,2,1,1,1,1.00,0.00,1.1,0.9,1.1,0.9
203,138,1,1,1,1,1.00,0.00,1.1,0.9,1.1,0.9
204,138,1,1,1,1,1.00,0.00,1.1,0.9,1.1,0.9
205,138,1,1,1,1,1.00,0.00,1.1,0.9,1.1,0.9
206,138,1,1,1,1,1.00,0.00,1.1,0.9,1.1,0.9
207,138,2,1,1,1,1.00,0.00,1.1,0.9,1.1,0.9
208,138,1,1,1,1,1.00,0.00,1.1,0.9,1.1,0.9
209,138,1,1,1,1,1.00,0.00,1.1,0.9,1.1,0.9
210,138,1,1,1,1,1.00,0.00,1.1,0.9,1.1,0.9
211,230,1,1,1,1,1.00,0.00,1.1,0.9,1.1,0.9
212,230,1,1,1,1,1.00,0.00,1.1,0.9,1.1,0.9
213,230,2,1,1,1,1.00,0.00,1.1,0.9,1.1,0.9
214,230,2,1,1,1,1.00,0.00,1.1,0.9,1.1,0.9
215,230,2,1,1,1,1.00,0.00,1.1,0.9,1.1,0.9
216,230,2,1,1,1,1.00,0.00,1.1,0.9,1.1,0.9
217,230,1,1,1,1,1.00,0.00,1.1,0.9,1.1,0.9
218,230,2,1,1,1,1.00,0.00,1.1,0.9,1.1,0.9
219,230,1,1,1,1,1.00,0.00,1.1,0.9,1.1,0.9
220,230,1,1,1,1,1.00,0.00,1.1,0.9,1.1,0.9
221,230,2,1,1,1,1.00,0.00,1.1,0.9,1.1,0.9
222,230,2,1,1,1,1.00,0.00,1.1,0.9,1.1,0.9
223,230,2,1,1,1,1.00,0.00,1.1,0.9,1.1,0.9
224,230,1,1,1,1,1.00,0.00,1.1,0.9,1.1,0.9
301,138,2,1,1,1,1.00,0.00,1.1,0.9,1.1,0.9
302,138,2,1,1,1,1.00,0.00,1.1,0.9,1.1,0.9
303,138,1,1,1,1,1.00,0.00,1.1,0.9,1.1,0.9
304,138,1,1,1,1,1.00,0.00,1.1,0.9,1.1,0.9
305,138,1,1,1,1,1.00,0.00,1.1,0.9,1.1,0.9
306,138,1,1,1,1,1.00,0.00,1.1,0.9,1.1,0.9
307,138,2,1,1,1,1.00,0.00,1.1,0.9,1.1,0.9
308,138,1,1,1,1,1.00,0.00,1.1,0.9,1.1,0.9
309,138,1,1,1,1,1.00,0.00,1.1,0.9,1.1,0.9
310,138,1,1,1,1,1.00,0.00,1.1,0.9,1.1,0.9
311,230,1,1,1,1,1.00,0.00,1.1,0.9,1.1,0.9
312,230,1,1,1,1,1.00,0.00,1.1,0.9,1.1,0.9
313,230,2,1,1,1,1.00,0.00,1.1,0.9,1.1,0.9
314,230,2,1,1,1,1.00,0.00,1.1,0.9,1.1,0.9
315,230,2,1,1,1,1.00,0.00,1.1,0.9,1.1,0.9
316,230,2,1,1,1,1.00,0.00,1.1,0.9,1.1,0.9
317,230,1,1,1,1,1.00,0.00,1.1,0.9,1.1,0.9
318,230,2,1,1,1,1.00,0.00,1.1,0.9,1.1,0.9
319,230,1,1,1,1,1.00,0.00,1.1,0.9,1.1,0.9
320,230,1,1,1,1,1.00,0.00,1.1,0.9,1.1,0.9
321,230,2,1,1,1,1.00,0.00,1.1,0.9,1.1,0.9
322,230,2,1,1,1,1.00,0.00,1.1,0.9,1.1,0.9
323,230,2,1,1,1,1.00,0.00,1.1,0.9,1.1,0.9
324,230,1,1,1,1,1.00,0.00,1.1,0.9,1.1,0.9
325,230,1,1,1,1,1.00,0.00,1.1,0.9,1.1,0.9
]; 
all_busName96 = [   ' 101 ';  ' 102 ';  ' 103 ';  ' 104 ';  ' 105 ';  ' 106 ';  ' 107 ';  ' 108 ';  ' 109 ';  ' 110 ';  ' 111 ';  ' 112 ';  ' 113 ';  ' 114 ';  ' 115 ';  ' 116 ';  ' 117 ';  ' 118 ';  ' 119 ';  ' 120 ';  ' 121 ';  ' 122 ';  ' 123 ';  ' 124 ';  ' 201 ';  ' 202 ';  ' 203 ';  ' 204 ';  ' 205 ';  ' 206 ';  ' 207 ';  ' 208 ';  ' 209 ';  ' 210 ';  ' 211 ';  ' 212 ';  ' 213 ';  ' 214 ';  ' 215 ';  ' 216 ';  ' 217 ';  ' 218 ';  ' 219 ';  ' 220 ';  ' 221 ';  ' 222 ';  ' 223 ';  ' 224 ';  ' 301 ';  ' 302 ';  ' 303 ';  ' 304 ';  ' 305 ';  ' 306 ';  ' 307 ';  ' 308 ';  ' 309 ';  ' 310 ';  ' 311 ';  ' 312 ';  ' 313 ';  ' 314 ';  ' 315 ';  ' 316 ';  ' 317 ';  ' 318 ';  ' 319 ';  ' 320 ';  ' 321 ';  ' 322 ';  ' 323 ';  ' 324 ';  ' 325 '; ];
%% RTS 96 System Load Data %% 
all_loaddata96 = [ 
101,1,11,11,66.6299331503732,15.366424885860646,0.0,0.0,0.0,0.0,1,1,0
102,1,11,12,47.1202883593542,11.428274946743622,0.0,0.0,0.0,0.0,1,1,0
103,1,11,11,121.2486569509562,23.502790065763982,0.0,0.0,0.0,0.0,1,1,0
104,1,11,11,49.35326546583389,7.670945085539482,0.0,0.0,0.0,0.0,1,1,0
105,1,11,11,37.43515177856684,7.982136653077695,0.0,0.0,0.0,0.0,1,1,0
106,1,11,12,73.1770627129957,22.009273436448165,0.0,0.0,0.0,0.0,1,1,0
107,1,11,12,88.68979280886124,22.238937599777707,0.0,0.0,0.0,0.0,1,1,0
108,1,11,12,149.80103843672654,27.90132984307478,0.0,0.0,0.0,0.0,1,1,0
109,1,11,13,88.7907024971908,24.045603683917413,0.0,0.0,0.0,0.0,1,1,0
110,1,11,13,156.92729175106132,28.825582537109035,0.0,0.0,0.0,0.0,1,1,0
111,1,11,13,0.0,0.0,0.0,0.0,0.0,0.0,1,1,0
112,1,11,13,0.0,0.0,0.0,0.0,0.0,0.0,1,1,0
113,1,12,14,214.27373979986763,37.97167039888501,0.0,0.0,0.0,0.0,1,1,0
114,1,12,16,161.8362861536868,26.355284594513197,0.0,0.0,0.0,0.0,1,1,0
115,1,12,16,185.71682973459616,43.65029326125383,0.0,0.0,0.0,0.0,1,1,0
116,1,12,16,58.6174555365974,12.459540216263385,0.0,0.0,0.0,0.0,1,1,0
117,1,12,17,0.0,0.0,0.0,0.0,0.0,0.0,1,1,0
118,1,12,17,211.27096648047916,54.15634085058924,0.0,0.0,0.0,0.0,1,1,0
119,1,12,15,150.0662431945134,30.864368143289724,0.0,0.0,0.0,0.0,1,1,0
120,1,12,15,91.25176804212927,18.0773347787736,0.0,0.0,0.0,0.0,1,1,0
121,1,12,17,0.0,0.0,0.0,0.0,0.0,0.0,1,1,0
122,1,12,17,0.0,0.0,0.0,0.0,0.0,0.0,1,1,0
123,1,12,15,0.0,0.0,0.0,0.0,0.0,0.0,1,1,0
124,1,12,16,0.0,0.0,0.0,0.0,0.0,0.0,1,1,0
201,1,21,21,96.4771466620434,10.981756689576432,0.0,0.0,0.0,0.0,1,1,0
202,1,21,22,65.42595701775724,14.493659098254517,0.0,0.0,0.0,0.0,1,1,0
203,1,21,21,108.17884129833709,21.649560961623255,0.0,0.0,0.0,0.0,1,1,0
204,1,21,21,65.74143418501289,13.21897093261569,0.0,0.0,0.0,0.0,1,1,0
205,1,21,21,36.13358795255693,12.176847478770185,0.0,0.0,0.0,0.0,1,1,0
206,1,21,22,111.99616194204727,16.244427396965214,0.0,0.0,0.0,0.0,1,1,0
207,1,21,22,107.35809096655576,14.643787465926723,0.0,0.0,0.0,0.0,1,1,0
208,1,21,22,130.99820976410996,28.8261478286935,0.0,0.0,0.0,0.0,1,1,0
209,1,21,23,144.256344383019,24.957554422542643,0.0,0.0,0.0,0.0,1,1,0
210,1,21,23,103.17770921312318,35.27376004888304,0.0,0.0,0.0,0.0,1,1,0
211,1,21,23,0.0,0.0,0.0,0.0,0.0,0.0,1,1,0
212,1,21,23,0.0,0.0,0.0,0.0,0.0,0.0,1,1,0
213,1,22,24,186.26797597036233,30.48421559728905,0.0,0.0,0.0,0.0,1,1,0
214,1,22,26,136.78769888507,22.01480712275994,0.0,0.0,0.0,0.0,1,1,0
215,1,22,26,261.9080977457345,40.62653680642247,0.0,0.0,0.0,0.0,1,1,0
216,1,22,26,88.08628138879313,12.952492376980372,0.0,0.0,0.0,0.0,1,1,0
217,1,22,27,0.0,0.0,0.0,0.0,0.0,0.0,1,1,0
218,1,22,27,190.79532729700645,44.91923029020801,0.0,0.0,0.0,0.0,1,1,0
219,1,22,25,129.0241843797533,28.57624127582316,0.0,0.0,0.0,0.0,1,1,0
220,1,22,25,62.91097484167813,21.848270293726397,0.0,0.0,0.0,0.0,1,1,0
221,1,22,27,0.0,0.0,0.0,0.0,0.0,0.0,1,1,0
222,1,22,27,0.0,0.0,0.0,0.0,0.0,0.0,1,1,0
223,1,22,25,0.0,0.0,0.0,0.0,0.0,0.0,1,1,0
224,1,22,26,0.0,0.0,0.0,0.0,0.0,0.0,1,1,0
301,1,31,31,76.29816876871381,11.703358751301002,0.0,0.0,0.0,0.0,1,1,0
302,1,31,32,70.1380302342895,17.17692269398738,0.0,0.0,0.0,0.0,1,1,0
303,1,31,31,123.96294330434034,30.261755406559164,0.0,0.0,0.0,0.0,1,1,0
304,1,31,31,56.445685105016544,8.803707988258918,0.0,0.0,0.0,0.0,1,1,0
305,1,31,31,52.96881354283398,12.22450482826056,0.0,0.0,0.0,0.0,1,1,0
306,1,31,32,120.5584894603394,17.945572645930945,0.0,0.0,0.0,0.0,1,1,0
307,1,31,32,93.34373401589691,12.847664490868336,0.0,0.0,0.0,0.0,1,1,0
308,1,31,32,116.73227278582323,27.227791595135347,0.0,0.0,0.0,0.0,1,1,0
309,1,31,33,143.752127089788,17.888984433172457,0.0,0.0,0.0,0.0,1,1,0
310,1,31,33,138.34099830056306,34.97729488142766,0.0,0.0,0.0,0.0,1,1,0
311,1,31,33,0.0,0.0,0.0,0.0,0.0,0.0,1,1,0
312,1,31,33,0.0,0.0,0.0,0.0,0.0,0.0,1,1,0
313,1,32,34,232.05402026860259,26.594978558706117,0.0,0.0,0.0,0.0,1,1,0
314,1,32,36,108.61693372679399,26.35061401017937,0.0,0.0,0.0,0.0,1,1,0
315,1,32,36,251.8411593064996,32.93858157794773,0.0,0.0,0.0,0.0,1,1,0
