% From Raw File 
%% RTS 96 System Bus Data %% 
all_busdata96 = [ 
101,138,2,1,1,1,1.00,0.00,1.1,0.9,1.1,0.9
102,138,2,1,1,1,1.00,0.00,1.1,0.9,1.1,0.9
103,138,1,1,1,1,1.00,0.00,1.1,0.9,1.1,0.9
104,138,1,1,1,1,1.00,0.00,1.1,0.9,1.1,0.9
105,138,1,1,1,1,1.00,0.00,1.1,0.9,1.1,0.9
106,138,1,1,1,1,1.00,0.00,1.1,0.9,1.1,0.9
107,138,2,1,1,1,1.00,0.00,1.1,0.9,1.1,0.9
108,138,1,1,1,1,1.00,0.00,1.1,0.9,1.1,0.9
109,138,1,1,1,1,1.00,0.00,1.1,0.9,1.1,0.9
110,138,1,1,1,1,1.00,0.00,1.1,0.9,1.1,0.9
111,230,1,1,1,1,1.00,0.00,1.1,0.9,1.1,0.9
112,230,1,1,1,1,1.00,0.00,1.1,0.9,1.1,0.9
113,230,3,1,1,1,1.00,0.00,1.1,0.9,1.1,0.9
114,230,2,1,1,1,1.00,0.00,1.1,0.9,1.1,0.9
115,230,2,1,1,1,1.00,0.00,1.1,0.9,1.1,0.9
116,230,2,1,1,1,1.00,0.00,1.1,0.9,1.1,0.9
117,230,1,1,1,1,1.00,0.00,1.1,0.9,1.1,0.9
118,230,2,1,1,1,1.00,0.00,1.1,0.9,1.1,0.9
119,230,1,1,1,1,1.00,0.00,1.1,0.9,1.1,0.9
120,230,1,1,1,1,1.00,0.00,1.1,0.9,1.1,0.9
121,230,2,1,1,1,1.00,0.00,1.1,0.9,1.1,0.9
122,230,2,1,1,1,1.00,0.00,1.1,0.9,1.1,0.9
123,230,2,1,1,1,1.00,0.00,1.1,0.9,1.1,0.9
124,230,1,1,1,1,1.00,0.00,1.1,0.9,1.1,0.9
201,138,2,1,1,1,1.00,0.00,1.1,0.9,1.1,0.9
202,138,2,1,1,1,1.00,0.00,1.1,0.9,1.1,0.9
203,138,1,1,1,1,1.00,0.00,1.1,0.9,1.1,0.9
204,138,1,1,1,1,1.00,0.00,1.1,0.9,1.1,0.9
205,138,1,1,1,1,1.00,0.00,1.1,0.9,1.1,0.9
206,138,1,1,1,1,1.00,0.00,1.1,0.9,1.1,0.9
207,138,2,1,1,1,1.00,0.00,1.1,0.9,1.1,0.9
208,138,1,1,1,1,1.00,0.00,1.1,0.9,1.1,0.9
209,138,1,1,1,1,1.00,0.00,1.1,0.9,1.1,0.9
210,138,1,1,1,1,1.00,0.00,1.1,0.9,1.1,0.9
211,230,1,1,1,1,1.00,0.00,1.1,0.9,1.1,0.9
212,230,1,1,1,1,1.00,0.00,1.1,0.9,1.1,0.9
213,230,2,1,1,1,1.00,0.00,1.1,0.9,1.1,0.9
214,230,2,1,1,1,1.00,0.00,1.1,0.9,1.1,0.9
215,230,2,1,1,1,1.00,0.00,1.1,0.9,1.1,0.9
216,230,2,1,1,1,1.00,0.00,1.1,0.9,1.1,0.9
217,230,1,1,1,1,1.00,0.00,1.1,0.9,1.1,0.9
218,230,2,1,1,1,1.00,0.00,1.1,0.9,1.1,0.9
219,230,1,1,1,1,1.00,0.00,1.1,0.9,1.1,0.9
220,230,1,1,1,1,1.00,0.00,1.1,0.9,1.1,0.9
221,230,2,1,1,1,1.00,0.00,1.1,0.9,1.1,0.9
222,230,2,1,1,1,1.00,0.00,1.1,0.9,1.1,0.9
223,230,2,1,1,1,1.00,0.00,1.1,0.9,1.1,0.9
224,230,1,1,1,1,1.00,0.00,1.1,0.9,1.1,0.9
301,138,2,1,1,1,1.00,0.00,1.1,0.9,1.1,0.9
302,138,2,1,1,1,1.00,0.00,1.1,0.9,1.1,0.9
303,138,1,1,1,1,1.00,0.00,1.1,0.9,1.1,0.9
304,138,1,1,1,1,1.00,0.00,1.1,0.9,1.1,0.9
305,138,1,1,1,1,1.00,0.00,1.1,0.9,1.1,0.9
306,138,1,1,1,1,1.00,0.00,1.1,0.9,1.1,0.9
307,138,2,1,1,1,1.00,0.00,1.1,0.9,1.1,0.9
308,138,1,1,1,1,1.00,0.00,1.1,0.9,1.1,0.9
309,138,1,1,1,1,1.00,0.00,1.1,0.9,1.1,0.9
310,138,1,1,1,1,1.00,0.00,1.1,0.9,1.1,0.9
311,230,1,1,1,1,1.00,0.00,1.1,0.9,1.1,0.9
312,230,1,1,1,1,1.00,0.00,1.1,0.9,1.1,0.9
313,230,2,1,1,1,1.00,0.00,1.1,0.9,1.1,0.9
314,230,2,1,1,1,1.00,0.00,1.1,0.9,1.1,0.9
315,230,2,1,1,1,1.00,0.00,1.1,0.9,1.1,0.9
316,230,2,1,1,1,1.00,0.00,1.1,0.9,1.1,0.9
317,230,1,1,1,1,1.00,0.00,1.1,0.9,1.1,0.9
318,230,2,1,1,1,1.00,0.00,1.1,0.9,1.1,0.9
319,230,1,1,1,1,1.00,0.00,1.1,0.9,1.1,0.9
320,230,1,1,1,1,1.00,0.00,1.1,0.9,1.1,0.9
321,230,2,1,1,1,1.00,0.00,1.1,0.9,1.1,0.9
322,230,2,1,1,1,1.00,0.00,1.1,0.9,1.1,0.9
323,230,2,1,1,1,1.00,0.00,1.1,0.9,1.1,0.9
324,230,1,1,1,1,1.00,0.00,1.1,0.9,1.1,0.9
325,230,1,1,1,1,1.00,0.00,1.1,0.9,1.1,0.9
]; 
all_busName96 = [   ' 101 ';  ' 102 ';  ' 103 ';  ' 104 ';  ' 105 ';  ' 106 ';  ' 107 ';  ' 108 ';  ' 109 ';  ' 110 ';  ' 111 ';  ' 112 ';  ' 113 ';  ' 114 ';  ' 115 ';  ' 116 ';  ' 117 ';  ' 118 ';  ' 119 ';  ' 120 ';  ' 121 ';  ' 122 ';  ' 123 ';  ' 124 ';  ' 201 ';  ' 202 ';  ' 203 ';  ' 204 ';  ' 205 ';  ' 206 ';  ' 207 ';  ' 208 ';  ' 209 ';  ' 210 ';  ' 211 ';  ' 212 ';  ' 213 ';  ' 214 ';  ' 215 ';  ' 216 ';  ' 217 ';  ' 218 ';  ' 219 ';  ' 220 ';  ' 221 ';  ' 222 ';  ' 223 ';  ' 224 ';  ' 301 ';  ' 302 ';  ' 303 ';  ' 304 ';  ' 305 ';  ' 306 ';  ' 307 ';  ' 308 ';  ' 309 ';  ' 310 ';  ' 311 ';  ' 312 ';  ' 313 ';  ' 314 ';  ' 315 ';  ' 316 ';  ' 317 ';  ' 318 ';  ' 319 ';  ' 320 ';  ' 321 ';  ' 322 ';  ' 323 ';  ' 324 ';  ' 325 '; ];
%% RTS 96 System Load Data %% 
all_loaddata96 = [ 
101,1,11,11,92.458675966404,17.093687243819613,0.0,0.0,0.0,0.0,1,1,0
102,1,11,12,85.65689753031764,15.784398742633872,0.0,0.0,0.0,0.0,1,1,0
103,1,11,11,114.2454255740689,23.55218587560961,0.0,0.0,0.0,0.0,1,1,0
104,1,11,11,63.7021502243612,10.001965477569959,0.0,0.0,0.0,0.0,1,1,0
105,1,11,11,37.18349826520798,11.426394317525624,0.0,0.0,0.0,0.0,1,1,0
106,1,11,12,68.01312719650045,23.1121066098338,0.0,0.0,0.0,0.0,1,1,0
107,1,11,12,68.48625025165965,13.53062119845883,0.0,0.0,0.0,0.0,1,1,0
108,1,11,12,114.3535781561107,30.48364616635745,0.0,0.0,0.0,0.0,1,1,0
109,1,11,13,149.7751491785422,24.736097499053365,0.0,0.0,0.0,0.0,1,1,0
110,1,11,13,158.63393131250584,21.92112421582639,0.0,0.0,0.0,0.0,1,1,0
111,1,11,13,0.0,0.0,0.0,0.0,0.0,0.0,1,1,0
112,1,11,13,0.0,0.0,0.0,0.0,0.0,0.0,1,1,0
113,1,12,14,133.46743012709751,31.055570719510033,0.0,0.0,0.0,0.0,1,1,0
114,1,12,16,128.11123603345743,23.339385723330498,0.0,0.0,0.0,0.0,1,1,0
115,1,12,16,226.85828880461233,47.7877079069674,0.0,0.0,0.0,0.0,1,1,0
116,1,12,16,52.45543911157641,15.276941196980886,0.0,0.0,0.0,0.0,1,1,0
117,1,12,17,0.0,0.0,0.0,0.0,0.0,0.0,1,1,0
118,1,12,17,163.60419247550774,55.307093177466655,0.0,0.0,0.0,0.0,1,1,0
119,1,12,15,113.69609672042239,24.79935120917852,0.0,0.0,0.0,0.0,1,1,0
120,1,12,15,90.5771318224132,17.15512046690332,0.0,0.0,0.0,0.0,1,1,0
121,1,12,17,0.0,0.0,0.0,0.0,0.0,0.0,1,1,0
122,1,12,17,0.0,0.0,0.0,0.0,0.0,0.0,1,1,0
123,1,12,15,0.0,0.0,0.0,0.0,0.0,0.0,1,1,0
124,1,12,16,0.0,0.0,0.0,0.0,0.0,0.0,1,1,0
201,1,21,21,91.34136007153317,17.52609862987278,0.0,0.0,0.0,0.0,1,1,0
202,1,21,22,47.921087308725575,15.324176972983404,0.0,0.0,0.0,0.0,1,1,0
203,1,21,21,151.06635744164137,23.479450586590076,0.0,0.0,0.0,0.0,1,1,0
204,1,21,21,42.00214139494998,11.306470211218809,0.0,0.0,0.0,0.0,1,1,0
205,1,21,21,62.98460028753709,9.29844087229427,0.0,0.0,0.0,0.0,1,1,0
206,1,21,22,121.03744361627922,24.931358999532087,0.0,0.0,0.0,0.0,1,1,0
207,1,21,22,65.13121172320679,19.158445094525813,0.0,0.0,0.0,0.0,1,1,0
208,1,21,22,119.77111598686218,25.893896988523423,0.0,0.0,0.0,0.0,1,1,0
209,1,21,23,129.21603616457548,21.14254500109479,0.0,0.0,0.0,0.0,1,1,0
210,1,21,23,145.32424194858362,21.946881931476295,0.0,0.0,0.0,0.0,1,1,0
211,1,21,23,0.0,0.0,0.0,0.0,0.0,0.0,1,1,0
212,1,21,23,0.0,0.0,0.0,0.0,0.0,0.0,1,1,0
213,1,22,24,202.72187141724956,29.714375503931564,0.0,0.0,0.0,0.0,1,1,0
214,1,22,26,96.0067272065076,21.285189206727875,0.0,0.0,0.0,0.0,1,1,0
215,1,22,26,156.0366292071238,49.687946531617634,0.0,0.0,0.0,0.0,1,1,0
216,1,22,26,51.02104656955226,17.47827909688186,0.0,0.0,0.0,0.0,1,1,0
217,1,22,27,0.0,0.0,0.0,0.0,0.0,0.0,1,1,0
218,1,22,27,219.61728396306205,52.01912367327735,0.0,0.0,0.0,0.0,1,1,0
219,1,22,25,119.047008769697,31.024903457850126,0.0,0.0,0.0,0.0,1,1,0
220,1,22,25,70.9415158932209,18.555512256221476,0.0,0.0,0.0,0.0,1,1,0
221,1,22,27,0.0,0.0,0.0,0.0,0.0,0.0,1,1,0
222,1,22,27,0.0,0.0,0.0,0.0,0.0,0.0,1,1,0
223,1,22,25,0.0,0.0,0.0,0.0,0.0,0.0,1,1,0
224,1,22,26,0.0,0.0,0.0,0.0,0.0,0.0,1,1,0
301,1,31,31,62.21966973179933,19.275826997862385,0.0,0.0,0.0,0.0,1,1,0
302,1,31,32,66.63903556299121,16.9618025317518,0.0,0.0,0.0,0.0,1,1,0
303,1,31,31,130.09139340451173,32.74185896069761,0.0,0.0,0.0,0.0,1,1,0
304,1,31,31,63.89180022957372,7.905515107897342,0.0,0.0,0.0,0.0,1,1,0
305,1,31,31,49.497358287294496,8.535190920474752,0.0,0.0,0.0,0.0,1,1,0
306,1,31,32,105.08151865087264,22.5756060488943,0.0,0.0,0.0,0.0,1,1,0
307,1,31,32,63.37712723725126,14.693297332855872,0.0,0.0,0.0,0.0,1,1,0
308,1,31,32,138.98622980648304,17.7395466318503,0.0,0.0,0.0,0.0,1,1,0
309,1,31,33,151.96696177093196,19.829760249272546,0.0,0.0,0.0,0.0,1,1,0
310,1,31,33,104.0459255275789,29.869626163037495,0.0,0.0,0.0,0.0,1,1,0
311,1,31,33,0.0,0.0,0.0,0.0,0.0,0.0,1,1,0
312,1,31,33,0.0,0.0,0.0,0.0,0.0,0.0,1,1,0
313,1,32,34,223.28688878631735,47.60501674610926,0.0,0.0,0.0,0.0,1,1,0
314,1,32,36,153.48112102478075,24.41360592752416,0.0,0.0,0.0,0.0,1,1,0
315,1,32,36,246.91654757223816,32.55112282707989,0.0,0.0,0.0,0.0,1,1,0
