% From Raw File 
%% RTS 96 System Bus Data %% 
all_busdata96 = [ 
101,138,2,1,1,1,1.00,0.00,1.1,0.9,1.1,0.9
102,138,2,1,1,1,1.00,0.00,1.1,0.9,1.1,0.9
103,138,1,1,1,1,1.00,0.00,1.1,0.9,1.1,0.9
104,138,1,1,1,1,1.00,0.00,1.1,0.9,1.1,0.9
105,138,1,1,1,1,1.00,0.00,1.1,0.9,1.1,0.9
106,138,1,1,1,1,1.00,0.00,1.1,0.9,1.1,0.9
107,138,2,1,1,1,1.00,0.00,1.1,0.9,1.1,0.9
108,138,1,1,1,1,1.00,0.00,1.1,0.9,1.1,0.9
109,138,1,1,1,1,1.00,0.00,1.1,0.9,1.1,0.9
110,138,1,1,1,1,1.00,0.00,1.1,0.9,1.1,0.9
111,230,1,1,1,1,1.00,0.00,1.1,0.9,1.1,0.9
112,230,1,1,1,1,1.00,0.00,1.1,0.9,1.1,0.9
113,230,3,1,1,1,1.00,0.00,1.1,0.9,1.1,0.9
114,230,2,1,1,1,1.00,0.00,1.1,0.9,1.1,0.9
115,230,2,1,1,1,1.00,0.00,1.1,0.9,1.1,0.9
116,230,2,1,1,1,1.00,0.00,1.1,0.9,1.1,0.9
117,230,1,1,1,1,1.00,0.00,1.1,0.9,1.1,0.9
118,230,2,1,1,1,1.00,0.00,1.1,0.9,1.1,0.9
119,230,1,1,1,1,1.00,0.00,1.1,0.9,1.1,0.9
120,230,1,1,1,1,1.00,0.00,1.1,0.9,1.1,0.9
121,230,2,1,1,1,1.00,0.00,1.1,0.9,1.1,0.9
122,230,2,1,1,1,1.00,0.00,1.1,0.9,1.1,0.9
123,230,2,1,1,1,1.00,0.00,1.1,0.9,1.1,0.9
124,230,1,1,1,1,1.00,0.00,1.1,0.9,1.1,0.9
201,138,2,1,1,1,1.00,0.00,1.1,0.9,1.1,0.9
202,138,2,1,1,1,1.00,0.00,1.1,0.9,1.1,0.9
203,138,1,1,1,1,1.00,0.00,1.1,0.9,1.1,0.9
204,138,1,1,1,1,1.00,0.00,1.1,0.9,1.1,0.9
205,138,1,1,1,1,1.00,0.00,1.1,0.9,1.1,0.9
206,138,1,1,1,1,1.00,0.00,1.1,0.9,1.1,0.9
207,138,2,1,1,1,1.00,0.00,1.1,0.9,1.1,0.9
208,138,1,1,1,1,1.00,0.00,1.1,0.9,1.1,0.9
209,138,1,1,1,1,1.00,0.00,1.1,0.9,1.1,0.9
210,138,1,1,1,1,1.00,0.00,1.1,0.9,1.1,0.9
211,230,1,1,1,1,1.00,0.00,1.1,0.9,1.1,0.9
212,230,1,1,1,1,1.00,0.00,1.1,0.9,1.1,0.9
213,230,2,1,1,1,1.00,0.00,1.1,0.9,1.1,0.9
214,230,2,1,1,1,1.00,0.00,1.1,0.9,1.1,0.9
215,230,2,1,1,1,1.00,0.00,1.1,0.9,1.1,0.9
216,230,2,1,1,1,1.00,0.00,1.1,0.9,1.1,0.9
217,230,1,1,1,1,1.00,0.00,1.1,0.9,1.1,0.9
218,230,2,1,1,1,1.00,0.00,1.1,0.9,1.1,0.9
219,230,1,1,1,1,1.00,0.00,1.1,0.9,1.1,0.9
220,230,1,1,1,1,1.00,0.00,1.1,0.9,1.1,0.9
221,230,2,1,1,1,1.00,0.00,1.1,0.9,1.1,0.9
222,230,2,1,1,1,1.00,0.00,1.1,0.9,1.1,0.9
223,230,2,1,1,1,1.00,0.00,1.1,0.9,1.1,0.9
224,230,1,1,1,1,1.00,0.00,1.1,0.9,1.1,0.9
301,138,2,1,1,1,1.00,0.00,1.1,0.9,1.1,0.9
302,138,2,1,1,1,1.00,0.00,1.1,0.9,1.1,0.9
303,138,1,1,1,1,1.00,0.00,1.1,0.9,1.1,0.9
304,138,1,1,1,1,1.00,0.00,1.1,0.9,1.1,0.9
305,138,1,1,1,1,1.00,0.00,1.1,0.9,1.1,0.9
306,138,1,1,1,1,1.00,0.00,1.1,0.9,1.1,0.9
307,138,2,1,1,1,1.00,0.00,1.1,0.9,1.1,0.9
308,138,1,1,1,1,1.00,0.00,1.1,0.9,1.1,0.9
309,138,1,1,1,1,1.00,0.00,1.1,0.9,1.1,0.9
310,138,1,1,1,1,1.00,0.00,1.1,0.9,1.1,0.9
311,230,1,1,1,1,1.00,0.00,1.1,0.9,1.1,0.9
312,230,1,1,1,1,1.00,0.00,1.1,0.9,1.1,0.9
313,230,2,1,1,1,1.00,0.00,1.1,0.9,1.1,0.9
314,230,2,1,1,1,1.00,0.00,1.1,0.9,1.1,0.9
315,230,2,1,1,1,1.00,0.00,1.1,0.9,1.1,0.9
316,230,2,1,1,1,1.00,0.00,1.1,0.9,1.1,0.9
317,230,1,1,1,1,1.00,0.00,1.1,0.9,1.1,0.9
318,230,2,1,1,1,1.00,0.00,1.1,0.9,1.1,0.9
319,230,1,1,1,1,1.00,0.00,1.1,0.9,1.1,0.9
320,230,1,1,1,1,1.00,0.00,1.1,0.9,1.1,0.9
321,230,2,1,1,1,1.00,0.00,1.1,0.9,1.1,0.9
322,230,2,1,1,1,1.00,0.00,1.1,0.9,1.1,0.9
323,230,2,1,1,1,1.00,0.00,1.1,0.9,1.1,0.9
324,230,1,1,1,1,1.00,0.00,1.1,0.9,1.1,0.9
325,230,1,1,1,1,1.00,0.00,1.1,0.9,1.1,0.9
]; 
all_busName96 = [   ' 101 ';  ' 102 ';  ' 103 ';  ' 104 ';  ' 105 ';  ' 106 ';  ' 107 ';  ' 108 ';  ' 109 ';  ' 110 ';  ' 111 ';  ' 112 ';  ' 113 ';  ' 114 ';  ' 115 ';  ' 116 ';  ' 117 ';  ' 118 ';  ' 119 ';  ' 120 ';  ' 121 ';  ' 122 ';  ' 123 ';  ' 124 ';  ' 201 ';  ' 202 ';  ' 203 ';  ' 204 ';  ' 205 ';  ' 206 ';  ' 207 ';  ' 208 ';  ' 209 ';  ' 210 ';  ' 211 ';  ' 212 ';  ' 213 ';  ' 214 ';  ' 215 ';  ' 216 ';  ' 217 ';  ' 218 ';  ' 219 ';  ' 220 ';  ' 221 ';  ' 222 ';  ' 223 ';  ' 224 ';  ' 301 ';  ' 302 ';  ' 303 ';  ' 304 ';  ' 305 ';  ' 306 ';  ' 307 ';  ' 308 ';  ' 309 ';  ' 310 ';  ' 311 ';  ' 312 ';  ' 313 ';  ' 314 ';  ' 315 ';  ' 316 ';  ' 317 ';  ' 318 ';  ' 319 ';  ' 320 ';  ' 321 ';  ' 322 ';  ' 323 ';  ' 324 ';  ' 325 '; ];
%% RTS 96 System Load Data %% 
all_loaddata96 = [ 
101,1,11,11,76.27300392971131,11.839222961122637,0.0,0.0,0.0,0.0,1,1,0
102,1,11,12,57.68024470925876,17.60442847998161,0.0,0.0,0.0,0.0,1,1,0
103,1,11,11,127.89761736778914,28.26665101994318,0.0,0.0,0.0,0.0,1,1,0
104,1,11,11,53.9570306140462,11.216590832461137,0.0,0.0,0.0,0.0,1,1,0
105,1,11,11,37.855231020965284,9.408978884184267,0.0,0.0,0.0,0.0,1,1,0
106,1,11,12,103.32612043679842,23.067696210826746,0.0,0.0,0.0,0.0,1,1,0
107,1,11,12,63.85521770553896,13.115639265388017,0.0,0.0,0.0,0.0,1,1,0
108,1,11,12,129.94557067275136,23.232406558186046,0.0,0.0,0.0,0.0,1,1,0
109,1,11,13,94.18560176840751,21.10376041950602,0.0,0.0,0.0,0.0,1,1,0
110,1,11,13,133.3917875131359,20.97512594252452,0.0,0.0,0.0,0.0,1,1,0
111,1,11,13,0.0,0.0,0.0,0.0,0.0,0.0,1,1,0
112,1,11,13,0.0,0.0,0.0,0.0,0.0,0.0,1,1,0
113,1,12,14,217.23118858249043,35.95214945719437,0.0,0.0,0.0,0.0,1,1,0
114,1,12,16,174.69698526924878,21.02939308631122,0.0,0.0,0.0,0.0,1,1,0
115,1,12,16,278.07830213108895,50.36716773181557,0.0,0.0,0.0,0.0,1,1,0
116,1,12,16,49.885882792244665,14.174166952827015,0.0,0.0,0.0,0.0,1,1,0
117,1,12,17,0.0,0.0,0.0,0.0,0.0,0.0,1,1,0
118,1,12,17,205.46313900789812,47.23055980991889,0.0,0.0,0.0,0.0,1,1,0
119,1,12,15,100.45168420367358,25.514407379728603,0.0,0.0,0.0,0.0,1,1,0
120,1,12,15,97.88256183101534,20.415631575573048,0.0,0.0,0.0,0.0,1,1,0
121,1,12,17,0.0,0.0,0.0,0.0,0.0,0.0,1,1,0
122,1,12,17,0.0,0.0,0.0,0.0,0.0,0.0,1,1,0
123,1,12,15,0.0,0.0,0.0,0.0,0.0,0.0,1,1,0
124,1,12,16,0.0,0.0,0.0,0.0,0.0,0.0,1,1,0
201,1,21,21,63.160269588159395,16.059828113215698,0.0,0.0,0.0,0.0,1,1,0
202,1,21,22,86.69762133681458,17.806111773638985,0.0,0.0,0.0,0.0,1,1,0
203,1,21,21,143.97031745627893,24.714457863560412,0.0,0.0,0.0,0.0,1,1,0
204,1,21,21,52.87007520200154,9.761339941380545,0.0,0.0,0.0,0.0,1,1,0
205,1,21,21,63.90668647404244,10.008650265718718,0.0,0.0,0.0,0.0,1,1,0
206,1,21,22,100.11144959106333,13.869627058402262,0.0,0.0,0.0,0.0,1,1,0
207,1,21,22,92.74643179967534,16.926474597814956,0.0,0.0,0.0,0.0,1,1,0
208,1,21,22,89.13790463897175,28.204297723813212,0.0,0.0,0.0,0.0,1,1,0
209,1,21,23,124.26153489902966,19.51585540714413,0.0,0.0,0.0,0.0,1,1,0
210,1,21,23,144.3148699573602,30.47977884242311,0.0,0.0,0.0,0.0,1,1,0
211,1,21,23,0.0,0.0,0.0,0.0,0.0,0.0,1,1,0
212,1,21,23,0.0,0.0,0.0,0.0,0.0,0.0,1,1,0
213,1,22,24,142.66412780946143,29.458529070654134,0.0,0.0,0.0,0.0,1,1,0
214,1,22,26,112.07092754155063,34.27763439819217,0.0,0.0,0.0,0.0,1,1,0
215,1,22,26,167.81936772098328,36.748406424745916,0.0,0.0,0.0,0.0,1,1,0
216,1,22,26,77.1720039832173,16.23493723974656,0.0,0.0,0.0,0.0,1,1,0
217,1,22,27,0.0,0.0,0.0,0.0,0.0,0.0,1,1,0
218,1,22,27,260.4969340421312,60.730865127564776,0.0,0.0,0.0,0.0,1,1,0
219,1,22,25,138.27299311320357,32.543763691421645,0.0,0.0,0.0,0.0,1,1,0
220,1,22,25,93.14165571717022,19.556667172673812,0.0,0.0,0.0,0.0,1,1,0
221,1,22,27,0.0,0.0,0.0,0.0,0.0,0.0,1,1,0
222,1,22,27,0.0,0.0,0.0,0.0,0.0,0.0,1,1,0
223,1,22,25,0.0,0.0,0.0,0.0,0.0,0.0,1,1,0
224,1,22,26,0.0,0.0,0.0,0.0,0.0,0.0,1,1,0
301,1,31,31,67.00988548674601,18.909817397845444,0.0,0.0,0.0,0.0,1,1,0
302,1,31,32,61.416627734491186,10.191838380709289,0.0,0.0,0.0,0.0,1,1,0
303,1,31,31,111.74270033629237,30.46329116066778,0.0,0.0,0.0,0.0,1,1,0
304,1,31,31,45.77613022273946,9.020391045683528,0.0,0.0,0.0,0.0,1,1,0
305,1,31,31,35.445468885242285,9.529644440789893,0.0,0.0,0.0,0.0,1,1,0
306,1,31,32,115.09410721023606,16.640367417159116,0.0,0.0,0.0,0.0,1,1,0
307,1,31,32,70.69409274588106,13.079958624519639,0.0,0.0,0.0,0.0,1,1,0
308,1,31,32,90.29029419008964,21.726479384681443,0.0,0.0,0.0,0.0,1,1,0
309,1,31,33,146.18017585734955,30.33243086413499,0.0,0.0,0.0,0.0,1,1,0
310,1,31,33,175.5412857969536,27.98344363866001,0.0,0.0,0.0,0.0,1,1,0
311,1,31,33,0.0,0.0,0.0,0.0,0.0,0.0,1,1,0
312,1,31,33,0.0,0.0,0.0,0.0,0.0,0.0,1,1,0
313,1,32,34,149.50363082440106,43.70300165878292,0.0,0.0,0.0,0.0,1,1,0
314,1,32,36,104.59112284944077,33.70648911958253,0.0,0.0,0.0,0.0,1,1,0
315,1,32,36,174.59926972056024,55.37811134068965,0.0,0.0,0.0,0.0,1,1,0
