% From Raw File 
%% RTS 96 System Bus Data %% 
all_busdata96 = [ 
101,138,2,1,1,1,1.00,0.00,1.1,0.9,1.1,0.9
102,138,2,1,1,1,1.00,0.00,1.1,0.9,1.1,0.9
103,138,1,1,1,1,1.00,0.00,1.1,0.9,1.1,0.9
104,138,1,1,1,1,1.00,0.00,1.1,0.9,1.1,0.9
105,138,1,1,1,1,1.00,0.00,1.1,0.9,1.1,0.9
106,138,1,1,1,1,1.00,0.00,1.1,0.9,1.1,0.9
107,138,2,1,1,1,1.00,0.00,1.1,0.9,1.1,0.9
108,138,1,1,1,1,1.00,0.00,1.1,0.9,1.1,0.9
109,138,1,1,1,1,1.00,0.00,1.1,0.9,1.1,0.9
110,138,1,1,1,1,1.00,0.00,1.1,0.9,1.1,0.9
111,230,1,1,1,1,1.00,0.00,1.1,0.9,1.1,0.9
112,230,1,1,1,1,1.00,0.00,1.1,0.9,1.1,0.9
113,230,3,1,1,1,1.00,0.00,1.1,0.9,1.1,0.9
114,230,2,1,1,1,1.00,0.00,1.1,0.9,1.1,0.9
115,230,2,1,1,1,1.00,0.00,1.1,0.9,1.1,0.9
116,230,2,1,1,1,1.00,0.00,1.1,0.9,1.1,0.9
117,230,1,1,1,1,1.00,0.00,1.1,0.9,1.1,0.9
118,230,2,1,1,1,1.00,0.00,1.1,0.9,1.1,0.9
119,230,1,1,1,1,1.00,0.00,1.1,0.9,1.1,0.9
120,230,1,1,1,1,1.00,0.00,1.1,0.9,1.1,0.9
121,230,2,1,1,1,1.00,0.00,1.1,0.9,1.1,0.9
122,230,2,1,1,1,1.00,0.00,1.1,0.9,1.1,0.9
123,230,2,1,1,1,1.00,0.00,1.1,0.9,1.1,0.9
124,230,1,1,1,1,1.00,0.00,1.1,0.9,1.1,0.9
201,138,2,1,1,1,1.00,0.00,1.1,0.9,1.1,0.9
202,138,2,1,1,1,1.00,0.00,1.1,0.9,1.1,0.9
203,138,1,1,1,1,1.00,0.00,1.1,0.9,1.1,0.9
204,138,1,1,1,1,1.00,0.00,1.1,0.9,1.1,0.9
205,138,1,1,1,1,1.00,0.00,1.1,0.9,1.1,0.9
206,138,1,1,1,1,1.00,0.00,1.1,0.9,1.1,0.9
207,138,2,1,1,1,1.00,0.00,1.1,0.9,1.1,0.9
208,138,1,1,1,1,1.00,0.00,1.1,0.9,1.1,0.9
209,138,1,1,1,1,1.00,0.00,1.1,0.9,1.1,0.9
210,138,1,1,1,1,1.00,0.00,1.1,0.9,1.1,0.9
211,230,1,1,1,1,1.00,0.00,1.1,0.9,1.1,0.9
212,230,1,1,1,1,1.00,0.00,1.1,0.9,1.1,0.9
213,230,2,1,1,1,1.00,0.00,1.1,0.9,1.1,0.9
214,230,2,1,1,1,1.00,0.00,1.1,0.9,1.1,0.9
215,230,2,1,1,1,1.00,0.00,1.1,0.9,1.1,0.9
216,230,2,1,1,1,1.00,0.00,1.1,0.9,1.1,0.9
217,230,1,1,1,1,1.00,0.00,1.1,0.9,1.1,0.9
218,230,2,1,1,1,1.00,0.00,1.1,0.9,1.1,0.9
219,230,1,1,1,1,1.00,0.00,1.1,0.9,1.1,0.9
220,230,1,1,1,1,1.00,0.00,1.1,0.9,1.1,0.9
221,230,2,1,1,1,1.00,0.00,1.1,0.9,1.1,0.9
222,230,2,1,1,1,1.00,0.00,1.1,0.9,1.1,0.9
223,230,2,1,1,1,1.00,0.00,1.1,0.9,1.1,0.9
224,230,1,1,1,1,1.00,0.00,1.1,0.9,1.1,0.9
301,138,2,1,1,1,1.00,0.00,1.1,0.9,1.1,0.9
302,138,2,1,1,1,1.00,0.00,1.1,0.9,1.1,0.9
303,138,1,1,1,1,1.00,0.00,1.1,0.9,1.1,0.9
304,138,1,1,1,1,1.00,0.00,1.1,0.9,1.1,0.9
305,138,1,1,1,1,1.00,0.00,1.1,0.9,1.1,0.9
306,138,1,1,1,1,1.00,0.00,1.1,0.9,1.1,0.9
307,138,2,1,1,1,1.00,0.00,1.1,0.9,1.1,0.9
308,138,1,1,1,1,1.00,0.00,1.1,0.9,1.1,0.9
309,138,1,1,1,1,1.00,0.00,1.1,0.9,1.1,0.9
310,138,1,1,1,1,1.00,0.00,1.1,0.9,1.1,0.9
311,230,1,1,1,1,1.00,0.00,1.1,0.9,1.1,0.9
312,230,1,1,1,1,1.00,0.00,1.1,0.9,1.1,0.9
313,230,2,1,1,1,1.00,0.00,1.1,0.9,1.1,0.9
314,230,2,1,1,1,1.00,0.00,1.1,0.9,1.1,0.9
315,230,2,1,1,1,1.00,0.00,1.1,0.9,1.1,0.9
316,230,2,1,1,1,1.00,0.00,1.1,0.9,1.1,0.9
317,230,1,1,1,1,1.00,0.00,1.1,0.9,1.1,0.9
318,230,2,1,1,1,1.00,0.00,1.1,0.9,1.1,0.9
319,230,1,1,1,1,1.00,0.00,1.1,0.9,1.1,0.9
320,230,1,1,1,1,1.00,0.00,1.1,0.9,1.1,0.9
321,230,2,1,1,1,1.00,0.00,1.1,0.9,1.1,0.9
322,230,2,1,1,1,1.00,0.00,1.1,0.9,1.1,0.9
323,230,2,1,1,1,1.00,0.00,1.1,0.9,1.1,0.9
324,230,1,1,1,1,1.00,0.00,1.1,0.9,1.1,0.9
325,230,1,1,1,1,1.00,0.00,1.1,0.9,1.1,0.9
]; 
all_busName96 = [   ' 101 ';  ' 102 ';  ' 103 ';  ' 104 ';  ' 105 ';  ' 106 ';  ' 107 ';  ' 108 ';  ' 109 ';  ' 110 ';  ' 111 ';  ' 112 ';  ' 113 ';  ' 114 ';  ' 115 ';  ' 116 ';  ' 117 ';  ' 118 ';  ' 119 ';  ' 120 ';  ' 121 ';  ' 122 ';  ' 123 ';  ' 124 ';  ' 201 ';  ' 202 ';  ' 203 ';  ' 204 ';  ' 205 ';  ' 206 ';  ' 207 ';  ' 208 ';  ' 209 ';  ' 210 ';  ' 211 ';  ' 212 ';  ' 213 ';  ' 214 ';  ' 215 ';  ' 216 ';  ' 217 ';  ' 218 ';  ' 219 ';  ' 220 ';  ' 221 ';  ' 222 ';  ' 223 ';  ' 224 ';  ' 301 ';  ' 302 ';  ' 303 ';  ' 304 ';  ' 305 ';  ' 306 ';  ' 307 ';  ' 308 ';  ' 309 ';  ' 310 ';  ' 311 ';  ' 312 ';  ' 313 ';  ' 314 ';  ' 315 ';  ' 316 ';  ' 317 ';  ' 318 ';  ' 319 ';  ' 320 ';  ' 321 ';  ' 322 ';  ' 323 ';  ' 324 ';  ' 325 '; ];
%% RTS 96 System Load Data %% 
all_loaddata96 = [ 
101,1,11,11,58.08335195140968,17.32376674736515,0.0,0.0,0.0,0.0,1,1,0
102,1,11,12,48.94264459848013,15.41888875175826,0.0,0.0,0.0,0.0,1,1,0
103,1,11,11,158.5290870093489,31.688782619345698,0.0,0.0,0.0,0.0,1,1,0
104,1,11,11,43.8550611104588,10.359353490327251,0.0,0.0,0.0,0.0,1,1,0
105,1,11,11,40.37590774751664,8.679620466212835,0.0,0.0,0.0,0.0,1,1,0
106,1,11,12,115.48494682905637,25.06880173060969,0.0,0.0,0.0,0.0,1,1,0
107,1,11,12,85.92670405948301,17.03374119934626,0.0,0.0,0.0,0.0,1,1,0
108,1,11,12,117.9118208322731,18.073530996888408,0.0,0.0,0.0,0.0,1,1,0
109,1,11,13,153.6739370191307,20.358803108292257,0.0,0.0,0.0,0.0,1,1,0
110,1,11,13,144.63161579596783,26.285258773863315,0.0,0.0,0.0,0.0,1,1,0
111,1,11,13,0.0,0.0,0.0,0.0,0.0,0.0,1,1,0
112,1,11,13,0.0,0.0,0.0,0.0,0.0,0.0,1,1,0
113,1,12,14,171.35115387798334,31.866856933580618,0.0,0.0,0.0,0.0,1,1,0
114,1,12,16,149.05983770123387,21.936904425807622,0.0,0.0,0.0,0.0,1,1,0
115,1,12,16,205.2218838718807,35.79012682338953,0.0,0.0,0.0,0.0,1,1,0
116,1,12,16,73.83536923931446,12.055103805642574,0.0,0.0,0.0,0.0,1,1,0
117,1,12,17,0.0,0.0,0.0,0.0,0.0,0.0,1,1,0
118,1,12,17,227.86536131881078,39.52073653083109,0.0,0.0,0.0,0.0,1,1,0
119,1,12,15,112.65743034439227,25.337066867595862,0.0,0.0,0.0,0.0,1,1,0
120,1,12,15,90.85268157674074,15.327925761390478,0.0,0.0,0.0,0.0,1,1,0
121,1,12,17,0.0,0.0,0.0,0.0,0.0,0.0,1,1,0
122,1,12,17,0.0,0.0,0.0,0.0,0.0,0.0,1,1,0
123,1,12,15,0.0,0.0,0.0,0.0,0.0,0.0,1,1,0
124,1,12,16,0.0,0.0,0.0,0.0,0.0,0.0,1,1,0
201,1,21,21,96.75380878694169,13.175625040410553,0.0,0.0,0.0,0.0,1,1,0
202,1,21,22,77.39064521051883,15.757891748710534,0.0,0.0,0.0,0.0,1,1,0
203,1,21,21,103.86249139971657,21.029152753017048,0.0,0.0,0.0,0.0,1,1,0
204,1,21,21,53.14583426070324,11.734702867132611,0.0,0.0,0.0,0.0,1,1,0
205,1,21,21,49.47631516673472,7.241831762618199,0.0,0.0,0.0,0.0,1,1,0
206,1,21,22,99.6786747481227,21.836518736403622,0.0,0.0,0.0,0.0,1,1,0
207,1,21,22,106.0214209807862,16.30795650909771,0.0,0.0,0.0,0.0,1,1,0
208,1,21,22,118.12093134497647,17.811630056710445,0.0,0.0,0.0,0.0,1,1,0
209,1,21,23,155.65764153306372,24.296173141110128,0.0,0.0,0.0,0.0,1,1,0
210,1,21,23,128.78757547749393,19.5238187968377,0.0,0.0,0.0,0.0,1,1,0
211,1,21,23,0.0,0.0,0.0,0.0,0.0,0.0,1,1,0
212,1,21,23,0.0,0.0,0.0,0.0,0.0,0.0,1,1,0
213,1,22,24,171.321444106685,45.28612839166112,0.0,0.0,0.0,0.0,1,1,0
214,1,22,26,148.21586511217765,30.515177046481895,0.0,0.0,0.0,0.0,1,1,0
215,1,22,26,185.84817117631852,36.61743303794861,0.0,0.0,0.0,0.0,1,1,0
216,1,22,26,72.87192083304281,13.952610256327315,0.0,0.0,0.0,0.0,1,1,0
217,1,22,27,0.0,0.0,0.0,0.0,0.0,0.0,1,1,0
218,1,22,27,179.6523351039275,56.18434298473802,0.0,0.0,0.0,0.0,1,1,0
219,1,22,25,116.79026622246872,18.738200628213395,0.0,0.0,0.0,0.0,1,1,0
220,1,22,25,92.6947813933432,13.255850312068128,0.0,0.0,0.0,0.0,1,1,0
221,1,22,27,0.0,0.0,0.0,0.0,0.0,0.0,1,1,0
222,1,22,27,0.0,0.0,0.0,0.0,0.0,0.0,1,1,0
223,1,22,25,0.0,0.0,0.0,0.0,0.0,0.0,1,1,0
224,1,22,26,0.0,0.0,0.0,0.0,0.0,0.0,1,1,0
301,1,31,31,67.46010554039887,18.826975132377818,0.0,0.0,0.0,0.0,1,1,0
302,1,31,32,69.56723609685511,17.03643462284468,0.0,0.0,0.0,0.0,1,1,0
303,1,31,31,147.56497025131713,24.067114804994358,0.0,0.0,0.0,0.0,1,1,0
304,1,31,31,61.402325709896445,12.979700507173547,0.0,0.0,0.0,0.0,1,1,0
305,1,31,31,62.629238629889635,8.200399247111845,0.0,0.0,0.0,0.0,1,1,0
306,1,31,32,89.25921767407023,24.689874571416155,0.0,0.0,0.0,0.0,1,1,0
307,1,31,32,81.47703046588576,12.685167296924627,0.0,0.0,0.0,0.0,1,1,0
308,1,31,32,113.75470682420725,17.9069265980171,0.0,0.0,0.0,0.0,1,1,0
309,1,31,33,120.35433512320394,26.94432594380658,0.0,0.0,0.0,0.0,1,1,0
310,1,31,33,152.3062412439126,23.30842387872934,0.0,0.0,0.0,0.0,1,1,0
311,1,31,33,0.0,0.0,0.0,0.0,0.0,0.0,1,1,0
312,1,31,33,0.0,0.0,0.0,0.0,0.0,0.0,1,1,0
313,1,32,34,149.24110736153602,38.56373403774239,0.0,0.0,0.0,0.0,1,1,0
314,1,32,36,172.7053290184373,28.155452290561797,0.0,0.0,0.0,0.0,1,1,0
315,1,32,36,177.08999389168457,50.88994430642723,0.0,0.0,0.0,0.0,1,1,0
