% From Raw File 
%% RTS 96 System Bus Data %% 
all_busdata96 = [ 
101,138,2,1,1,1,1.00,0.00,1.1,0.9,1.1,0.9
102,138,2,1,1,1,1.00,0.00,1.1,0.9,1.1,0.9
103,138,1,1,1,1,1.00,0.00,1.1,0.9,1.1,0.9
104,138,1,1,1,1,1.00,0.00,1.1,0.9,1.1,0.9
105,138,1,1,1,1,1.00,0.00,1.1,0.9,1.1,0.9
106,138,1,1,1,1,1.00,0.00,1.1,0.9,1.1,0.9
107,138,2,1,1,1,1.00,0.00,1.1,0.9,1.1,0.9
108,138,1,1,1,1,1.00,0.00,1.1,0.9,1.1,0.9
109,138,1,1,1,1,1.00,0.00,1.1,0.9,1.1,0.9
110,138,1,1,1,1,1.00,0.00,1.1,0.9,1.1,0.9
111,230,1,1,1,1,1.00,0.00,1.1,0.9,1.1,0.9
112,230,1,1,1,1,1.00,0.00,1.1,0.9,1.1,0.9
113,230,3,1,1,1,1.00,0.00,1.1,0.9,1.1,0.9
114,230,2,1,1,1,1.00,0.00,1.1,0.9,1.1,0.9
115,230,2,1,1,1,1.00,0.00,1.1,0.9,1.1,0.9
116,230,2,1,1,1,1.00,0.00,1.1,0.9,1.1,0.9
117,230,1,1,1,1,1.00,0.00,1.1,0.9,1.1,0.9
118,230,2,1,1,1,1.00,0.00,1.1,0.9,1.1,0.9
119,230,1,1,1,1,1.00,0.00,1.1,0.9,1.1,0.9
120,230,1,1,1,1,1.00,0.00,1.1,0.9,1.1,0.9
121,230,2,1,1,1,1.00,0.00,1.1,0.9,1.1,0.9
122,230,2,1,1,1,1.00,0.00,1.1,0.9,1.1,0.9
123,230,2,1,1,1,1.00,0.00,1.1,0.9,1.1,0.9
124,230,1,1,1,1,1.00,0.00,1.1,0.9,1.1,0.9
201,138,2,1,1,1,1.00,0.00,1.1,0.9,1.1,0.9
202,138,2,1,1,1,1.00,0.00,1.1,0.9,1.1,0.9
203,138,1,1,1,1,1.00,0.00,1.1,0.9,1.1,0.9
204,138,1,1,1,1,1.00,0.00,1.1,0.9,1.1,0.9
205,138,1,1,1,1,1.00,0.00,1.1,0.9,1.1,0.9
206,138,1,1,1,1,1.00,0.00,1.1,0.9,1.1,0.9
207,138,2,1,1,1,1.00,0.00,1.1,0.9,1.1,0.9
208,138,1,1,1,1,1.00,0.00,1.1,0.9,1.1,0.9
209,138,1,1,1,1,1.00,0.00,1.1,0.9,1.1,0.9
210,138,1,1,1,1,1.00,0.00,1.1,0.9,1.1,0.9
211,230,1,1,1,1,1.00,0.00,1.1,0.9,1.1,0.9
212,230,1,1,1,1,1.00,0.00,1.1,0.9,1.1,0.9
213,230,2,1,1,1,1.00,0.00,1.1,0.9,1.1,0.9
214,230,2,1,1,1,1.00,0.00,1.1,0.9,1.1,0.9
215,230,2,1,1,1,1.00,0.00,1.1,0.9,1.1,0.9
216,230,2,1,1,1,1.00,0.00,1.1,0.9,1.1,0.9
217,230,1,1,1,1,1.00,0.00,1.1,0.9,1.1,0.9
218,230,2,1,1,1,1.00,0.00,1.1,0.9,1.1,0.9
219,230,1,1,1,1,1.00,0.00,1.1,0.9,1.1,0.9
220,230,1,1,1,1,1.00,0.00,1.1,0.9,1.1,0.9
221,230,2,1,1,1,1.00,0.00,1.1,0.9,1.1,0.9
222,230,2,1,1,1,1.00,0.00,1.1,0.9,1.1,0.9
223,230,2,1,1,1,1.00,0.00,1.1,0.9,1.1,0.9
224,230,1,1,1,1,1.00,0.00,1.1,0.9,1.1,0.9
301,138,2,1,1,1,1.00,0.00,1.1,0.9,1.1,0.9
302,138,2,1,1,1,1.00,0.00,1.1,0.9,1.1,0.9
303,138,1,1,1,1,1.00,0.00,1.1,0.9,1.1,0.9
304,138,1,1,1,1,1.00,0.00,1.1,0.9,1.1,0.9
305,138,1,1,1,1,1.00,0.00,1.1,0.9,1.1,0.9
306,138,1,1,1,1,1.00,0.00,1.1,0.9,1.1,0.9
307,138,2,1,1,1,1.00,0.00,1.1,0.9,1.1,0.9
308,138,1,1,1,1,1.00,0.00,1.1,0.9,1.1,0.9
309,138,1,1,1,1,1.00,0.00,1.1,0.9,1.1,0.9
310,138,1,1,1,1,1.00,0.00,1.1,0.9,1.1,0.9
311,230,1,1,1,1,1.00,0.00,1.1,0.9,1.1,0.9
312,230,1,1,1,1,1.00,0.00,1.1,0.9,1.1,0.9
313,230,2,1,1,1,1.00,0.00,1.1,0.9,1.1,0.9
314,230,2,1,1,1,1.00,0.00,1.1,0.9,1.1,0.9
315,230,2,1,1,1,1.00,0.00,1.1,0.9,1.1,0.9
316,230,2,1,1,1,1.00,0.00,1.1,0.9,1.1,0.9
317,230,1,1,1,1,1.00,0.00,1.1,0.9,1.1,0.9
318,230,2,1,1,1,1.00,0.00,1.1,0.9,1.1,0.9
319,230,1,1,1,1,1.00,0.00,1.1,0.9,1.1,0.9
320,230,1,1,1,1,1.00,0.00,1.1,0.9,1.1,0.9
321,230,2,1,1,1,1.00,0.00,1.1,0.9,1.1,0.9
322,230,2,1,1,1,1.00,0.00,1.1,0.9,1.1,0.9
323,230,2,1,1,1,1.00,0.00,1.1,0.9,1.1,0.9
324,230,1,1,1,1,1.00,0.00,1.1,0.9,1.1,0.9
325,230,1,1,1,1,1.00,0.00,1.1,0.9,1.1,0.9
]; 
all_busName96 = [   ' 101 ';  ' 102 ';  ' 103 ';  ' 104 ';  ' 105 ';  ' 106 ';  ' 107 ';  ' 108 ';  ' 109 ';  ' 110 ';  ' 111 ';  ' 112 ';  ' 113 ';  ' 114 ';  ' 115 ';  ' 116 ';  ' 117 ';  ' 118 ';  ' 119 ';  ' 120 ';  ' 121 ';  ' 122 ';  ' 123 ';  ' 124 ';  ' 201 ';  ' 202 ';  ' 203 ';  ' 204 ';  ' 205 ';  ' 206 ';  ' 207 ';  ' 208 ';  ' 209 ';  ' 210 ';  ' 211 ';  ' 212 ';  ' 213 ';  ' 214 ';  ' 215 ';  ' 216 ';  ' 217 ';  ' 218 ';  ' 219 ';  ' 220 ';  ' 221 ';  ' 222 ';  ' 223 ';  ' 224 ';  ' 301 ';  ' 302 ';  ' 303 ';  ' 304 ';  ' 305 ';  ' 306 ';  ' 307 ';  ' 308 ';  ' 309 ';  ' 310 ';  ' 311 ';  ' 312 ';  ' 313 ';  ' 314 ';  ' 315 ';  ' 316 ';  ' 317 ';  ' 318 ';  ' 319 ';  ' 320 ';  ' 321 ';  ' 322 ';  ' 323 ';  ' 324 ';  ' 325 '; ];
%% RTS 96 System Load Data %% 
all_loaddata96 = [ 
101,1,11,11,77.61589709586427,19.458824563863875,0.0,0.0,0.0,0.0,1,1,0
102,1,11,12,71.03815106623861,14.505306235768831,0.0,0.0,0.0,0.0,1,1,0
103,1,11,11,149.86651474898682,31.545501789828386,0.0,0.0,0.0,0.0,1,1,0
104,1,11,11,51.99976896721674,8.20260863138549,0.0,0.0,0.0,0.0,1,1,0
105,1,11,11,37.09133215346164,7.682655146061256,0.0,0.0,0.0,0.0,1,1,0
106,1,11,12,113.30781123387963,18.93202343670018,0.0,0.0,0.0,0.0,1,1,0
107,1,11,12,83.3935248004971,15.02986217476311,0.0,0.0,0.0,0.0,1,1,0
108,1,11,12,94.53339600925008,18.77838586882548,0.0,0.0,0.0,0.0,1,1,0
109,1,11,13,150.14371047100636,17.983925705864465,0.0,0.0,0.0,0.0,1,1,0
110,1,11,13,107.91016242674503,20.026188650462775,0.0,0.0,0.0,0.0,1,1,0
111,1,11,13,0.0,0.0,0.0,0.0,0.0,0.0,1,1,0
112,1,11,13,0.0,0.0,0.0,0.0,0.0,0.0,1,1,0
113,1,12,14,172.47550773962985,39.72404684152762,0.0,0.0,0.0,0.0,1,1,0
114,1,12,16,162.82922573864337,19.577371600175695,0.0,0.0,0.0,0.0,1,1,0
115,1,12,16,257.4802120219591,40.648674073272936,0.0,0.0,0.0,0.0,1,1,0
116,1,12,16,82.4648121486185,10.404543558156117,0.0,0.0,0.0,0.0,1,1,0
117,1,12,17,0.0,0.0,0.0,0.0,0.0,0.0,1,1,0
118,1,12,17,227.86311403610355,35.353231122913954,0.0,0.0,0.0,0.0,1,1,0
119,1,12,15,160.47889027006312,18.226956899169085,0.0,0.0,0.0,0.0,1,1,0
120,1,12,15,100.00514466651678,15.367872492595017,0.0,0.0,0.0,0.0,1,1,0
121,1,12,17,0.0,0.0,0.0,0.0,0.0,0.0,1,1,0
122,1,12,17,0.0,0.0,0.0,0.0,0.0,0.0,1,1,0
123,1,12,15,0.0,0.0,0.0,0.0,0.0,0.0,1,1,0
124,1,12,16,0.0,0.0,0.0,0.0,0.0,0.0,1,1,0
201,1,21,21,62.79442198370061,13.122053694897518,0.0,0.0,0.0,0.0,1,1,0
202,1,21,22,58.06781874206267,15.511018866277299,0.0,0.0,0.0,0.0,1,1,0
203,1,21,21,110.65121010134182,22.709989922576675,0.0,0.0,0.0,0.0,1,1,0
204,1,21,21,45.934270829958464,8.15232689485629,0.0,0.0,0.0,0.0,1,1,0
205,1,21,21,50.19814923868748,12.490994455425628,0.0,0.0,0.0,0.0,1,1,0
206,1,21,22,72.43592328302488,15.45454861498922,0.0,0.0,0.0,0.0,1,1,0
207,1,21,22,86.24666552760755,18.349571498312287,0.0,0.0,0.0,0.0,1,1,0
208,1,21,22,86.82447030417505,22.554619411798193,0.0,0.0,0.0,0.0,1,1,0
209,1,21,23,156.2554713981785,26.97782992122229,0.0,0.0,0.0,0.0,1,1,0
210,1,21,23,133.70233326039207,25.05567524036206,0.0,0.0,0.0,0.0,1,1,0
211,1,21,23,0.0,0.0,0.0,0.0,0.0,0.0,1,1,0
212,1,21,23,0.0,0.0,0.0,0.0,0.0,0.0,1,1,0
213,1,22,24,236.04841745500826,27.1336946976277,0.0,0.0,0.0,0.0,1,1,0
214,1,22,26,124.08665692966088,25.451935145176343,0.0,0.0,0.0,0.0,1,1,0
215,1,22,26,250.172072309898,43.18174213148653,0.0,0.0,0.0,0.0,1,1,0
216,1,22,26,78.97204574579838,15.263652915833518,0.0,0.0,0.0,0.0,1,1,0
217,1,22,27,0.0,0.0,0.0,0.0,0.0,0.0,1,1,0
218,1,22,27,265.58743905532936,44.94538121527713,0.0,0.0,0.0,0.0,1,1,0
219,1,22,25,141.02957626287932,24.61996359476172,0.0,0.0,0.0,0.0,1,1,0
220,1,22,25,80.01655027241706,16.19282211681325,0.0,0.0,0.0,0.0,1,1,0
221,1,22,27,0.0,0.0,0.0,0.0,0.0,0.0,1,1,0
222,1,22,27,0.0,0.0,0.0,0.0,0.0,0.0,1,1,0
223,1,22,25,0.0,0.0,0.0,0.0,0.0,0.0,1,1,0
224,1,22,26,0.0,0.0,0.0,0.0,0.0,0.0,1,1,0
301,1,31,31,64.30339156312309,13.987002102099918,0.0,0.0,0.0,0.0,1,1,0
302,1,31,32,51.21633601290733,17.28350740059279,0.0,0.0,0.0,0.0,1,1,0
303,1,31,31,148.8919863975076,18.66830947728627,0.0,0.0,0.0,0.0,1,1,0
304,1,31,31,51.21721884257532,9.045873754250351,0.0,0.0,0.0,0.0,1,1,0
305,1,31,31,44.246272101142026,11.498863131801132,0.0,0.0,0.0,0.0,1,1,0
306,1,31,32,80.856826995112,15.126008590731024,0.0,0.0,0.0,0.0,1,1,0
307,1,31,32,102.7636094307527,21.39690617942833,0.0,0.0,0.0,0.0,1,1,0
308,1,31,32,107.89099547725758,30.061713544127997,0.0,0.0,0.0,0.0,1,1,0
309,1,31,33,99.12326003604917,31.82620932397843,0.0,0.0,0.0,0.0,1,1,0
310,1,31,33,104.320779996376,33.3560217643138,0.0,0.0,0.0,0.0,1,1,0
311,1,31,33,0.0,0.0,0.0,0.0,0.0,0.0,1,1,0
312,1,31,33,0.0,0.0,0.0,0.0,0.0,0.0,1,1,0
313,1,32,34,178.29429929209945,36.65017136396588,0.0,0.0,0.0,0.0,1,1,0
314,1,32,36,151.18101141533498,25.29070526458472,0.0,0.0,0.0,0.0,1,1,0
315,1,32,36,183.60231800730185,31.414188816440102,0.0,0.0,0.0,0.0,1,1,0
