% From Raw File 
%% RTS 96 System Bus Data %% 
all_busdata96 = [ 
101,138,2,1,1,1,1.00,0.00,1.1,0.9,1.1,0.9
102,138,2,1,1,1,1.00,0.00,1.1,0.9,1.1,0.9
103,138,1,1,1,1,1.00,0.00,1.1,0.9,1.1,0.9
104,138,1,1,1,1,1.00,0.00,1.1,0.9,1.1,0.9
105,138,1,1,1,1,1.00,0.00,1.1,0.9,1.1,0.9
106,138,1,1,1,1,1.00,0.00,1.1,0.9,1.1,0.9
107,138,2,1,1,1,1.00,0.00,1.1,0.9,1.1,0.9
108,138,1,1,1,1,1.00,0.00,1.1,0.9,1.1,0.9
109,138,1,1,1,1,1.00,0.00,1.1,0.9,1.1,0.9
110,138,1,1,1,1,1.00,0.00,1.1,0.9,1.1,0.9
111,230,1,1,1,1,1.00,0.00,1.1,0.9,1.1,0.9
112,230,1,1,1,1,1.00,0.00,1.1,0.9,1.1,0.9
113,230,3,1,1,1,1.00,0.00,1.1,0.9,1.1,0.9
114,230,2,1,1,1,1.00,0.00,1.1,0.9,1.1,0.9
115,230,2,1,1,1,1.00,0.00,1.1,0.9,1.1,0.9
116,230,2,1,1,1,1.00,0.00,1.1,0.9,1.1,0.9
117,230,1,1,1,1,1.00,0.00,1.1,0.9,1.1,0.9
118,230,2,1,1,1,1.00,0.00,1.1,0.9,1.1,0.9
119,230,1,1,1,1,1.00,0.00,1.1,0.9,1.1,0.9
120,230,1,1,1,1,1.00,0.00,1.1,0.9,1.1,0.9
121,230,2,1,1,1,1.00,0.00,1.1,0.9,1.1,0.9
122,230,2,1,1,1,1.00,0.00,1.1,0.9,1.1,0.9
123,230,2,1,1,1,1.00,0.00,1.1,0.9,1.1,0.9
124,230,1,1,1,1,1.00,0.00,1.1,0.9,1.1,0.9
201,138,2,1,1,1,1.00,0.00,1.1,0.9,1.1,0.9
202,138,2,1,1,1,1.00,0.00,1.1,0.9,1.1,0.9
203,138,1,1,1,1,1.00,0.00,1.1,0.9,1.1,0.9
204,138,1,1,1,1,1.00,0.00,1.1,0.9,1.1,0.9
205,138,1,1,1,1,1.00,0.00,1.1,0.9,1.1,0.9
206,138,1,1,1,1,1.00,0.00,1.1,0.9,1.1,0.9
207,138,2,1,1,1,1.00,0.00,1.1,0.9,1.1,0.9
208,138,1,1,1,1,1.00,0.00,1.1,0.9,1.1,0.9
209,138,1,1,1,1,1.00,0.00,1.1,0.9,1.1,0.9
210,138,1,1,1,1,1.00,0.00,1.1,0.9,1.1,0.9
211,230,1,1,1,1,1.00,0.00,1.1,0.9,1.1,0.9
212,230,1,1,1,1,1.00,0.00,1.1,0.9,1.1,0.9
213,230,2,1,1,1,1.00,0.00,1.1,0.9,1.1,0.9
214,230,2,1,1,1,1.00,0.00,1.1,0.9,1.1,0.9
215,230,2,1,1,1,1.00,0.00,1.1,0.9,1.1,0.9
216,230,2,1,1,1,1.00,0.00,1.1,0.9,1.1,0.9
217,230,1,1,1,1,1.00,0.00,1.1,0.9,1.1,0.9
218,230,2,1,1,1,1.00,0.00,1.1,0.9,1.1,0.9
219,230,1,1,1,1,1.00,0.00,1.1,0.9,1.1,0.9
220,230,1,1,1,1,1.00,0.00,1.1,0.9,1.1,0.9
221,230,2,1,1,1,1.00,0.00,1.1,0.9,1.1,0.9
222,230,2,1,1,1,1.00,0.00,1.1,0.9,1.1,0.9
223,230,2,1,1,1,1.00,0.00,1.1,0.9,1.1,0.9
224,230,1,1,1,1,1.00,0.00,1.1,0.9,1.1,0.9
301,138,2,1,1,1,1.00,0.00,1.1,0.9,1.1,0.9
302,138,2,1,1,1,1.00,0.00,1.1,0.9,1.1,0.9
303,138,1,1,1,1,1.00,0.00,1.1,0.9,1.1,0.9
304,138,1,1,1,1,1.00,0.00,1.1,0.9,1.1,0.9
305,138,1,1,1,1,1.00,0.00,1.1,0.9,1.1,0.9
306,138,1,1,1,1,1.00,0.00,1.1,0.9,1.1,0.9
307,138,2,1,1,1,1.00,0.00,1.1,0.9,1.1,0.9
308,138,1,1,1,1,1.00,0.00,1.1,0.9,1.1,0.9
309,138,1,1,1,1,1.00,0.00,1.1,0.9,1.1,0.9
310,138,1,1,1,1,1.00,0.00,1.1,0.9,1.1,0.9
311,230,1,1,1,1,1.00,0.00,1.1,0.9,1.1,0.9
312,230,1,1,1,1,1.00,0.00,1.1,0.9,1.1,0.9
313,230,2,1,1,1,1.00,0.00,1.1,0.9,1.1,0.9
314,230,2,1,1,1,1.00,0.00,1.1,0.9,1.1,0.9
315,230,2,1,1,1,1.00,0.00,1.1,0.9,1.1,0.9
316,230,2,1,1,1,1.00,0.00,1.1,0.9,1.1,0.9
317,230,1,1,1,1,1.00,0.00,1.1,0.9,1.1,0.9
318,230,2,1,1,1,1.00,0.00,1.1,0.9,1.1,0.9
319,230,1,1,1,1,1.00,0.00,1.1,0.9,1.1,0.9
320,230,1,1,1,1,1.00,0.00,1.1,0.9,1.1,0.9
321,230,2,1,1,1,1.00,0.00,1.1,0.9,1.1,0.9
322,230,2,1,1,1,1.00,0.00,1.1,0.9,1.1,0.9
323,230,2,1,1,1,1.00,0.00,1.1,0.9,1.1,0.9
324,230,1,1,1,1,1.00,0.00,1.1,0.9,1.1,0.9
325,230,1,1,1,1,1.00,0.00,1.1,0.9,1.1,0.9
]; 
all_busName96 = [   ' 101 ';  ' 102 ';  ' 103 ';  ' 104 ';  ' 105 ';  ' 106 ';  ' 107 ';  ' 108 ';  ' 109 ';  ' 110 ';  ' 111 ';  ' 112 ';  ' 113 ';  ' 114 ';  ' 115 ';  ' 116 ';  ' 117 ';  ' 118 ';  ' 119 ';  ' 120 ';  ' 121 ';  ' 122 ';  ' 123 ';  ' 124 ';  ' 201 ';  ' 202 ';  ' 203 ';  ' 204 ';  ' 205 ';  ' 206 ';  ' 207 ';  ' 208 ';  ' 209 ';  ' 210 ';  ' 211 ';  ' 212 ';  ' 213 ';  ' 214 ';  ' 215 ';  ' 216 ';  ' 217 ';  ' 218 ';  ' 219 ';  ' 220 ';  ' 221 ';  ' 222 ';  ' 223 ';  ' 224 ';  ' 301 ';  ' 302 ';  ' 303 ';  ' 304 ';  ' 305 ';  ' 306 ';  ' 307 ';  ' 308 ';  ' 309 ';  ' 310 ';  ' 311 ';  ' 312 ';  ' 313 ';  ' 314 ';  ' 315 ';  ' 316 ';  ' 317 ';  ' 318 ';  ' 319 ';  ' 320 ';  ' 321 ';  ' 322 ';  ' 323 ';  ' 324 ';  ' 325 '; ];
%% RTS 96 System Load Data %% 
all_loaddata96 = [ 
101,1,11,11,81.05677044918033,16.48001691979682,0.0,0.0,0.0,0.0,1,1,0
102,1,11,12,67.044720517251,17.774400405284016,0.0,0.0,0.0,0.0,1,1,0
103,1,11,11,155.27359418639728,19.84490870605912,0.0,0.0,0.0,0.0,1,1,0
104,1,11,11,42.311584007693455,13.349860510533441,0.0,0.0,0.0,0.0,1,1,0
105,1,11,11,49.34585776533396,11.3475349059904,0.0,0.0,0.0,0.0,1,1,0
106,1,11,12,82.09867520827689,16.47452221291009,0.0,0.0,0.0,0.0,1,1,0
107,1,11,12,62.98393119005486,16.877279025317403,0.0,0.0,0.0,0.0,1,1,0
108,1,11,12,101.17232136809291,27.71783284712909,0.0,0.0,0.0,0.0,1,1,0
109,1,11,13,94.95538453272194,18.935773134485075,0.0,0.0,0.0,0.0,1,1,0
110,1,11,13,159.73049766331118,21.28219298126176,0.0,0.0,0.0,0.0,1,1,0
111,1,11,13,0.0,0.0,0.0,0.0,0.0,0.0,1,1,0
112,1,11,13,0.0,0.0,0.0,0.0,0.0,0.0,1,1,0
113,1,12,14,169.83165382905676,38.8328387709679,0.0,0.0,0.0,0.0,1,1,0
114,1,12,16,171.25251154185844,30.0406827359566,0.0,0.0,0.0,0.0,1,1,0
115,1,12,16,185.94290803233235,49.76254562294483,0.0,0.0,0.0,0.0,1,1,0
116,1,12,16,79.0306286072312,16.105039327693174,0.0,0.0,0.0,0.0,1,1,0
117,1,12,17,0.0,0.0,0.0,0.0,0.0,0.0,1,1,0
118,1,12,17,266.01741378439067,35.88080067872498,0.0,0.0,0.0,0.0,1,1,0
119,1,12,15,115.46481342231604,30.6222434075349,0.0,0.0,0.0,0.0,1,1,0
120,1,12,15,107.87671860412358,13.35770173112545,0.0,0.0,0.0,0.0,1,1,0
121,1,12,17,0.0,0.0,0.0,0.0,0.0,0.0,1,1,0
122,1,12,17,0.0,0.0,0.0,0.0,0.0,0.0,1,1,0
123,1,12,15,0.0,0.0,0.0,0.0,0.0,0.0,1,1,0
124,1,12,16,0.0,0.0,0.0,0.0,0.0,0.0,1,1,0
201,1,21,21,95.8487298184214,15.351004229961243,0.0,0.0,0.0,0.0,1,1,0
202,1,21,22,60.49996170547935,11.951455240574665,0.0,0.0,0.0,0.0,1,1,0
203,1,21,21,99.15310133264958,28.960188713782465,0.0,0.0,0.0,0.0,1,1,0
204,1,21,21,47.44780346314357,9.09139121858636,0.0,0.0,0.0,0.0,1,1,0
205,1,21,21,47.36574842817765,7.274667146549652,0.0,0.0,0.0,0.0,1,1,0
206,1,21,22,106.99624783095271,19.64437817483749,0.0,0.0,0.0,0.0,1,1,0
207,1,21,22,104.10211318593358,14.274417525854659,0.0,0.0,0.0,0.0,1,1,0
208,1,21,22,119.15761339890152,22.20629997509136,0.0,0.0,0.0,0.0,1,1,0
209,1,21,23,96.07643247989822,32.42622029907424,0.0,0.0,0.0,0.0,1,1,0
210,1,21,23,160.04934061801455,31.02612272226624,0.0,0.0,0.0,0.0,1,1,0
211,1,21,23,0.0,0.0,0.0,0.0,0.0,0.0,1,1,0
212,1,21,23,0.0,0.0,0.0,0.0,0.0,0.0,1,1,0
213,1,22,24,203.66732407257194,47.12789446963677,0.0,0.0,0.0,0.0,1,1,0
214,1,22,26,118.17965878870525,22.13721135686785,0.0,0.0,0.0,0.0,1,1,0
215,1,22,26,285.579622796184,55.656034454181786,0.0,0.0,0.0,0.0,1,1,0
216,1,22,26,54.752203112016424,14.627858436458745,0.0,0.0,0.0,0.0,1,1,0
217,1,22,27,0.0,0.0,0.0,0.0,0.0,0.0,1,1,0
218,1,22,27,284.80505219042976,44.530624912397194,0.0,0.0,0.0,0.0,1,1,0
219,1,22,25,109.11700828898466,20.160416443544346,0.0,0.0,0.0,0.0,1,1,0
220,1,22,25,85.67968296466469,19.895185796016175,0.0,0.0,0.0,0.0,1,1,0
221,1,22,27,0.0,0.0,0.0,0.0,0.0,0.0,1,1,0
222,1,22,27,0.0,0.0,0.0,0.0,0.0,0.0,1,1,0
223,1,22,25,0.0,0.0,0.0,0.0,0.0,0.0,1,1,0
224,1,22,26,0.0,0.0,0.0,0.0,0.0,0.0,1,1,0
301,1,31,31,78.36918769036308,15.106197851507272,0.0,0.0,0.0,0.0,1,1,0
302,1,31,32,71.9252441719865,17.822506715314464,0.0,0.0,0.0,0.0,1,1,0
303,1,31,31,113.82148458333872,25.002524506132538,0.0,0.0,0.0,0.0,1,1,0
304,1,31,31,65.10050805793935,12.064114939542486,0.0,0.0,0.0,0.0,1,1,0
305,1,31,31,57.88779725461341,12.365078076802845,0.0,0.0,0.0,0.0,1,1,0
306,1,31,32,77.20939154981264,20.481992838210427,0.0,0.0,0.0,0.0,1,1,0
307,1,31,32,62.077137952210606,21.571902539979202,0.0,0.0,0.0,0.0,1,1,0
308,1,31,32,83.35347217092225,23.97188435486681,0.0,0.0,0.0,0.0,1,1,0
309,1,31,33,94.22506865288364,18.223132331901603,0.0,0.0,0.0,0.0,1,1,0
310,1,31,33,158.96133705234993,26.403210330829022,0.0,0.0,0.0,0.0,1,1,0
311,1,31,33,0.0,0.0,0.0,0.0,0.0,0.0,1,1,0
312,1,31,33,0.0,0.0,0.0,0.0,0.0,0.0,1,1,0
313,1,32,34,164.74915742773655,38.13260154508688,0.0,0.0,0.0,0.0,1,1,0
314,1,32,36,145.6647499141968,26.393858108315758,0.0,0.0,0.0,0.0,1,1,0
315,1,32,36,269.2464922884741,48.440373957136266,0.0,0.0,0.0,0.0,1,1,0
