% From Raw File 
%% RTS 96 System Bus Data %% 
all_busdata96 = [ 
101,138,2,1,1,1,1.00,0.00,1.1,0.9,1.1,0.9
102,138,2,1,1,1,1.00,0.00,1.1,0.9,1.1,0.9
103,138,1,1,1,1,1.00,0.00,1.1,0.9,1.1,0.9
104,138,1,1,1,1,1.00,0.00,1.1,0.9,1.1,0.9
105,138,1,1,1,1,1.00,0.00,1.1,0.9,1.1,0.9
106,138,1,1,1,1,1.00,0.00,1.1,0.9,1.1,0.9
107,138,2,1,1,1,1.00,0.00,1.1,0.9,1.1,0.9
108,138,1,1,1,1,1.00,0.00,1.1,0.9,1.1,0.9
109,138,1,1,1,1,1.00,0.00,1.1,0.9,1.1,0.9
110,138,1,1,1,1,1.00,0.00,1.1,0.9,1.1,0.9
111,230,1,1,1,1,1.00,0.00,1.1,0.9,1.1,0.9
112,230,1,1,1,1,1.00,0.00,1.1,0.9,1.1,0.9
113,230,3,1,1,1,1.00,0.00,1.1,0.9,1.1,0.9
114,230,2,1,1,1,1.00,0.00,1.1,0.9,1.1,0.9
115,230,2,1,1,1,1.00,0.00,1.1,0.9,1.1,0.9
116,230,2,1,1,1,1.00,0.00,1.1,0.9,1.1,0.9
117,230,1,1,1,1,1.00,0.00,1.1,0.9,1.1,0.9
118,230,2,1,1,1,1.00,0.00,1.1,0.9,1.1,0.9
119,230,1,1,1,1,1.00,0.00,1.1,0.9,1.1,0.9
120,230,1,1,1,1,1.00,0.00,1.1,0.9,1.1,0.9
121,230,2,1,1,1,1.00,0.00,1.1,0.9,1.1,0.9
122,230,2,1,1,1,1.00,0.00,1.1,0.9,1.1,0.9
123,230,2,1,1,1,1.00,0.00,1.1,0.9,1.1,0.9
124,230,1,1,1,1,1.00,0.00,1.1,0.9,1.1,0.9
201,138,2,1,1,1,1.00,0.00,1.1,0.9,1.1,0.9
202,138,2,1,1,1,1.00,0.00,1.1,0.9,1.1,0.9
203,138,1,1,1,1,1.00,0.00,1.1,0.9,1.1,0.9
204,138,1,1,1,1,1.00,0.00,1.1,0.9,1.1,0.9
205,138,1,1,1,1,1.00,0.00,1.1,0.9,1.1,0.9
206,138,1,1,1,1,1.00,0.00,1.1,0.9,1.1,0.9
207,138,2,1,1,1,1.00,0.00,1.1,0.9,1.1,0.9
208,138,1,1,1,1,1.00,0.00,1.1,0.9,1.1,0.9
209,138,1,1,1,1,1.00,0.00,1.1,0.9,1.1,0.9
210,138,1,1,1,1,1.00,0.00,1.1,0.9,1.1,0.9
211,230,1,1,1,1,1.00,0.00,1.1,0.9,1.1,0.9
212,230,1,1,1,1,1.00,0.00,1.1,0.9,1.1,0.9
213,230,2,1,1,1,1.00,0.00,1.1,0.9,1.1,0.9
214,230,2,1,1,1,1.00,0.00,1.1,0.9,1.1,0.9
215,230,2,1,1,1,1.00,0.00,1.1,0.9,1.1,0.9
216,230,2,1,1,1,1.00,0.00,1.1,0.9,1.1,0.9
217,230,1,1,1,1,1.00,0.00,1.1,0.9,1.1,0.9
218,230,2,1,1,1,1.00,0.00,1.1,0.9,1.1,0.9
219,230,1,1,1,1,1.00,0.00,1.1,0.9,1.1,0.9
220,230,1,1,1,1,1.00,0.00,1.1,0.9,1.1,0.9
221,230,2,1,1,1,1.00,0.00,1.1,0.9,1.1,0.9
222,230,2,1,1,1,1.00,0.00,1.1,0.9,1.1,0.9
223,230,2,1,1,1,1.00,0.00,1.1,0.9,1.1,0.9
224,230,1,1,1,1,1.00,0.00,1.1,0.9,1.1,0.9
301,138,2,1,1,1,1.00,0.00,1.1,0.9,1.1,0.9
302,138,2,1,1,1,1.00,0.00,1.1,0.9,1.1,0.9
303,138,1,1,1,1,1.00,0.00,1.1,0.9,1.1,0.9
304,138,1,1,1,1,1.00,0.00,1.1,0.9,1.1,0.9
305,138,1,1,1,1,1.00,0.00,1.1,0.9,1.1,0.9
306,138,1,1,1,1,1.00,0.00,1.1,0.9,1.1,0.9
307,138,2,1,1,1,1.00,0.00,1.1,0.9,1.1,0.9
308,138,1,1,1,1,1.00,0.00,1.1,0.9,1.1,0.9
309,138,1,1,1,1,1.00,0.00,1.1,0.9,1.1,0.9
310,138,1,1,1,1,1.00,0.00,1.1,0.9,1.1,0.9
311,230,1,1,1,1,1.00,0.00,1.1,0.9,1.1,0.9
312,230,1,1,1,1,1.00,0.00,1.1,0.9,1.1,0.9
313,230,2,1,1,1,1.00,0.00,1.1,0.9,1.1,0.9
314,230,2,1,1,1,1.00,0.00,1.1,0.9,1.1,0.9
315,230,2,1,1,1,1.00,0.00,1.1,0.9,1.1,0.9
316,230,2,1,1,1,1.00,0.00,1.1,0.9,1.1,0.9
317,230,1,1,1,1,1.00,0.00,1.1,0.9,1.1,0.9
318,230,2,1,1,1,1.00,0.00,1.1,0.9,1.1,0.9
319,230,1,1,1,1,1.00,0.00,1.1,0.9,1.1,0.9
320,230,1,1,1,1,1.00,0.00,1.1,0.9,1.1,0.9
321,230,2,1,1,1,1.00,0.00,1.1,0.9,1.1,0.9
322,230,2,1,1,1,1.00,0.00,1.1,0.9,1.1,0.9
323,230,2,1,1,1,1.00,0.00,1.1,0.9,1.1,0.9
324,230,1,1,1,1,1.00,0.00,1.1,0.9,1.1,0.9
325,230,1,1,1,1,1.00,0.00,1.1,0.9,1.1,0.9
]; 
all_busName96 = [   ' 101 ';  ' 102 ';  ' 103 ';  ' 104 ';  ' 105 ';  ' 106 ';  ' 107 ';  ' 108 ';  ' 109 ';  ' 110 ';  ' 111 ';  ' 112 ';  ' 113 ';  ' 114 ';  ' 115 ';  ' 116 ';  ' 117 ';  ' 118 ';  ' 119 ';  ' 120 ';  ' 121 ';  ' 122 ';  ' 123 ';  ' 124 ';  ' 201 ';  ' 202 ';  ' 203 ';  ' 204 ';  ' 205 ';  ' 206 ';  ' 207 ';  ' 208 ';  ' 209 ';  ' 210 ';  ' 211 ';  ' 212 ';  ' 213 ';  ' 214 ';  ' 215 ';  ' 216 ';  ' 217 ';  ' 218 ';  ' 219 ';  ' 220 ';  ' 221 ';  ' 222 ';  ' 223 ';  ' 224 ';  ' 301 ';  ' 302 ';  ' 303 ';  ' 304 ';  ' 305 ';  ' 306 ';  ' 307 ';  ' 308 ';  ' 309 ';  ' 310 ';  ' 311 ';  ' 312 ';  ' 313 ';  ' 314 ';  ' 315 ';  ' 316 ';  ' 317 ';  ' 318 ';  ' 319 ';  ' 320 ';  ' 321 ';  ' 322 ';  ' 323 ';  ' 324 ';  ' 325 '; ];
%% RTS 96 System Load Data %% 
all_loaddata96 = [ 
101,1,11,11,54.770429887980775,19.38852319334401,0.0,0.0,0.0,0.0,1,1,0
102,1,11,12,79.32214751750054,10.015325345920397,0.0,0.0,0.0,0.0,1,1,0
103,1,11,11,131.02600246798897,23.139732011073455,0.0,0.0,0.0,0.0,1,1,0
104,1,11,11,49.97810560489213,8.218425050480988,0.0,0.0,0.0,0.0,1,1,0
105,1,11,11,44.59493065761728,7.750639121908788,0.0,0.0,0.0,0.0,1,1,0
106,1,11,12,98.51060807380938,17.127750462649765,0.0,0.0,0.0,0.0,1,1,0
107,1,11,12,72.39173233928159,15.01848696671077,0.0,0.0,0.0,0.0,1,1,0
108,1,11,12,113.96616459157491,29.680230488664005,0.0,0.0,0.0,0.0,1,1,0
109,1,11,13,98.72897021596204,22.522464101842605,0.0,0.0,0.0,0.0,1,1,0
110,1,11,13,166.3963683975006,26.32395852618478,0.0,0.0,0.0,0.0,1,1,0
111,1,11,13,0.0,0.0,0.0,0.0,0.0,0.0,1,1,0
112,1,11,13,0.0,0.0,0.0,0.0,0.0,0.0,1,1,0
113,1,12,14,186.47134842057505,29.929663563709983,0.0,0.0,0.0,0.0,1,1,0
114,1,12,16,115.92136629979089,25.899156601235877,0.0,0.0,0.0,0.0,1,1,0
115,1,12,16,181.39239420282965,47.39865304816067,0.0,0.0,0.0,0.0,1,1,0
116,1,12,16,82.81514926994686,12.289508792867883,0.0,0.0,0.0,0.0,1,1,0
117,1,12,17,0.0,0.0,0.0,0.0,0.0,0.0,1,1,0
118,1,12,17,163.1579638662129,33.71350990302209,0.0,0.0,0.0,0.0,1,1,0
119,1,12,15,128.96863782621142,17.950767605688235,0.0,0.0,0.0,0.0,1,1,0
120,1,12,15,108.48035693993569,23.307226009411085,0.0,0.0,0.0,0.0,1,1,0
121,1,12,17,0.0,0.0,0.0,0.0,0.0,0.0,1,1,0
122,1,12,17,0.0,0.0,0.0,0.0,0.0,0.0,1,1,0
123,1,12,15,0.0,0.0,0.0,0.0,0.0,0.0,1,1,0
124,1,12,16,0.0,0.0,0.0,0.0,0.0,0.0,1,1,0
201,1,21,21,53.84742072910163,16.058951067874766,0.0,0.0,0.0,0.0,1,1,0
202,1,21,22,83.04343035306206,15.849924229354599,0.0,0.0,0.0,0.0,1,1,0
203,1,21,21,139.34807175366674,21.111765549835187,0.0,0.0,0.0,0.0,1,1,0
204,1,21,21,35.90578188046161,9.671338460256345,0.0,0.0,0.0,0.0,1,1,0
205,1,21,21,35.885904357634345,9.556594586013537,0.0,0.0,0.0,0.0,1,1,0
206,1,21,22,89.3878451596208,21.84448782335892,0.0,0.0,0.0,0.0,1,1,0
207,1,21,22,76.47097460076911,17.107320558627833,0.0,0.0,0.0,0.0,1,1,0
208,1,21,22,107.80608570678514,31.369250057914996,0.0,0.0,0.0,0.0,1,1,0
209,1,21,23,115.01471075236566,27.421839879560846,0.0,0.0,0.0,0.0,1,1,0
210,1,21,23,138.177826859761,19.79121455020085,0.0,0.0,0.0,0.0,1,1,0
211,1,21,23,0.0,0.0,0.0,0.0,0.0,0.0,1,1,0
212,1,21,23,0.0,0.0,0.0,0.0,0.0,0.0,1,1,0
213,1,22,24,167.36756043602273,32.7364446244807,0.0,0.0,0.0,0.0,1,1,0
214,1,22,26,138.4094325674563,20.739359602599357,0.0,0.0,0.0,0.0,1,1,0
215,1,22,26,252.1930662128609,50.751594821235535,0.0,0.0,0.0,0.0,1,1,0
216,1,22,26,61.1308283675462,12.047422009147704,0.0,0.0,0.0,0.0,1,1,0
217,1,22,27,0.0,0.0,0.0,0.0,0.0,0.0,1,1,0
218,1,22,27,166.10081321241833,58.70279065121637,0.0,0.0,0.0,0.0,1,1,0
219,1,22,25,102.15026153215449,24.670163196079617,0.0,0.0,0.0,0.0,1,1,0
220,1,22,25,100.95491495743988,13.211067232604139,0.0,0.0,0.0,0.0,1,1,0
221,1,22,27,0.0,0.0,0.0,0.0,0.0,0.0,1,1,0
222,1,22,27,0.0,0.0,0.0,0.0,0.0,0.0,1,1,0
223,1,22,25,0.0,0.0,0.0,0.0,0.0,0.0,1,1,0
224,1,22,26,0.0,0.0,0.0,0.0,0.0,0.0,1,1,0
301,1,31,31,73.25032962416019,14.932844493650737,0.0,0.0,0.0,0.0,1,1,0
302,1,31,32,81.16515724764352,17.506111924943514,0.0,0.0,0.0,0.0,1,1,0
303,1,31,31,97.52131187675613,29.50555201300587,0.0,0.0,0.0,0.0,1,1,0
304,1,31,31,54.002978635348285,7.820281118415528,0.0,0.0,0.0,0.0,1,1,0
305,1,31,31,41.87919030377884,11.740631352015866,0.0,0.0,0.0,0.0,1,1,0
306,1,31,32,107.56683142405785,23.18103237084914,0.0,0.0,0.0,0.0,1,1,0
307,1,31,32,87.86929119239794,21.169055086547743,0.0,0.0,0.0,0.0,1,1,0
308,1,31,32,119.05160417830282,27.925980213902424,0.0,0.0,0.0,0.0,1,1,0
309,1,31,33,152.15691752894318,20.949710174620893,0.0,0.0,0.0,0.0,1,1,0
310,1,31,33,100.66560292007051,34.7106670017913,0.0,0.0,0.0,0.0,1,1,0
311,1,31,33,0.0,0.0,0.0,0.0,0.0,0.0,1,1,0
312,1,31,33,0.0,0.0,0.0,0.0,0.0,0.0,1,1,0
313,1,32,34,200.84257882733107,32.02315019093742,0.0,0.0,0.0,0.0,1,1,0
314,1,32,36,138.70925222361424,24.282854070004543,0.0,0.0,0.0,0.0,1,1,0
315,1,32,36,173.79403776264976,42.14362057116329,0.0,0.0,0.0,0.0,1,1,0
