% From Raw File 
%% RTS 96 System Bus Data %% 
all_busdata96 = [ 
101,138,2,1,1,1,1.00,0.00,1.1,0.9,1.1,0.9
102,138,2,1,1,1,1.00,0.00,1.1,0.9,1.1,0.9
103,138,1,1,1,1,1.00,0.00,1.1,0.9,1.1,0.9
104,138,1,1,1,1,1.00,0.00,1.1,0.9,1.1,0.9
105,138,1,1,1,1,1.00,0.00,1.1,0.9,1.1,0.9
106,138,1,1,1,1,1.00,0.00,1.1,0.9,1.1,0.9
107,138,2,1,1,1,1.00,0.00,1.1,0.9,1.1,0.9
108,138,1,1,1,1,1.00,0.00,1.1,0.9,1.1,0.9
109,138,1,1,1,1,1.00,0.00,1.1,0.9,1.1,0.9
110,138,1,1,1,1,1.00,0.00,1.1,0.9,1.1,0.9
111,230,1,1,1,1,1.00,0.00,1.1,0.9,1.1,0.9
112,230,1,1,1,1,1.00,0.00,1.1,0.9,1.1,0.9
113,230,3,1,1,1,1.00,0.00,1.1,0.9,1.1,0.9
114,230,2,1,1,1,1.00,0.00,1.1,0.9,1.1,0.9
115,230,2,1,1,1,1.00,0.00,1.1,0.9,1.1,0.9
116,230,2,1,1,1,1.00,0.00,1.1,0.9,1.1,0.9
117,230,1,1,1,1,1.00,0.00,1.1,0.9,1.1,0.9
118,230,2,1,1,1,1.00,0.00,1.1,0.9,1.1,0.9
119,230,1,1,1,1,1.00,0.00,1.1,0.9,1.1,0.9
120,230,1,1,1,1,1.00,0.00,1.1,0.9,1.1,0.9
121,230,2,1,1,1,1.00,0.00,1.1,0.9,1.1,0.9
122,230,2,1,1,1,1.00,0.00,1.1,0.9,1.1,0.9
123,230,2,1,1,1,1.00,0.00,1.1,0.9,1.1,0.9
124,230,1,1,1,1,1.00,0.00,1.1,0.9,1.1,0.9
201,138,2,1,1,1,1.00,0.00,1.1,0.9,1.1,0.9
202,138,2,1,1,1,1.00,0.00,1.1,0.9,1.1,0.9
203,138,1,1,1,1,1.00,0.00,1.1,0.9,1.1,0.9
204,138,1,1,1,1,1.00,0.00,1.1,0.9,1.1,0.9
205,138,1,1,1,1,1.00,0.00,1.1,0.9,1.1,0.9
206,138,1,1,1,1,1.00,0.00,1.1,0.9,1.1,0.9
207,138,2,1,1,1,1.00,0.00,1.1,0.9,1.1,0.9
208,138,1,1,1,1,1.00,0.00,1.1,0.9,1.1,0.9
209,138,1,1,1,1,1.00,0.00,1.1,0.9,1.1,0.9
210,138,1,1,1,1,1.00,0.00,1.1,0.9,1.1,0.9
211,230,1,1,1,1,1.00,0.00,1.1,0.9,1.1,0.9
212,230,1,1,1,1,1.00,0.00,1.1,0.9,1.1,0.9
213,230,2,1,1,1,1.00,0.00,1.1,0.9,1.1,0.9
214,230,2,1,1,1,1.00,0.00,1.1,0.9,1.1,0.9
215,230,2,1,1,1,1.00,0.00,1.1,0.9,1.1,0.9
216,230,2,1,1,1,1.00,0.00,1.1,0.9,1.1,0.9
217,230,1,1,1,1,1.00,0.00,1.1,0.9,1.1,0.9
218,230,2,1,1,1,1.00,0.00,1.1,0.9,1.1,0.9
219,230,1,1,1,1,1.00,0.00,1.1,0.9,1.1,0.9
220,230,1,1,1,1,1.00,0.00,1.1,0.9,1.1,0.9
221,230,2,1,1,1,1.00,0.00,1.1,0.9,1.1,0.9
222,230,2,1,1,1,1.00,0.00,1.1,0.9,1.1,0.9
223,230,2,1,1,1,1.00,0.00,1.1,0.9,1.1,0.9
224,230,1,1,1,1,1.00,0.00,1.1,0.9,1.1,0.9
301,138,2,1,1,1,1.00,0.00,1.1,0.9,1.1,0.9
302,138,2,1,1,1,1.00,0.00,1.1,0.9,1.1,0.9
303,138,1,1,1,1,1.00,0.00,1.1,0.9,1.1,0.9
304,138,1,1,1,1,1.00,0.00,1.1,0.9,1.1,0.9
305,138,1,1,1,1,1.00,0.00,1.1,0.9,1.1,0.9
306,138,1,1,1,1,1.00,0.00,1.1,0.9,1.1,0.9
307,138,2,1,1,1,1.00,0.00,1.1,0.9,1.1,0.9
308,138,1,1,1,1,1.00,0.00,1.1,0.9,1.1,0.9
309,138,1,1,1,1,1.00,0.00,1.1,0.9,1.1,0.9
310,138,1,1,1,1,1.00,0.00,1.1,0.9,1.1,0.9
311,230,1,1,1,1,1.00,0.00,1.1,0.9,1.1,0.9
312,230,1,1,1,1,1.00,0.00,1.1,0.9,1.1,0.9
313,230,2,1,1,1,1.00,0.00,1.1,0.9,1.1,0.9
314,230,2,1,1,1,1.00,0.00,1.1,0.9,1.1,0.9
315,230,2,1,1,1,1.00,0.00,1.1,0.9,1.1,0.9
316,230,2,1,1,1,1.00,0.00,1.1,0.9,1.1,0.9
317,230,1,1,1,1,1.00,0.00,1.1,0.9,1.1,0.9
318,230,2,1,1,1,1.00,0.00,1.1,0.9,1.1,0.9
319,230,1,1,1,1,1.00,0.00,1.1,0.9,1.1,0.9
320,230,1,1,1,1,1.00,0.00,1.1,0.9,1.1,0.9
321,230,2,1,1,1,1.00,0.00,1.1,0.9,1.1,0.9
322,230,2,1,1,1,1.00,0.00,1.1,0.9,1.1,0.9
323,230,2,1,1,1,1.00,0.00,1.1,0.9,1.1,0.9
324,230,1,1,1,1,1.00,0.00,1.1,0.9,1.1,0.9
325,230,1,1,1,1,1.00,0.00,1.1,0.9,1.1,0.9
]; 
all_busName96 = [   ' 101 ';  ' 102 ';  ' 103 ';  ' 104 ';  ' 105 ';  ' 106 ';  ' 107 ';  ' 108 ';  ' 109 ';  ' 110 ';  ' 111 ';  ' 112 ';  ' 113 ';  ' 114 ';  ' 115 ';  ' 116 ';  ' 117 ';  ' 118 ';  ' 119 ';  ' 120 ';  ' 121 ';  ' 122 ';  ' 123 ';  ' 124 ';  ' 201 ';  ' 202 ';  ' 203 ';  ' 204 ';  ' 205 ';  ' 206 ';  ' 207 ';  ' 208 ';  ' 209 ';  ' 210 ';  ' 211 ';  ' 212 ';  ' 213 ';  ' 214 ';  ' 215 ';  ' 216 ';  ' 217 ';  ' 218 ';  ' 219 ';  ' 220 ';  ' 221 ';  ' 222 ';  ' 223 ';  ' 224 ';  ' 301 ';  ' 302 ';  ' 303 ';  ' 304 ';  ' 305 ';  ' 306 ';  ' 307 ';  ' 308 ';  ' 309 ';  ' 310 ';  ' 311 ';  ' 312 ';  ' 313 ';  ' 314 ';  ' 315 ';  ' 316 ';  ' 317 ';  ' 318 ';  ' 319 ';  ' 320 ';  ' 321 ';  ' 322 ';  ' 323 ';  ' 324 ';  ' 325 '; ];
%% RTS 96 System Load Data %% 
all_loaddata96 = [ 
101,1,11,11,94.24814649140853,19.328970696741067,0.0,0.0,0.0,0.0,1,1,0
102,1,11,12,52.46277981703766,11.818844245294109,0.0,0.0,0.0,0.0,1,1,0
103,1,11,11,115.70895786723587,23.998601218475912,0.0,0.0,0.0,0.0,1,1,0
104,1,11,11,56.983926157792936,12.06049047725019,0.0,0.0,0.0,0.0,1,1,0
105,1,11,11,59.44893001589967,9.142432677777204,0.0,0.0,0.0,0.0,1,1,0
106,1,11,12,111.57779685686566,18.959905004056917,0.0,0.0,0.0,0.0,1,1,0
107,1,11,12,98.36126637513517,13.428010522626572,0.0,0.0,0.0,0.0,1,1,0
108,1,11,12,95.56245981563525,18.163964251118244,0.0,0.0,0.0,0.0,1,1,0
109,1,11,13,154.98189771797857,29.290523084793982,0.0,0.0,0.0,0.0,1,1,0
110,1,11,13,134.72707755226898,26.981393487632275,0.0,0.0,0.0,0.0,1,1,0
111,1,11,13,0.0,0.0,0.0,0.0,0.0,0.0,1,1,0
112,1,11,13,0.0,0.0,0.0,0.0,0.0,0.0,1,1,0
113,1,12,14,163.7242097751957,31.140255497969594,0.0,0.0,0.0,0.0,1,1,0
114,1,12,16,137.14268678368938,34.646113672779926,0.0,0.0,0.0,0.0,1,1,0
115,1,12,16,232.87903402106042,44.24444327822327,0.0,0.0,0.0,0.0,1,1,0
116,1,12,16,65.15077818667051,14.616709559896028,0.0,0.0,0.0,0.0,1,1,0
117,1,12,17,0.0,0.0,0.0,0.0,0.0,0.0,1,1,0
118,1,12,17,205.53758180709247,38.46002967676241,0.0,0.0,0.0,0.0,1,1,0
119,1,12,15,126.75109067100207,28.64048286130777,0.0,0.0,0.0,0.0,1,1,0
120,1,12,15,108.23388261204957,14.471643275359087,0.0,0.0,0.0,0.0,1,1,0
121,1,12,17,0.0,0.0,0.0,0.0,0.0,0.0,1,1,0
122,1,12,17,0.0,0.0,0.0,0.0,0.0,0.0,1,1,0
123,1,12,15,0.0,0.0,0.0,0.0,0.0,0.0,1,1,0
124,1,12,16,0.0,0.0,0.0,0.0,0.0,0.0,1,1,0
201,1,21,21,74.3828467073394,13.766199558112957,0.0,0.0,0.0,0.0,1,1,0
202,1,21,22,55.80370874543628,14.410935450442135,0.0,0.0,0.0,0.0,1,1,0
203,1,21,21,154.82318801634293,33.25096235857936,0.0,0.0,0.0,0.0,1,1,0
204,1,21,21,63.88536994794365,12.40888999696914,0.0,0.0,0.0,0.0,1,1,0
205,1,21,21,48.08263691829779,7.51889540428603,0.0,0.0,0.0,0.0,1,1,0
206,1,21,22,110.25026169461086,22.310285212384724,0.0,0.0,0.0,0.0,1,1,0
207,1,21,22,107.63253896621755,17.514165540793908,0.0,0.0,0.0,0.0,1,1,0
208,1,21,22,106.25389164651953,27.412583943313685,0.0,0.0,0.0,0.0,1,1,0
209,1,21,23,132.0218604445446,26.633828207730126,0.0,0.0,0.0,0.0,1,1,0
210,1,21,23,144.330380729181,22.603085395278406,0.0,0.0,0.0,0.0,1,1,0
211,1,21,23,0.0,0.0,0.0,0.0,0.0,0.0,1,1,0
212,1,21,23,0.0,0.0,0.0,0.0,0.0,0.0,1,1,0
213,1,22,24,172.4935939381749,34.34026915179184,0.0,0.0,0.0,0.0,1,1,0
214,1,22,26,113.37630646568135,22.22448022469832,0.0,0.0,0.0,0.0,1,1,0
215,1,22,26,195.81772248117818,35.28136228301525,0.0,0.0,0.0,0.0,1,1,0
216,1,22,26,70.16267674216535,15.773786915310657,0.0,0.0,0.0,0.0,1,1,0
217,1,22,27,0.0,0.0,0.0,0.0,0.0,0.0,1,1,0
218,1,22,27,185.51399368389215,53.44297936382387,0.0,0.0,0.0,0.0,1,1,0
219,1,22,25,119.647922493643,26.0680046870287,0.0,0.0,0.0,0.0,1,1,0
220,1,22,25,81.95066026208997,23.28090697807465,0.0,0.0,0.0,0.0,1,1,0
221,1,22,27,0.0,0.0,0.0,0.0,0.0,0.0,1,1,0
222,1,22,27,0.0,0.0,0.0,0.0,0.0,0.0,1,1,0
223,1,22,25,0.0,0.0,0.0,0.0,0.0,0.0,1,1,0
224,1,22,26,0.0,0.0,0.0,0.0,0.0,0.0,1,1,0
301,1,31,31,63.18196216886825,10.766134525225683,0.0,0.0,0.0,0.0,1,1,0
302,1,31,32,61.40870060444721,15.285237152662129,0.0,0.0,0.0,0.0,1,1,0
303,1,31,31,98.59519668230507,21.74341747568864,0.0,0.0,0.0,0.0,1,1,0
304,1,31,31,58.16601040896596,10.415892466698539,0.0,0.0,0.0,0.0,1,1,0
305,1,31,31,58.91930276029367,11.567649745424463,0.0,0.0,0.0,0.0,1,1,0
306,1,31,32,92.74437909177728,21.750908744299224,0.0,0.0,0.0,0.0,1,1,0
307,1,31,32,95.35677097209846,13.461303816789293,0.0,0.0,0.0,0.0,1,1,0
308,1,31,32,121.52530481298301,30.860813941535074,0.0,0.0,0.0,0.0,1,1,0
309,1,31,33,101.45913595624036,25.043325121651034,0.0,0.0,0.0,0.0,1,1,0
310,1,31,33,156.66914849621966,27.288777915364133,0.0,0.0,0.0,0.0,1,1,0
311,1,31,33,0.0,0.0,0.0,0.0,0.0,0.0,1,1,0
312,1,31,33,0.0,0.0,0.0,0.0,0.0,0.0,1,1,0
313,1,32,34,214.11000711046907,42.285241431022705,0.0,0.0,0.0,0.0,1,1,0
314,1,32,36,142.48912648082916,24.66706553058252,0.0,0.0,0.0,0.0,1,1,0
315,1,32,36,216.204529774809,39.209287438014144,0.0,0.0,0.0,0.0,1,1,0
