% From Raw File 
%% RTS 96 System Bus Data %% 
all_busdata96 = [ 
101,138,2,1,1,1,1.00,0.00,1.1,0.9,1.1,0.9
102,138,2,1,1,1,1.00,0.00,1.1,0.9,1.1,0.9
103,138,1,1,1,1,1.00,0.00,1.1,0.9,1.1,0.9
104,138,1,1,1,1,1.00,0.00,1.1,0.9,1.1,0.9
105,138,1,1,1,1,1.00,0.00,1.1,0.9,1.1,0.9
106,138,1,1,1,1,1.00,0.00,1.1,0.9,1.1,0.9
107,138,2,1,1,1,1.00,0.00,1.1,0.9,1.1,0.9
108,138,1,1,1,1,1.00,0.00,1.1,0.9,1.1,0.9
109,138,1,1,1,1,1.00,0.00,1.1,0.9,1.1,0.9
110,138,1,1,1,1,1.00,0.00,1.1,0.9,1.1,0.9
111,230,1,1,1,1,1.00,0.00,1.1,0.9,1.1,0.9
112,230,1,1,1,1,1.00,0.00,1.1,0.9,1.1,0.9
113,230,3,1,1,1,1.00,0.00,1.1,0.9,1.1,0.9
114,230,2,1,1,1,1.00,0.00,1.1,0.9,1.1,0.9
115,230,2,1,1,1,1.00,0.00,1.1,0.9,1.1,0.9
116,230,2,1,1,1,1.00,0.00,1.1,0.9,1.1,0.9
117,230,1,1,1,1,1.00,0.00,1.1,0.9,1.1,0.9
118,230,2,1,1,1,1.00,0.00,1.1,0.9,1.1,0.9
119,230,1,1,1,1,1.00,0.00,1.1,0.9,1.1,0.9
120,230,1,1,1,1,1.00,0.00,1.1,0.9,1.1,0.9
121,230,2,1,1,1,1.00,0.00,1.1,0.9,1.1,0.9
122,230,2,1,1,1,1.00,0.00,1.1,0.9,1.1,0.9
123,230,2,1,1,1,1.00,0.00,1.1,0.9,1.1,0.9
124,230,1,1,1,1,1.00,0.00,1.1,0.9,1.1,0.9
201,138,2,1,1,1,1.00,0.00,1.1,0.9,1.1,0.9
202,138,2,1,1,1,1.00,0.00,1.1,0.9,1.1,0.9
203,138,1,1,1,1,1.00,0.00,1.1,0.9,1.1,0.9
204,138,1,1,1,1,1.00,0.00,1.1,0.9,1.1,0.9
205,138,1,1,1,1,1.00,0.00,1.1,0.9,1.1,0.9
206,138,1,1,1,1,1.00,0.00,1.1,0.9,1.1,0.9
207,138,2,1,1,1,1.00,0.00,1.1,0.9,1.1,0.9
208,138,1,1,1,1,1.00,0.00,1.1,0.9,1.1,0.9
209,138,1,1,1,1,1.00,0.00,1.1,0.9,1.1,0.9
210,138,1,1,1,1,1.00,0.00,1.1,0.9,1.1,0.9
211,230,1,1,1,1,1.00,0.00,1.1,0.9,1.1,0.9
212,230,1,1,1,1,1.00,0.00,1.1,0.9,1.1,0.9
213,230,2,1,1,1,1.00,0.00,1.1,0.9,1.1,0.9
214,230,2,1,1,1,1.00,0.00,1.1,0.9,1.1,0.9
215,230,2,1,1,1,1.00,0.00,1.1,0.9,1.1,0.9
216,230,2,1,1,1,1.00,0.00,1.1,0.9,1.1,0.9
217,230,1,1,1,1,1.00,0.00,1.1,0.9,1.1,0.9
218,230,2,1,1,1,1.00,0.00,1.1,0.9,1.1,0.9
219,230,1,1,1,1,1.00,0.00,1.1,0.9,1.1,0.9
220,230,1,1,1,1,1.00,0.00,1.1,0.9,1.1,0.9
221,230,2,1,1,1,1.00,0.00,1.1,0.9,1.1,0.9
222,230,2,1,1,1,1.00,0.00,1.1,0.9,1.1,0.9
223,230,2,1,1,1,1.00,0.00,1.1,0.9,1.1,0.9
224,230,1,1,1,1,1.00,0.00,1.1,0.9,1.1,0.9
301,138,2,1,1,1,1.00,0.00,1.1,0.9,1.1,0.9
302,138,2,1,1,1,1.00,0.00,1.1,0.9,1.1,0.9
303,138,1,1,1,1,1.00,0.00,1.1,0.9,1.1,0.9
304,138,1,1,1,1,1.00,0.00,1.1,0.9,1.1,0.9
305,138,1,1,1,1,1.00,0.00,1.1,0.9,1.1,0.9
306,138,1,1,1,1,1.00,0.00,1.1,0.9,1.1,0.9
307,138,2,1,1,1,1.00,0.00,1.1,0.9,1.1,0.9
308,138,1,1,1,1,1.00,0.00,1.1,0.9,1.1,0.9
309,138,1,1,1,1,1.00,0.00,1.1,0.9,1.1,0.9
310,138,1,1,1,1,1.00,0.00,1.1,0.9,1.1,0.9
311,230,1,1,1,1,1.00,0.00,1.1,0.9,1.1,0.9
312,230,1,1,1,1,1.00,0.00,1.1,0.9,1.1,0.9
313,230,2,1,1,1,1.00,0.00,1.1,0.9,1.1,0.9
314,230,2,1,1,1,1.00,0.00,1.1,0.9,1.1,0.9
315,230,2,1,1,1,1.00,0.00,1.1,0.9,1.1,0.9
316,230,2,1,1,1,1.00,0.00,1.1,0.9,1.1,0.9
317,230,1,1,1,1,1.00,0.00,1.1,0.9,1.1,0.9
318,230,2,1,1,1,1.00,0.00,1.1,0.9,1.1,0.9
319,230,1,1,1,1,1.00,0.00,1.1,0.9,1.1,0.9
320,230,1,1,1,1,1.00,0.00,1.1,0.9,1.1,0.9
321,230,2,1,1,1,1.00,0.00,1.1,0.9,1.1,0.9
322,230,2,1,1,1,1.00,0.00,1.1,0.9,1.1,0.9
323,230,2,1,1,1,1.00,0.00,1.1,0.9,1.1,0.9
324,230,1,1,1,1,1.00,0.00,1.1,0.9,1.1,0.9
325,230,1,1,1,1,1.00,0.00,1.1,0.9,1.1,0.9
]; 
all_busName96 = [   ' 101 ';  ' 102 ';  ' 103 ';  ' 104 ';  ' 105 ';  ' 106 ';  ' 107 ';  ' 108 ';  ' 109 ';  ' 110 ';  ' 111 ';  ' 112 ';  ' 113 ';  ' 114 ';  ' 115 ';  ' 116 ';  ' 117 ';  ' 118 ';  ' 119 ';  ' 120 ';  ' 121 ';  ' 122 ';  ' 123 ';  ' 124 ';  ' 201 ';  ' 202 ';  ' 203 ';  ' 204 ';  ' 205 ';  ' 206 ';  ' 207 ';  ' 208 ';  ' 209 ';  ' 210 ';  ' 211 ';  ' 212 ';  ' 213 ';  ' 214 ';  ' 215 ';  ' 216 ';  ' 217 ';  ' 218 ';  ' 219 ';  ' 220 ';  ' 221 ';  ' 222 ';  ' 223 ';  ' 224 ';  ' 301 ';  ' 302 ';  ' 303 ';  ' 304 ';  ' 305 ';  ' 306 ';  ' 307 ';  ' 308 ';  ' 309 ';  ' 310 ';  ' 311 ';  ' 312 ';  ' 313 ';  ' 314 ';  ' 315 ';  ' 316 ';  ' 317 ';  ' 318 ';  ' 319 ';  ' 320 ';  ' 321 ';  ' 322 ';  ' 323 ';  ' 324 ';  ' 325 '; ];
%% RTS 96 System Load Data %% 
all_loaddata96 = [ 
101,1,11,11,68.17195719717219,16.229656785565986,0.0,0.0,0.0,0.0,1,1,0
102,1,11,12,50.90285678902958,12.425334454880096,0.0,0.0,0.0,0.0,1,1,0
103,1,11,11,94.41893105622286,18.126068168803535,0.0,0.0,0.0,0.0,1,1,0
104,1,11,11,52.83309458307819,11.273381969976004,0.0,0.0,0.0,0.0,1,1,0
105,1,11,11,48.17825006839936,8.69356472908426,0.0,0.0,0.0,0.0,1,1,0
106,1,11,12,74.52600495185517,15.880030361785924,0.0,0.0,0.0,0.0,1,1,0
107,1,11,12,104.81495980488835,19.97719563509803,0.0,0.0,0.0,0.0,1,1,0
108,1,11,12,136.02400239953582,27.338039426466683,0.0,0.0,0.0,0.0,1,1,0
109,1,11,13,110.07586685515359,18.76071796581298,0.0,0.0,0.0,0.0,1,1,0
110,1,11,13,142.77883451967872,34.44267555109598,0.0,0.0,0.0,0.0,1,1,0
111,1,11,13,0.0,0.0,0.0,0.0,0.0,0.0,1,1,0
112,1,11,13,0.0,0.0,0.0,0.0,0.0,0.0,1,1,0
113,1,12,14,172.9279438297616,42.78574863458443,0.0,0.0,0.0,0.0,1,1,0
114,1,12,16,139.84797801712986,28.760365852184314,0.0,0.0,0.0,0.0,1,1,0
115,1,12,16,254.20954483131024,39.074371257475015,0.0,0.0,0.0,0.0,1,1,0
116,1,12,16,51.53627194181084,10.62165810406208,0.0,0.0,0.0,0.0,1,1,0
117,1,12,17,0.0,0.0,0.0,0.0,0.0,0.0,1,1,0
118,1,12,17,187.85642949838544,56.84869761797693,0.0,0.0,0.0,0.0,1,1,0
119,1,12,15,117.85510487948964,21.540264904223193,0.0,0.0,0.0,0.0,1,1,0
120,1,12,15,106.7138745236814,20.496939735694976,0.0,0.0,0.0,0.0,1,1,0
121,1,12,17,0.0,0.0,0.0,0.0,0.0,0.0,1,1,0
122,1,12,17,0.0,0.0,0.0,0.0,0.0,0.0,1,1,0
123,1,12,15,0.0,0.0,0.0,0.0,0.0,0.0,1,1,0
124,1,12,16,0.0,0.0,0.0,0.0,0.0,0.0,1,1,0
201,1,21,21,55.45060310568641,12.686690729634092,0.0,0.0,0.0,0.0,1,1,0
202,1,21,22,72.76783776063674,10.009898201675153,0.0,0.0,0.0,0.0,1,1,0
203,1,21,21,88.1250294278506,31.95571715831878,0.0,0.0,0.0,0.0,1,1,0
204,1,21,21,57.297963187959134,11.5763572238388,0.0,0.0,0.0,0.0,1,1,0
205,1,21,21,50.15555486131534,8.20478630896546,0.0,0.0,0.0,0.0,1,1,0
206,1,21,22,116.35627653095126,17.845627223666757,0.0,0.0,0.0,0.0,1,1,0
207,1,21,22,67.99783809904474,17.72724603941082,0.0,0.0,0.0,0.0,1,1,0
208,1,21,22,128.63570181832227,20.709593256157355,0.0,0.0,0.0,0.0,1,1,0
209,1,21,23,144.11621151330414,24.058811169717462,0.0,0.0,0.0,0.0,1,1,0
210,1,21,23,125.04403308712877,25.60661498921178,0.0,0.0,0.0,0.0,1,1,0
211,1,21,23,0.0,0.0,0.0,0.0,0.0,0.0,1,1,0
212,1,21,23,0.0,0.0,0.0,0.0,0.0,0.0,1,1,0
213,1,22,24,135.97010647823265,39.567149110148655,0.0,0.0,0.0,0.0,1,1,0
214,1,22,26,150.03504934423418,28.352144299180665,0.0,0.0,0.0,0.0,1,1,0
215,1,22,26,180.29105622074437,39.744311887452,0.0,0.0,0.0,0.0,1,1,0
216,1,22,26,75.62688989291432,15.153017486731521,0.0,0.0,0.0,0.0,1,1,0
217,1,22,27,0.0,0.0,0.0,0.0,0.0,0.0,1,1,0
218,1,22,27,170.811004611281,54.750910198129716,0.0,0.0,0.0,0.0,1,1,0
219,1,22,25,138.0294709074437,32.795554972712836,0.0,0.0,0.0,0.0,1,1,0
220,1,22,25,90.72916569630503,15.891809104794078,0.0,0.0,0.0,0.0,1,1,0
221,1,22,27,0.0,0.0,0.0,0.0,0.0,0.0,1,1,0
222,1,22,27,0.0,0.0,0.0,0.0,0.0,0.0,1,1,0
223,1,22,25,0.0,0.0,0.0,0.0,0.0,0.0,1,1,0
224,1,22,26,0.0,0.0,0.0,0.0,0.0,0.0,1,1,0
301,1,31,31,93.33273114100825,15.328744490829484,0.0,0.0,0.0,0.0,1,1,0
302,1,31,32,67.65060274380399,12.007892766782081,0.0,0.0,0.0,0.0,1,1,0
303,1,31,31,88.51981337893288,31.920436359002718,0.0,0.0,0.0,0.0,1,1,0
304,1,31,31,38.22631359377168,10.547437704250218,0.0,0.0,0.0,0.0,1,1,0
305,1,31,31,40.22546347480081,9.971119790043867,0.0,0.0,0.0,0.0,1,1,0
306,1,31,32,112.31743053684644,17.72321595382076,0.0,0.0,0.0,0.0,1,1,0
307,1,31,32,63.15737791416468,13.742579159222077,0.0,0.0,0.0,0.0,1,1,0
308,1,31,32,121.39918564846306,17.988310304394922,0.0,0.0,0.0,0.0,1,1,0
309,1,31,33,150.53233958841884,19.44288442946635,0.0,0.0,0.0,0.0,1,1,0
310,1,31,33,95.55997648016363,22.10719248288497,0.0,0.0,0.0,0.0,1,1,0
311,1,31,33,0.0,0.0,0.0,0.0,0.0,0.0,1,1,0
312,1,31,33,0.0,0.0,0.0,0.0,0.0,0.0,1,1,0
313,1,32,34,235.50740586352651,33.22923607083605,0.0,0.0,0.0,0.0,1,1,0
314,1,32,36,123.96785228090819,21.82930515134479,0.0,0.0,0.0,0.0,1,1,0
315,1,32,36,197.06030689800298,43.6769056738168,0.0,0.0,0.0,0.0,1,1,0
