% From Raw File 
%% RTS 96 System Bus Data %% 
all_busdata96 = [ 
101,138,2,1,1,1,1.00,0.00,1.1,0.9,1.1,0.9
102,138,2,1,1,1,1.00,0.00,1.1,0.9,1.1,0.9
103,138,1,1,1,1,1.00,0.00,1.1,0.9,1.1,0.9
104,138,1,1,1,1,1.00,0.00,1.1,0.9,1.1,0.9
105,138,1,1,1,1,1.00,0.00,1.1,0.9,1.1,0.9
106,138,1,1,1,1,1.00,0.00,1.1,0.9,1.1,0.9
107,138,2,1,1,1,1.00,0.00,1.1,0.9,1.1,0.9
108,138,1,1,1,1,1.00,0.00,1.1,0.9,1.1,0.9
109,138,1,1,1,1,1.00,0.00,1.1,0.9,1.1,0.9
110,138,1,1,1,1,1.00,0.00,1.1,0.9,1.1,0.9
111,230,1,1,1,1,1.00,0.00,1.1,0.9,1.1,0.9
112,230,1,1,1,1,1.00,0.00,1.1,0.9,1.1,0.9
113,230,3,1,1,1,1.00,0.00,1.1,0.9,1.1,0.9
114,230,2,1,1,1,1.00,0.00,1.1,0.9,1.1,0.9
115,230,2,1,1,1,1.00,0.00,1.1,0.9,1.1,0.9
116,230,2,1,1,1,1.00,0.00,1.1,0.9,1.1,0.9
117,230,1,1,1,1,1.00,0.00,1.1,0.9,1.1,0.9
118,230,2,1,1,1,1.00,0.00,1.1,0.9,1.1,0.9
119,230,1,1,1,1,1.00,0.00,1.1,0.9,1.1,0.9
120,230,1,1,1,1,1.00,0.00,1.1,0.9,1.1,0.9
121,230,2,1,1,1,1.00,0.00,1.1,0.9,1.1,0.9
122,230,2,1,1,1,1.00,0.00,1.1,0.9,1.1,0.9
123,230,2,1,1,1,1.00,0.00,1.1,0.9,1.1,0.9
124,230,1,1,1,1,1.00,0.00,1.1,0.9,1.1,0.9
201,138,2,1,1,1,1.00,0.00,1.1,0.9,1.1,0.9
202,138,2,1,1,1,1.00,0.00,1.1,0.9,1.1,0.9
203,138,1,1,1,1,1.00,0.00,1.1,0.9,1.1,0.9
204,138,1,1,1,1,1.00,0.00,1.1,0.9,1.1,0.9
205,138,1,1,1,1,1.00,0.00,1.1,0.9,1.1,0.9
206,138,1,1,1,1,1.00,0.00,1.1,0.9,1.1,0.9
207,138,2,1,1,1,1.00,0.00,1.1,0.9,1.1,0.9
208,138,1,1,1,1,1.00,0.00,1.1,0.9,1.1,0.9
209,138,1,1,1,1,1.00,0.00,1.1,0.9,1.1,0.9
210,138,1,1,1,1,1.00,0.00,1.1,0.9,1.1,0.9
211,230,1,1,1,1,1.00,0.00,1.1,0.9,1.1,0.9
212,230,1,1,1,1,1.00,0.00,1.1,0.9,1.1,0.9
213,230,2,1,1,1,1.00,0.00,1.1,0.9,1.1,0.9
214,230,2,1,1,1,1.00,0.00,1.1,0.9,1.1,0.9
215,230,2,1,1,1,1.00,0.00,1.1,0.9,1.1,0.9
216,230,2,1,1,1,1.00,0.00,1.1,0.9,1.1,0.9
217,230,1,1,1,1,1.00,0.00,1.1,0.9,1.1,0.9
218,230,2,1,1,1,1.00,0.00,1.1,0.9,1.1,0.9
219,230,1,1,1,1,1.00,0.00,1.1,0.9,1.1,0.9
220,230,1,1,1,1,1.00,0.00,1.1,0.9,1.1,0.9
221,230,2,1,1,1,1.00,0.00,1.1,0.9,1.1,0.9
222,230,2,1,1,1,1.00,0.00,1.1,0.9,1.1,0.9
223,230,2,1,1,1,1.00,0.00,1.1,0.9,1.1,0.9
224,230,1,1,1,1,1.00,0.00,1.1,0.9,1.1,0.9
301,138,2,1,1,1,1.00,0.00,1.1,0.9,1.1,0.9
302,138,2,1,1,1,1.00,0.00,1.1,0.9,1.1,0.9
303,138,1,1,1,1,1.00,0.00,1.1,0.9,1.1,0.9
304,138,1,1,1,1,1.00,0.00,1.1,0.9,1.1,0.9
305,138,1,1,1,1,1.00,0.00,1.1,0.9,1.1,0.9
306,138,1,1,1,1,1.00,0.00,1.1,0.9,1.1,0.9
307,138,2,1,1,1,1.00,0.00,1.1,0.9,1.1,0.9
308,138,1,1,1,1,1.00,0.00,1.1,0.9,1.1,0.9
309,138,1,1,1,1,1.00,0.00,1.1,0.9,1.1,0.9
310,138,1,1,1,1,1.00,0.00,1.1,0.9,1.1,0.9
311,230,1,1,1,1,1.00,0.00,1.1,0.9,1.1,0.9
312,230,1,1,1,1,1.00,0.00,1.1,0.9,1.1,0.9
313,230,2,1,1,1,1.00,0.00,1.1,0.9,1.1,0.9
314,230,2,1,1,1,1.00,0.00,1.1,0.9,1.1,0.9
315,230,2,1,1,1,1.00,0.00,1.1,0.9,1.1,0.9
316,230,2,1,1,1,1.00,0.00,1.1,0.9,1.1,0.9
317,230,1,1,1,1,1.00,0.00,1.1,0.9,1.1,0.9
318,230,2,1,1,1,1.00,0.00,1.1,0.9,1.1,0.9
319,230,1,1,1,1,1.00,0.00,1.1,0.9,1.1,0.9
320,230,1,1,1,1,1.00,0.00,1.1,0.9,1.1,0.9
321,230,2,1,1,1,1.00,0.00,1.1,0.9,1.1,0.9
322,230,2,1,1,1,1.00,0.00,1.1,0.9,1.1,0.9
323,230,2,1,1,1,1.00,0.00,1.1,0.9,1.1,0.9
324,230,1,1,1,1,1.00,0.00,1.1,0.9,1.1,0.9
325,230,1,1,1,1,1.00,0.00,1.1,0.9,1.1,0.9
]; 
all_busName96 = [   ' 101 ';  ' 102 ';  ' 103 ';  ' 104 ';  ' 105 ';  ' 106 ';  ' 107 ';  ' 108 ';  ' 109 ';  ' 110 ';  ' 111 ';  ' 112 ';  ' 113 ';  ' 114 ';  ' 115 ';  ' 116 ';  ' 117 ';  ' 118 ';  ' 119 ';  ' 120 ';  ' 121 ';  ' 122 ';  ' 123 ';  ' 124 ';  ' 201 ';  ' 202 ';  ' 203 ';  ' 204 ';  ' 205 ';  ' 206 ';  ' 207 ';  ' 208 ';  ' 209 ';  ' 210 ';  ' 211 ';  ' 212 ';  ' 213 ';  ' 214 ';  ' 215 ';  ' 216 ';  ' 217 ';  ' 218 ';  ' 219 ';  ' 220 ';  ' 221 ';  ' 222 ';  ' 223 ';  ' 224 ';  ' 301 ';  ' 302 ';  ' 303 ';  ' 304 ';  ' 305 ';  ' 306 ';  ' 307 ';  ' 308 ';  ' 309 ';  ' 310 ';  ' 311 ';  ' 312 ';  ' 313 ';  ' 314 ';  ' 315 ';  ' 316 ';  ' 317 ';  ' 318 ';  ' 319 ';  ' 320 ';  ' 321 ';  ' 322 ';  ' 323 ';  ' 324 ';  ' 325 '; ];
%% RTS 96 System Load Data %% 
all_loaddata96 = [ 
101,1,11,11,80.61962131046299,12.191318150515203,0.0,0.0,0.0,0.0,1,1,0
102,1,11,12,61.20838234282332,16.086936179481444,0.0,0.0,0.0,0.0,1,1,0
103,1,11,11,154.98931985467394,32.00202998905456,0.0,0.0,0.0,0.0,1,1,0
104,1,11,11,47.86962688190807,9.751371632141991,0.0,0.0,0.0,0.0,1,1,0
105,1,11,11,45.41883676255723,7.851714662520121,0.0,0.0,0.0,0.0,1,1,0
106,1,11,12,77.42489530891143,19.41134514172766,0.0,0.0,0.0,0.0,1,1,0
107,1,11,12,97.91771877907449,13.989386962893185,0.0,0.0,0.0,0.0,1,1,0
108,1,11,12,113.99618365246751,24.370401750299614,0.0,0.0,0.0,0.0,1,1,0
109,1,11,13,146.08277464820654,29.396677649365177,0.0,0.0,0.0,0.0,1,1,0
110,1,11,13,119.07454268827009,28.771930468082427,0.0,0.0,0.0,0.0,1,1,0
111,1,11,13,0.0,0.0,0.0,0.0,0.0,0.0,1,1,0
112,1,11,13,0.0,0.0,0.0,0.0,0.0,0.0,1,1,0
113,1,12,14,216.49265126916023,29.60669374767411,0.0,0.0,0.0,0.0,1,1,0
114,1,12,16,121.97507872874904,30.80427798021273,0.0,0.0,0.0,0.0,1,1,0
115,1,12,16,272.6873418198992,40.57311167395413,0.0,0.0,0.0,0.0,1,1,0
116,1,12,16,65.18020607246551,12.838147637053392,0.0,0.0,0.0,0.0,1,1,0
117,1,12,17,0.0,0.0,0.0,0.0,0.0,0.0,1,1,0
118,1,12,17,208.3480102075586,59.36757790911031,0.0,0.0,0.0,0.0,1,1,0
119,1,12,15,118.7323819828109,28.66657864419711,0.0,0.0,0.0,0.0,1,1,0
120,1,12,15,94.52023907691834,21.136418774037434,0.0,0.0,0.0,0.0,1,1,0
121,1,12,17,0.0,0.0,0.0,0.0,0.0,0.0,1,1,0
122,1,12,17,0.0,0.0,0.0,0.0,0.0,0.0,1,1,0
123,1,12,15,0.0,0.0,0.0,0.0,0.0,0.0,1,1,0
124,1,12,16,0.0,0.0,0.0,0.0,0.0,0.0,1,1,0
201,1,21,21,71.47514332211483,17.636512768239342,0.0,0.0,0.0,0.0,1,1,0
202,1,21,22,78.45500649520322,11.778248641583136,0.0,0.0,0.0,0.0,1,1,0
203,1,21,21,161.69605233322363,22.201391985188792,0.0,0.0,0.0,0.0,1,1,0
204,1,21,21,37.25706623351583,7.58130888047791,0.0,0.0,0.0,0.0,1,1,0
205,1,21,21,45.3819666611143,7.6253533365237525,0.0,0.0,0.0,0.0,1,1,0
206,1,21,22,108.96521092257835,16.686219871887936,0.0,0.0,0.0,0.0,1,1,0
207,1,21,22,66.34097774768597,20.389690632006385,0.0,0.0,0.0,0.0,1,1,0
208,1,21,22,101.38879937463062,28.665260691408534,0.0,0.0,0.0,0.0,1,1,0
209,1,21,23,105.56068151473417,23.566473488824816,0.0,0.0,0.0,0.0,1,1,0
210,1,21,23,145.7256402616657,24.054528529414906,0.0,0.0,0.0,0.0,1,1,0
211,1,21,23,0.0,0.0,0.0,0.0,0.0,0.0,1,1,0
212,1,21,23,0.0,0.0,0.0,0.0,0.0,0.0,1,1,0
213,1,22,24,141.20049263574833,31.33366648822389,0.0,0.0,0.0,0.0,1,1,0
214,1,22,26,166.7873032690653,20.704691285316226,0.0,0.0,0.0,0.0,1,1,0
215,1,22,26,233.30183939516056,52.72768680480122,0.0,0.0,0.0,0.0,1,1,0
216,1,22,26,78.2619115987094,12.16037752891425,0.0,0.0,0.0,0.0,1,1,0
217,1,22,27,0.0,0.0,0.0,0.0,0.0,0.0,1,1,0
218,1,22,27,286.53069309146235,59.00680211929121,0.0,0.0,0.0,0.0,1,1,0
219,1,22,25,133.0335115372438,21.308229544776815,0.0,0.0,0.0,0.0,1,1,0
220,1,22,25,67.14944717799425,17.429303343302387,0.0,0.0,0.0,0.0,1,1,0
221,1,22,27,0.0,0.0,0.0,0.0,0.0,0.0,1,1,0
222,1,22,27,0.0,0.0,0.0,0.0,0.0,0.0,1,1,0
223,1,22,25,0.0,0.0,0.0,0.0,0.0,0.0,1,1,0
224,1,22,26,0.0,0.0,0.0,0.0,0.0,0.0,1,1,0
301,1,31,31,88.65765834260043,10.887210608024429,0.0,0.0,0.0,0.0,1,1,0
302,1,31,32,74.18038867515307,10.503666190470568,0.0,0.0,0.0,0.0,1,1,0
303,1,31,31,98.39205787232704,19.65563319244338,0.0,0.0,0.0,0.0,1,1,0
304,1,31,31,38.79750820202976,12.348993063932284,0.0,0.0,0.0,0.0,1,1,0
305,1,31,31,37.432565635447766,8.700106499789749,0.0,0.0,0.0,0.0,1,1,0
306,1,31,32,110.6565769221481,25.191505840896067,0.0,0.0,0.0,0.0,1,1,0
307,1,31,32,87.72289138722117,21.317910105348567,0.0,0.0,0.0,0.0,1,1,0
308,1,31,32,86.97174614834259,29.40382567089703,0.0,0.0,0.0,0.0,1,1,0
309,1,31,33,149.84721592916296,20.364956067314182,0.0,0.0,0.0,0.0,1,1,0
310,1,31,33,127.85518769745714,20.699402903510254,0.0,0.0,0.0,0.0,1,1,0
311,1,31,33,0.0,0.0,0.0,0.0,0.0,0.0,1,1,0
312,1,31,33,0.0,0.0,0.0,0.0,0.0,0.0,1,1,0
313,1,32,34,207.62730045087685,28.45987334440788,0.0,0.0,0.0,0.0,1,1,0
314,1,32,36,127.78611377452751,30.180470064624263,0.0,0.0,0.0,0.0,1,1,0
315,1,32,36,232.82362543739862,46.39115840552151,0.0,0.0,0.0,0.0,1,1,0
