% From Raw File 
%% RTS 96 System Bus Data %% 
all_busdata96 = [ 
101,138,2,1,1,1,1.00,0.00,1.1,0.9,1.1,0.9
102,138,2,1,1,1,1.00,0.00,1.1,0.9,1.1,0.9
103,138,1,1,1,1,1.00,0.00,1.1,0.9,1.1,0.9
104,138,1,1,1,1,1.00,0.00,1.1,0.9,1.1,0.9
105,138,1,1,1,1,1.00,0.00,1.1,0.9,1.1,0.9
106,138,1,1,1,1,1.00,0.00,1.1,0.9,1.1,0.9
107,138,2,1,1,1,1.00,0.00,1.1,0.9,1.1,0.9
108,138,1,1,1,1,1.00,0.00,1.1,0.9,1.1,0.9
109,138,1,1,1,1,1.00,0.00,1.1,0.9,1.1,0.9
110,138,1,1,1,1,1.00,0.00,1.1,0.9,1.1,0.9
111,230,1,1,1,1,1.00,0.00,1.1,0.9,1.1,0.9
112,230,1,1,1,1,1.00,0.00,1.1,0.9,1.1,0.9
113,230,3,1,1,1,1.00,0.00,1.1,0.9,1.1,0.9
114,230,2,1,1,1,1.00,0.00,1.1,0.9,1.1,0.9
115,230,2,1,1,1,1.00,0.00,1.1,0.9,1.1,0.9
116,230,2,1,1,1,1.00,0.00,1.1,0.9,1.1,0.9
117,230,1,1,1,1,1.00,0.00,1.1,0.9,1.1,0.9
118,230,2,1,1,1,1.00,0.00,1.1,0.9,1.1,0.9
119,230,1,1,1,1,1.00,0.00,1.1,0.9,1.1,0.9
120,230,1,1,1,1,1.00,0.00,1.1,0.9,1.1,0.9
121,230,2,1,1,1,1.00,0.00,1.1,0.9,1.1,0.9
122,230,2,1,1,1,1.00,0.00,1.1,0.9,1.1,0.9
123,230,2,1,1,1,1.00,0.00,1.1,0.9,1.1,0.9
124,230,1,1,1,1,1.00,0.00,1.1,0.9,1.1,0.9
201,138,2,1,1,1,1.00,0.00,1.1,0.9,1.1,0.9
202,138,2,1,1,1,1.00,0.00,1.1,0.9,1.1,0.9
203,138,1,1,1,1,1.00,0.00,1.1,0.9,1.1,0.9
204,138,1,1,1,1,1.00,0.00,1.1,0.9,1.1,0.9
205,138,1,1,1,1,1.00,0.00,1.1,0.9,1.1,0.9
206,138,1,1,1,1,1.00,0.00,1.1,0.9,1.1,0.9
207,138,2,1,1,1,1.00,0.00,1.1,0.9,1.1,0.9
208,138,1,1,1,1,1.00,0.00,1.1,0.9,1.1,0.9
209,138,1,1,1,1,1.00,0.00,1.1,0.9,1.1,0.9
210,138,1,1,1,1,1.00,0.00,1.1,0.9,1.1,0.9
211,230,1,1,1,1,1.00,0.00,1.1,0.9,1.1,0.9
212,230,1,1,1,1,1.00,0.00,1.1,0.9,1.1,0.9
213,230,2,1,1,1,1.00,0.00,1.1,0.9,1.1,0.9
214,230,2,1,1,1,1.00,0.00,1.1,0.9,1.1,0.9
215,230,2,1,1,1,1.00,0.00,1.1,0.9,1.1,0.9
216,230,2,1,1,1,1.00,0.00,1.1,0.9,1.1,0.9
217,230,1,1,1,1,1.00,0.00,1.1,0.9,1.1,0.9
218,230,2,1,1,1,1.00,0.00,1.1,0.9,1.1,0.9
219,230,1,1,1,1,1.00,0.00,1.1,0.9,1.1,0.9
220,230,1,1,1,1,1.00,0.00,1.1,0.9,1.1,0.9
221,230,2,1,1,1,1.00,0.00,1.1,0.9,1.1,0.9
222,230,2,1,1,1,1.00,0.00,1.1,0.9,1.1,0.9
223,230,2,1,1,1,1.00,0.00,1.1,0.9,1.1,0.9
224,230,1,1,1,1,1.00,0.00,1.1,0.9,1.1,0.9
301,138,2,1,1,1,1.00,0.00,1.1,0.9,1.1,0.9
302,138,2,1,1,1,1.00,0.00,1.1,0.9,1.1,0.9
303,138,1,1,1,1,1.00,0.00,1.1,0.9,1.1,0.9
304,138,1,1,1,1,1.00,0.00,1.1,0.9,1.1,0.9
305,138,1,1,1,1,1.00,0.00,1.1,0.9,1.1,0.9
306,138,1,1,1,1,1.00,0.00,1.1,0.9,1.1,0.9
307,138,2,1,1,1,1.00,0.00,1.1,0.9,1.1,0.9
308,138,1,1,1,1,1.00,0.00,1.1,0.9,1.1,0.9
309,138,1,1,1,1,1.00,0.00,1.1,0.9,1.1,0.9
310,138,1,1,1,1,1.00,0.00,1.1,0.9,1.1,0.9
311,230,1,1,1,1,1.00,0.00,1.1,0.9,1.1,0.9
312,230,1,1,1,1,1.00,0.00,1.1,0.9,1.1,0.9
313,230,2,1,1,1,1.00,0.00,1.1,0.9,1.1,0.9
314,230,2,1,1,1,1.00,0.00,1.1,0.9,1.1,0.9
315,230,2,1,1,1,1.00,0.00,1.1,0.9,1.1,0.9
316,230,2,1,1,1,1.00,0.00,1.1,0.9,1.1,0.9
317,230,1,1,1,1,1.00,0.00,1.1,0.9,1.1,0.9
318,230,2,1,1,1,1.00,0.00,1.1,0.9,1.1,0.9
319,230,1,1,1,1,1.00,0.00,1.1,0.9,1.1,0.9
320,230,1,1,1,1,1.00,0.00,1.1,0.9,1.1,0.9
321,230,2,1,1,1,1.00,0.00,1.1,0.9,1.1,0.9
322,230,2,1,1,1,1.00,0.00,1.1,0.9,1.1,0.9
323,230,2,1,1,1,1.00,0.00,1.1,0.9,1.1,0.9
324,230,1,1,1,1,1.00,0.00,1.1,0.9,1.1,0.9
325,230,1,1,1,1,1.00,0.00,1.1,0.9,1.1,0.9
]; 
all_busName96 = [   ' 101 ';  ' 102 ';  ' 103 ';  ' 104 ';  ' 105 ';  ' 106 ';  ' 107 ';  ' 108 ';  ' 109 ';  ' 110 ';  ' 111 ';  ' 112 ';  ' 113 ';  ' 114 ';  ' 115 ';  ' 116 ';  ' 117 ';  ' 118 ';  ' 119 ';  ' 120 ';  ' 121 ';  ' 122 ';  ' 123 ';  ' 124 ';  ' 201 ';  ' 202 ';  ' 203 ';  ' 204 ';  ' 205 ';  ' 206 ';  ' 207 ';  ' 208 ';  ' 209 ';  ' 210 ';  ' 211 ';  ' 212 ';  ' 213 ';  ' 214 ';  ' 215 ';  ' 216 ';  ' 217 ';  ' 218 ';  ' 219 ';  ' 220 ';  ' 221 ';  ' 222 ';  ' 223 ';  ' 224 ';  ' 301 ';  ' 302 ';  ' 303 ';  ' 304 ';  ' 305 ';  ' 306 ';  ' 307 ';  ' 308 ';  ' 309 ';  ' 310 ';  ' 311 ';  ' 312 ';  ' 313 ';  ' 314 ';  ' 315 ';  ' 316 ';  ' 317 ';  ' 318 ';  ' 319 ';  ' 320 ';  ' 321 ';  ' 322 ';  ' 323 ';  ' 324 ';  ' 325 '; ];
%% RTS 96 System Load Data %% 
all_loaddata96 = [ 
101,1,11,11,85.38558345163968,11.079834046364576,0.0,0.0,0.0,0.0,1,1,0
102,1,11,12,83.9250667310649,12.182322717742995,0.0,0.0,0.0,0.0,1,1,0
103,1,11,11,111.66389144382532,20.119458998817993,0.0,0.0,0.0,0.0,1,1,0
104,1,11,11,39.43190395905263,9.03867535628518,0.0,0.0,0.0,0.0,1,1,0
105,1,11,11,39.050875527087086,10.201140858480892,0.0,0.0,0.0,0.0,1,1,0
106,1,11,12,81.12306507810987,22.646424190044588,0.0,0.0,0.0,0.0,1,1,0
107,1,11,12,88.76394821768626,22.302581431955332,0.0,0.0,0.0,0.0,1,1,0
108,1,11,12,146.7459670988494,17.405886758828533,0.0,0.0,0.0,0.0,1,1,0
109,1,11,13,121.63426215960877,26.368828246959485,0.0,0.0,0.0,0.0,1,1,0
110,1,11,13,135.158658067947,32.384615847744044,0.0,0.0,0.0,0.0,1,1,0
111,1,11,13,0.0,0.0,0.0,0.0,0.0,0.0,1,1,0
112,1,11,13,0.0,0.0,0.0,0.0,0.0,0.0,1,1,0
113,1,12,14,130.27427123920899,27.143585546076388,0.0,0.0,0.0,0.0,1,1,0
114,1,12,16,156.4797419317402,19.069188162684487,0.0,0.0,0.0,0.0,1,1,0
115,1,12,16,225.1898441918579,36.272167511692636,0.0,0.0,0.0,0.0,1,1,0
116,1,12,16,88.76245150377508,17.306583453987727,0.0,0.0,0.0,0.0,1,1,0
117,1,12,17,0.0,0.0,0.0,0.0,0.0,0.0,1,1,0
118,1,12,17,283.13666372504355,46.07841918297261,0.0,0.0,0.0,0.0,1,1,0
119,1,12,15,123.24917632581108,29.755057179059275,0.0,0.0,0.0,0.0,1,1,0
120,1,12,15,105.67565633205771,19.52604091465976,0.0,0.0,0.0,0.0,1,1,0
121,1,12,17,0.0,0.0,0.0,0.0,0.0,0.0,1,1,0
122,1,12,17,0.0,0.0,0.0,0.0,0.0,0.0,1,1,0
123,1,12,15,0.0,0.0,0.0,0.0,0.0,0.0,1,1,0
124,1,12,16,0.0,0.0,0.0,0.0,0.0,0.0,1,1,0
201,1,21,21,80.03497423699032,17.743759252835904,0.0,0.0,0.0,0.0,1,1,0
202,1,21,22,52.82422224853482,11.976197827250697,0.0,0.0,0.0,0.0,1,1,0
203,1,21,21,96.33442996337915,29.54611813428774,0.0,0.0,0.0,0.0,1,1,0
204,1,21,21,61.78118941045962,8.89975821467489,0.0,0.0,0.0,0.0,1,1,0
205,1,21,21,40.95491029058913,8.072788676310516,0.0,0.0,0.0,0.0,1,1,0
206,1,21,22,108.80005899338612,15.649844834725743,0.0,0.0,0.0,0.0,1,1,0
207,1,21,22,76.67380840726545,18.88411538336193,0.0,0.0,0.0,0.0,1,1,0
208,1,21,22,139.73401462095185,20.046532177274347,0.0,0.0,0.0,0.0,1,1,0
209,1,21,23,97.60713938258006,21.34579624695964,0.0,0.0,0.0,0.0,1,1,0
210,1,21,23,165.5428624594258,29.338417828235777,0.0,0.0,0.0,0.0,1,1,0
211,1,21,23,0.0,0.0,0.0,0.0,0.0,0.0,1,1,0
212,1,21,23,0.0,0.0,0.0,0.0,0.0,0.0,1,1,0
213,1,22,24,207.53537659893095,30.671833889678396,0.0,0.0,0.0,0.0,1,1,0
214,1,22,26,97.99398665395724,29.200570265322458,0.0,0.0,0.0,0.0,1,1,0
215,1,22,26,225.3464695082678,52.31833191922903,0.0,0.0,0.0,0.0,1,1,0
216,1,22,26,62.86571828539017,14.239432463337668,0.0,0.0,0.0,0.0,1,1,0
217,1,22,27,0.0,0.0,0.0,0.0,0.0,0.0,1,1,0
218,1,22,27,195.74903398438752,37.627286398317665,0.0,0.0,0.0,0.0,1,1,0
219,1,22,25,102.84319070846736,18.742212027541406,0.0,0.0,0.0,0.0,1,1,0
220,1,22,25,95.70335074857472,14.950119392418769,0.0,0.0,0.0,0.0,1,1,0
221,1,22,27,0.0,0.0,0.0,0.0,0.0,0.0,1,1,0
222,1,22,27,0.0,0.0,0.0,0.0,0.0,0.0,1,1,0
223,1,22,25,0.0,0.0,0.0,0.0,0.0,0.0,1,1,0
224,1,22,26,0.0,0.0,0.0,0.0,0.0,0.0,1,1,0
301,1,31,31,59.44834581116046,12.406117938299104,0.0,0.0,0.0,0.0,1,1,0
302,1,31,32,49.252198505515324,11.706917756558395,0.0,0.0,0.0,0.0,1,1,0
303,1,31,31,131.9265447925888,28.791700868784027,0.0,0.0,0.0,0.0,1,1,0
304,1,31,31,49.37717071574209,8.452505715109174,0.0,0.0,0.0,0.0,1,1,0
305,1,31,31,41.00869289673586,7.148360626641288,0.0,0.0,0.0,0.0,1,1,0
306,1,31,32,107.58656863282398,24.366913145213577,0.0,0.0,0.0,0.0,1,1,0
307,1,31,32,80.66439178894507,12.734550898130982,0.0,0.0,0.0,0.0,1,1,0
308,1,31,32,153.8356035117635,29.691183912083744,0.0,0.0,0.0,0.0,1,1,0
309,1,31,33,152.05390671396162,24.97318384028748,0.0,0.0,0.0,0.0,1,1,0
310,1,31,33,163.846948117587,23.085039559347553,0.0,0.0,0.0,0.0,1,1,0
311,1,31,33,0.0,0.0,0.0,0.0,0.0,0.0,1,1,0
312,1,31,33,0.0,0.0,0.0,0.0,0.0,0.0,1,1,0
313,1,32,34,188.9688461485156,45.85747120765736,0.0,0.0,0.0,0.0,1,1,0
314,1,32,36,154.22525919814223,32.63714523370788,0.0,0.0,0.0,0.0,1,1,0
315,1,32,36,181.8871041248169,34.93768318669795,0.0,0.0,0.0,0.0,1,1,0
