% From Raw File 
%% RTS 96 System Bus Data %% 
all_busdata96 = [ 
101,138,2,1,1,1,1.00,0.00,1.1,0.9,1.1,0.9
102,138,2,1,1,1,1.00,0.00,1.1,0.9,1.1,0.9
103,138,1,1,1,1,1.00,0.00,1.1,0.9,1.1,0.9
104,138,1,1,1,1,1.00,0.00,1.1,0.9,1.1,0.9
105,138,1,1,1,1,1.00,0.00,1.1,0.9,1.1,0.9
106,138,1,1,1,1,1.00,0.00,1.1,0.9,1.1,0.9
107,138,2,1,1,1,1.00,0.00,1.1,0.9,1.1,0.9
108,138,1,1,1,1,1.00,0.00,1.1,0.9,1.1,0.9
109,138,1,1,1,1,1.00,0.00,1.1,0.9,1.1,0.9
110,138,1,1,1,1,1.00,0.00,1.1,0.9,1.1,0.9
111,230,1,1,1,1,1.00,0.00,1.1,0.9,1.1,0.9
112,230,1,1,1,1,1.00,0.00,1.1,0.9,1.1,0.9
113,230,3,1,1,1,1.00,0.00,1.1,0.9,1.1,0.9
114,230,2,1,1,1,1.00,0.00,1.1,0.9,1.1,0.9
115,230,2,1,1,1,1.00,0.00,1.1,0.9,1.1,0.9
116,230,2,1,1,1,1.00,0.00,1.1,0.9,1.1,0.9
117,230,1,1,1,1,1.00,0.00,1.1,0.9,1.1,0.9
118,230,2,1,1,1,1.00,0.00,1.1,0.9,1.1,0.9
119,230,1,1,1,1,1.00,0.00,1.1,0.9,1.1,0.9
120,230,1,1,1,1,1.00,0.00,1.1,0.9,1.1,0.9
121,230,2,1,1,1,1.00,0.00,1.1,0.9,1.1,0.9
122,230,2,1,1,1,1.00,0.00,1.1,0.9,1.1,0.9
123,230,2,1,1,1,1.00,0.00,1.1,0.9,1.1,0.9
124,230,1,1,1,1,1.00,0.00,1.1,0.9,1.1,0.9
201,138,2,1,1,1,1.00,0.00,1.1,0.9,1.1,0.9
202,138,2,1,1,1,1.00,0.00,1.1,0.9,1.1,0.9
203,138,1,1,1,1,1.00,0.00,1.1,0.9,1.1,0.9
204,138,1,1,1,1,1.00,0.00,1.1,0.9,1.1,0.9
205,138,1,1,1,1,1.00,0.00,1.1,0.9,1.1,0.9
206,138,1,1,1,1,1.00,0.00,1.1,0.9,1.1,0.9
207,138,2,1,1,1,1.00,0.00,1.1,0.9,1.1,0.9
208,138,1,1,1,1,1.00,0.00,1.1,0.9,1.1,0.9
209,138,1,1,1,1,1.00,0.00,1.1,0.9,1.1,0.9
210,138,1,1,1,1,1.00,0.00,1.1,0.9,1.1,0.9
211,230,1,1,1,1,1.00,0.00,1.1,0.9,1.1,0.9
212,230,1,1,1,1,1.00,0.00,1.1,0.9,1.1,0.9
213,230,2,1,1,1,1.00,0.00,1.1,0.9,1.1,0.9
214,230,2,1,1,1,1.00,0.00,1.1,0.9,1.1,0.9
215,230,2,1,1,1,1.00,0.00,1.1,0.9,1.1,0.9
216,230,2,1,1,1,1.00,0.00,1.1,0.9,1.1,0.9
217,230,1,1,1,1,1.00,0.00,1.1,0.9,1.1,0.9
218,230,2,1,1,1,1.00,0.00,1.1,0.9,1.1,0.9
219,230,1,1,1,1,1.00,0.00,1.1,0.9,1.1,0.9
220,230,1,1,1,1,1.00,0.00,1.1,0.9,1.1,0.9
221,230,2,1,1,1,1.00,0.00,1.1,0.9,1.1,0.9
222,230,2,1,1,1,1.00,0.00,1.1,0.9,1.1,0.9
223,230,2,1,1,1,1.00,0.00,1.1,0.9,1.1,0.9
224,230,1,1,1,1,1.00,0.00,1.1,0.9,1.1,0.9
301,138,2,1,1,1,1.00,0.00,1.1,0.9,1.1,0.9
302,138,2,1,1,1,1.00,0.00,1.1,0.9,1.1,0.9
303,138,1,1,1,1,1.00,0.00,1.1,0.9,1.1,0.9
304,138,1,1,1,1,1.00,0.00,1.1,0.9,1.1,0.9
305,138,1,1,1,1,1.00,0.00,1.1,0.9,1.1,0.9
306,138,1,1,1,1,1.00,0.00,1.1,0.9,1.1,0.9
307,138,2,1,1,1,1.00,0.00,1.1,0.9,1.1,0.9
308,138,1,1,1,1,1.00,0.00,1.1,0.9,1.1,0.9
309,138,1,1,1,1,1.00,0.00,1.1,0.9,1.1,0.9
310,138,1,1,1,1,1.00,0.00,1.1,0.9,1.1,0.9
311,230,1,1,1,1,1.00,0.00,1.1,0.9,1.1,0.9
312,230,1,1,1,1,1.00,0.00,1.1,0.9,1.1,0.9
313,230,2,1,1,1,1.00,0.00,1.1,0.9,1.1,0.9
314,230,2,1,1,1,1.00,0.00,1.1,0.9,1.1,0.9
315,230,2,1,1,1,1.00,0.00,1.1,0.9,1.1,0.9
316,230,2,1,1,1,1.00,0.00,1.1,0.9,1.1,0.9
317,230,1,1,1,1,1.00,0.00,1.1,0.9,1.1,0.9
318,230,2,1,1,1,1.00,0.00,1.1,0.9,1.1,0.9
319,230,1,1,1,1,1.00,0.00,1.1,0.9,1.1,0.9
320,230,1,1,1,1,1.00,0.00,1.1,0.9,1.1,0.9
321,230,2,1,1,1,1.00,0.00,1.1,0.9,1.1,0.9
322,230,2,1,1,1,1.00,0.00,1.1,0.9,1.1,0.9
323,230,2,1,1,1,1.00,0.00,1.1,0.9,1.1,0.9
324,230,1,1,1,1,1.00,0.00,1.1,0.9,1.1,0.9
325,230,1,1,1,1,1.00,0.00,1.1,0.9,1.1,0.9
]; 
all_busName96 = [   ' 101 ';  ' 102 ';  ' 103 ';  ' 104 ';  ' 105 ';  ' 106 ';  ' 107 ';  ' 108 ';  ' 109 ';  ' 110 ';  ' 111 ';  ' 112 ';  ' 113 ';  ' 114 ';  ' 115 ';  ' 116 ';  ' 117 ';  ' 118 ';  ' 119 ';  ' 120 ';  ' 121 ';  ' 122 ';  ' 123 ';  ' 124 ';  ' 201 ';  ' 202 ';  ' 203 ';  ' 204 ';  ' 205 ';  ' 206 ';  ' 207 ';  ' 208 ';  ' 209 ';  ' 210 ';  ' 211 ';  ' 212 ';  ' 213 ';  ' 214 ';  ' 215 ';  ' 216 ';  ' 217 ';  ' 218 ';  ' 219 ';  ' 220 ';  ' 221 ';  ' 222 ';  ' 223 ';  ' 224 ';  ' 301 ';  ' 302 ';  ' 303 ';  ' 304 ';  ' 305 ';  ' 306 ';  ' 307 ';  ' 308 ';  ' 309 ';  ' 310 ';  ' 311 ';  ' 312 ';  ' 313 ';  ' 314 ';  ' 315 ';  ' 316 ';  ' 317 ';  ' 318 ';  ' 319 ';  ' 320 ';  ' 321 ';  ' 322 ';  ' 323 ';  ' 324 ';  ' 325 '; ];
%% RTS 96 System Load Data %% 
all_loaddata96 = [ 
101,1,11,11,58.00419214507955,16.737175497752524,0.0,0.0,0.0,0.0,1,1,0
102,1,11,12,76.25175747498153,16.110730068879203,0.0,0.0,0.0,0.0,1,1,0
103,1,11,11,115.25142138831598,28.520386553370948,0.0,0.0,0.0,0.0,1,1,0
104,1,11,11,60.893002982185685,8.885894183130004,0.0,0.0,0.0,0.0,1,1,0
105,1,11,11,37.228385263225434,12.322749258536474,0.0,0.0,0.0,0.0,1,1,0
106,1,11,12,81.07956843691059,18.36279677264616,0.0,0.0,0.0,0.0,1,1,0
107,1,11,12,81.6331888059096,22.469183965763076,0.0,0.0,0.0,0.0,1,1,0
108,1,11,12,104.91804850252974,22.518216819492167,0.0,0.0,0.0,0.0,1,1,0
109,1,11,13,113.64116856890499,22.395109358900786,0.0,0.0,0.0,0.0,1,1,0
110,1,11,13,114.41531310342997,23.401987010696903,0.0,0.0,0.0,0.0,1,1,0
111,1,11,13,0.0,0.0,0.0,0.0,0.0,0.0,1,1,0
112,1,11,13,0.0,0.0,0.0,0.0,0.0,0.0,1,1,0
113,1,12,14,200.30333355075706,35.05617410991266,0.0,0.0,0.0,0.0,1,1,0
114,1,12,16,151.33275857401725,23.233103252090373,0.0,0.0,0.0,0.0,1,1,0
115,1,12,16,284.56878651553194,35.204321702376006,0.0,0.0,0.0,0.0,1,1,0
116,1,12,16,53.07586591834668,12.926731927388346,0.0,0.0,0.0,0.0,1,1,0
117,1,12,17,0.0,0.0,0.0,0.0,0.0,0.0,1,1,0
118,1,12,17,208.701158165357,38.8589590086339,0.0,0.0,0.0,0.0,1,1,0
119,1,12,15,114.95171674337831,25.397000413481052,0.0,0.0,0.0,0.0,1,1,0
120,1,12,15,62.43463899992107,14.03453000433594,0.0,0.0,0.0,0.0,1,1,0
121,1,12,17,0.0,0.0,0.0,0.0,0.0,0.0,1,1,0
122,1,12,17,0.0,0.0,0.0,0.0,0.0,0.0,1,1,0
123,1,12,15,0.0,0.0,0.0,0.0,0.0,0.0,1,1,0
124,1,12,16,0.0,0.0,0.0,0.0,0.0,0.0,1,1,0
201,1,21,21,66.48440935572478,18.139038254230375,0.0,0.0,0.0,0.0,1,1,0
202,1,21,22,54.100161052189115,12.874217379651032,0.0,0.0,0.0,0.0,1,1,0
203,1,21,21,136.84355186682845,26.420857351390087,0.0,0.0,0.0,0.0,1,1,0
204,1,21,21,58.8199193818314,13.43878474391741,0.0,0.0,0.0,0.0,1,1,0
205,1,21,21,36.11478338506459,8.80434125477057,0.0,0.0,0.0,0.0,1,1,0
206,1,21,22,98.86539002042524,16.86250552052837,0.0,0.0,0.0,0.0,1,1,0
207,1,21,22,111.3054710318218,16.509500672305002,0.0,0.0,0.0,0.0,1,1,0
208,1,21,22,125.05059990573953,21.929954874210292,0.0,0.0,0.0,0.0,1,1,0
209,1,21,23,124.59891959925649,28.147682284934636,0.0,0.0,0.0,0.0,1,1,0
210,1,21,23,170.77810444376405,22.363033009143546,0.0,0.0,0.0,0.0,1,1,0
211,1,21,23,0.0,0.0,0.0,0.0,0.0,0.0,1,1,0
212,1,21,23,0.0,0.0,0.0,0.0,0.0,0.0,1,1,0
213,1,22,24,238.23436924029676,47.16480033053923,0.0,0.0,0.0,0.0,1,1,0
214,1,22,26,165.3704956505215,34.8164855651985,0.0,0.0,0.0,0.0,1,1,0
215,1,22,26,230.78564933240827,49.923001017522814,0.0,0.0,0.0,0.0,1,1,0
216,1,22,26,84.45050075037405,16.99147804842051,0.0,0.0,0.0,0.0,1,1,0
217,1,22,27,0.0,0.0,0.0,0.0,0.0,0.0,1,1,0
218,1,22,27,208.7696834757821,36.872518781519496,0.0,0.0,0.0,0.0,1,1,0
219,1,22,25,162.04834455926414,27.321904307104088,0.0,0.0,0.0,0.0,1,1,0
220,1,22,25,93.39584844229817,23.31535956854308,0.0,0.0,0.0,0.0,1,1,0
221,1,22,27,0.0,0.0,0.0,0.0,0.0,0.0,1,1,0
222,1,22,27,0.0,0.0,0.0,0.0,0.0,0.0,1,1,0
223,1,22,25,0.0,0.0,0.0,0.0,0.0,0.0,1,1,0
224,1,22,26,0.0,0.0,0.0,0.0,0.0,0.0,1,1,0
301,1,31,31,76.94646584267578,11.468850859810876,0.0,0.0,0.0,0.0,1,1,0
302,1,31,32,79.56222061566726,14.201609557120129,0.0,0.0,0.0,0.0,1,1,0
303,1,31,31,102.65771250292192,32.64217614857987,0.0,0.0,0.0,0.0,1,1,0
304,1,31,31,64.83264467965336,8.696871937594608,0.0,0.0,0.0,0.0,1,1,0
305,1,31,31,55.65694286450591,11.121667371957097,0.0,0.0,0.0,0.0,1,1,0
306,1,31,32,85.71425022457838,23.267322181283866,0.0,0.0,0.0,0.0,1,1,0
307,1,31,32,66.99139631339348,16.15208937166608,0.0,0.0,0.0,0.0,1,1,0
308,1,31,32,126.24386798911323,28.734615558774212,0.0,0.0,0.0,0.0,1,1,0
309,1,31,33,95.68183011523797,30.792779906148834,0.0,0.0,0.0,0.0,1,1,0
310,1,31,33,163.3898148104204,25.69619369097054,0.0,0.0,0.0,0.0,1,1,0
311,1,31,33,0.0,0.0,0.0,0.0,0.0,0.0,1,1,0
312,1,31,33,0.0,0.0,0.0,0.0,0.0,0.0,1,1,0
313,1,32,34,235.5380649947743,34.234084311328736,0.0,0.0,0.0,0.0,1,1,0
314,1,32,36,171.41191087190705,25.83755622902275,0.0,0.0,0.0,0.0,1,1,0
315,1,32,36,213.2130676709945,31.47981244238913,0.0,0.0,0.0,0.0,1,1,0
