% From Raw File 
%% RTS 96 System Bus Data %% 
all_busdata96 = [ 
101,138,2,1,1,1,1.00,0.00,1.1,0.9,1.1,0.9
102,138,2,1,1,1,1.00,0.00,1.1,0.9,1.1,0.9
103,138,1,1,1,1,1.00,0.00,1.1,0.9,1.1,0.9
104,138,1,1,1,1,1.00,0.00,1.1,0.9,1.1,0.9
105,138,1,1,1,1,1.00,0.00,1.1,0.9,1.1,0.9
106,138,1,1,1,1,1.00,0.00,1.1,0.9,1.1,0.9
107,138,2,1,1,1,1.00,0.00,1.1,0.9,1.1,0.9
108,138,1,1,1,1,1.00,0.00,1.1,0.9,1.1,0.9
109,138,1,1,1,1,1.00,0.00,1.1,0.9,1.1,0.9
110,138,1,1,1,1,1.00,0.00,1.1,0.9,1.1,0.9
111,230,1,1,1,1,1.00,0.00,1.1,0.9,1.1,0.9
112,230,1,1,1,1,1.00,0.00,1.1,0.9,1.1,0.9
113,230,3,1,1,1,1.00,0.00,1.1,0.9,1.1,0.9
114,230,2,1,1,1,1.00,0.00,1.1,0.9,1.1,0.9
115,230,2,1,1,1,1.00,0.00,1.1,0.9,1.1,0.9
116,230,2,1,1,1,1.00,0.00,1.1,0.9,1.1,0.9
117,230,1,1,1,1,1.00,0.00,1.1,0.9,1.1,0.9
118,230,2,1,1,1,1.00,0.00,1.1,0.9,1.1,0.9
119,230,1,1,1,1,1.00,0.00,1.1,0.9,1.1,0.9
120,230,1,1,1,1,1.00,0.00,1.1,0.9,1.1,0.9
121,230,2,1,1,1,1.00,0.00,1.1,0.9,1.1,0.9
122,230,2,1,1,1,1.00,0.00,1.1,0.9,1.1,0.9
123,230,2,1,1,1,1.00,0.00,1.1,0.9,1.1,0.9
124,230,1,1,1,1,1.00,0.00,1.1,0.9,1.1,0.9
201,138,2,1,1,1,1.00,0.00,1.1,0.9,1.1,0.9
202,138,2,1,1,1,1.00,0.00,1.1,0.9,1.1,0.9
203,138,1,1,1,1,1.00,0.00,1.1,0.9,1.1,0.9
204,138,1,1,1,1,1.00,0.00,1.1,0.9,1.1,0.9
205,138,1,1,1,1,1.00,0.00,1.1,0.9,1.1,0.9
206,138,1,1,1,1,1.00,0.00,1.1,0.9,1.1,0.9
207,138,2,1,1,1,1.00,0.00,1.1,0.9,1.1,0.9
208,138,1,1,1,1,1.00,0.00,1.1,0.9,1.1,0.9
209,138,1,1,1,1,1.00,0.00,1.1,0.9,1.1,0.9
210,138,1,1,1,1,1.00,0.00,1.1,0.9,1.1,0.9
211,230,1,1,1,1,1.00,0.00,1.1,0.9,1.1,0.9
212,230,1,1,1,1,1.00,0.00,1.1,0.9,1.1,0.9
213,230,2,1,1,1,1.00,0.00,1.1,0.9,1.1,0.9
214,230,2,1,1,1,1.00,0.00,1.1,0.9,1.1,0.9
215,230,2,1,1,1,1.00,0.00,1.1,0.9,1.1,0.9
216,230,2,1,1,1,1.00,0.00,1.1,0.9,1.1,0.9
217,230,1,1,1,1,1.00,0.00,1.1,0.9,1.1,0.9
218,230,2,1,1,1,1.00,0.00,1.1,0.9,1.1,0.9
219,230,1,1,1,1,1.00,0.00,1.1,0.9,1.1,0.9
220,230,1,1,1,1,1.00,0.00,1.1,0.9,1.1,0.9
221,230,2,1,1,1,1.00,0.00,1.1,0.9,1.1,0.9
222,230,2,1,1,1,1.00,0.00,1.1,0.9,1.1,0.9
223,230,2,1,1,1,1.00,0.00,1.1,0.9,1.1,0.9
224,230,1,1,1,1,1.00,0.00,1.1,0.9,1.1,0.9
301,138,2,1,1,1,1.00,0.00,1.1,0.9,1.1,0.9
302,138,2,1,1,1,1.00,0.00,1.1,0.9,1.1,0.9
303,138,1,1,1,1,1.00,0.00,1.1,0.9,1.1,0.9
304,138,1,1,1,1,1.00,0.00,1.1,0.9,1.1,0.9
305,138,1,1,1,1,1.00,0.00,1.1,0.9,1.1,0.9
306,138,1,1,1,1,1.00,0.00,1.1,0.9,1.1,0.9
307,138,2,1,1,1,1.00,0.00,1.1,0.9,1.1,0.9
308,138,1,1,1,1,1.00,0.00,1.1,0.9,1.1,0.9
309,138,1,1,1,1,1.00,0.00,1.1,0.9,1.1,0.9
310,138,1,1,1,1,1.00,0.00,1.1,0.9,1.1,0.9
311,230,1,1,1,1,1.00,0.00,1.1,0.9,1.1,0.9
312,230,1,1,1,1,1.00,0.00,1.1,0.9,1.1,0.9
313,230,2,1,1,1,1.00,0.00,1.1,0.9,1.1,0.9
314,230,2,1,1,1,1.00,0.00,1.1,0.9,1.1,0.9
315,230,2,1,1,1,1.00,0.00,1.1,0.9,1.1,0.9
316,230,2,1,1,1,1.00,0.00,1.1,0.9,1.1,0.9
317,230,1,1,1,1,1.00,0.00,1.1,0.9,1.1,0.9
318,230,2,1,1,1,1.00,0.00,1.1,0.9,1.1,0.9
319,230,1,1,1,1,1.00,0.00,1.1,0.9,1.1,0.9
320,230,1,1,1,1,1.00,0.00,1.1,0.9,1.1,0.9
321,230,2,1,1,1,1.00,0.00,1.1,0.9,1.1,0.9
322,230,2,1,1,1,1.00,0.00,1.1,0.9,1.1,0.9
323,230,2,1,1,1,1.00,0.00,1.1,0.9,1.1,0.9
324,230,1,1,1,1,1.00,0.00,1.1,0.9,1.1,0.9
325,230,1,1,1,1,1.00,0.00,1.1,0.9,1.1,0.9
]; 
all_busName96 = [   ' 101 ';  ' 102 ';  ' 103 ';  ' 104 ';  ' 105 ';  ' 106 ';  ' 107 ';  ' 108 ';  ' 109 ';  ' 110 ';  ' 111 ';  ' 112 ';  ' 113 ';  ' 114 ';  ' 115 ';  ' 116 ';  ' 117 ';  ' 118 ';  ' 119 ';  ' 120 ';  ' 121 ';  ' 122 ';  ' 123 ';  ' 124 ';  ' 201 ';  ' 202 ';  ' 203 ';  ' 204 ';  ' 205 ';  ' 206 ';  ' 207 ';  ' 208 ';  ' 209 ';  ' 210 ';  ' 211 ';  ' 212 ';  ' 213 ';  ' 214 ';  ' 215 ';  ' 216 ';  ' 217 ';  ' 218 ';  ' 219 ';  ' 220 ';  ' 221 ';  ' 222 ';  ' 223 ';  ' 224 ';  ' 301 ';  ' 302 ';  ' 303 ';  ' 304 ';  ' 305 ';  ' 306 ';  ' 307 ';  ' 308 ';  ' 309 ';  ' 310 ';  ' 311 ';  ' 312 ';  ' 313 ';  ' 314 ';  ' 315 ';  ' 316 ';  ' 317 ';  ' 318 ';  ' 319 ';  ' 320 ';  ' 321 ';  ' 322 ';  ' 323 ';  ' 324 ';  ' 325 '; ];
%% RTS 96 System Load Data %% 
all_loaddata96 = [ 
101,1,11,11,90.7217865207413,16.107335754978564,0.0,0.0,0.0,0.0,1,1,0
102,1,11,12,67.45744877092572,13.334060659023933,0.0,0.0,0.0,0.0,1,1,0
103,1,11,11,109.17003968764097,27.417890177064663,0.0,0.0,0.0,0.0,1,1,0
104,1,11,11,54.6704446711108,13.391694204717641,0.0,0.0,0.0,0.0,1,1,0
105,1,11,11,40.726020499133085,9.155999299790617,0.0,0.0,0.0,0.0,1,1,0
106,1,11,12,89.66293245331049,24.186050288076885,0.0,0.0,0.0,0.0,1,1,0
107,1,11,12,90.9577494165511,20.66314780273475,0.0,0.0,0.0,0.0,1,1,0
108,1,11,12,106.42205835187231,29.903393822942625,0.0,0.0,0.0,0.0,1,1,0
109,1,11,13,105.06731330301496,24.72496036217753,0.0,0.0,0.0,0.0,1,1,0
110,1,11,13,105.8128418052485,29.070480773694815,0.0,0.0,0.0,0.0,1,1,0
111,1,11,13,0.0,0.0,0.0,0.0,0.0,0.0,1,1,0
112,1,11,13,0.0,0.0,0.0,0.0,0.0,0.0,1,1,0
113,1,12,14,143.2411363441029,38.799388057792555,0.0,0.0,0.0,0.0,1,1,0
114,1,12,16,144.73481600211142,31.749857850780014,0.0,0.0,0.0,0.0,1,1,0
115,1,12,16,284.3202787652375,48.66377828696072,0.0,0.0,0.0,0.0,1,1,0
116,1,12,16,56.945975098167544,10.470170328525825,0.0,0.0,0.0,0.0,1,1,0
117,1,12,17,0.0,0.0,0.0,0.0,0.0,0.0,1,1,0
118,1,12,17,205.82414715201162,49.440699148939174,0.0,0.0,0.0,0.0,1,1,0
119,1,12,15,124.17362235540944,20.188785077502065,0.0,0.0,0.0,0.0,1,1,0
120,1,12,15,70.90183230046033,15.420373187842591,0.0,0.0,0.0,0.0,1,1,0
121,1,12,17,0.0,0.0,0.0,0.0,0.0,0.0,1,1,0
122,1,12,17,0.0,0.0,0.0,0.0,0.0,0.0,1,1,0
123,1,12,15,0.0,0.0,0.0,0.0,0.0,0.0,1,1,0
124,1,12,16,0.0,0.0,0.0,0.0,0.0,0.0,1,1,0
201,1,21,21,85.73312577159125,19.07852681500884,0.0,0.0,0.0,0.0,1,1,0
202,1,21,22,68.69778469858483,13.118299306039697,0.0,0.0,0.0,0.0,1,1,0
203,1,21,21,155.55172842295468,25.589946928364178,0.0,0.0,0.0,0.0,1,1,0
204,1,21,21,43.45468211758844,9.554426823136628,0.0,0.0,0.0,0.0,1,1,0
205,1,21,21,41.199030601176666,8.760076905972138,0.0,0.0,0.0,0.0,1,1,0
206,1,21,22,83.56034514549225,17.13505554825291,0.0,0.0,0.0,0.0,1,1,0
207,1,21,22,89.67312697492889,21.023346146318364,0.0,0.0,0.0,0.0,1,1,0
208,1,21,22,85.65888789984974,25.487426567077172,0.0,0.0,0.0,0.0,1,1,0
209,1,21,23,126.41834942847841,19.311728777795658,0.0,0.0,0.0,0.0,1,1,0
210,1,21,23,121.62090738997001,23.22269787066802,0.0,0.0,0.0,0.0,1,1,0
211,1,21,23,0.0,0.0,0.0,0.0,0.0,0.0,1,1,0
212,1,21,23,0.0,0.0,0.0,0.0,0.0,0.0,1,1,0
213,1,22,24,136.7817506391937,44.719243393179774,0.0,0.0,0.0,0.0,1,1,0
214,1,22,26,101.84307313762474,20.80302238910864,0.0,0.0,0.0,0.0,1,1,0
215,1,22,26,226.2245621630785,57.190699266672134,0.0,0.0,0.0,0.0,1,1,0
216,1,22,26,71.83852896122262,11.121254237869753,0.0,0.0,0.0,0.0,1,1,0
217,1,22,27,0.0,0.0,0.0,0.0,0.0,0.0,1,1,0
218,1,22,27,233.59893571316223,53.564415781936795,0.0,0.0,0.0,0.0,1,1,0
219,1,22,25,151.80771047213508,31.369797445050626,0.0,0.0,0.0,0.0,1,1,0
220,1,22,25,63.66903790158033,13.272414292881544,0.0,0.0,0.0,0.0,1,1,0
221,1,22,27,0.0,0.0,0.0,0.0,0.0,0.0,1,1,0
222,1,22,27,0.0,0.0,0.0,0.0,0.0,0.0,1,1,0
223,1,22,25,0.0,0.0,0.0,0.0,0.0,0.0,1,1,0
224,1,22,26,0.0,0.0,0.0,0.0,0.0,0.0,1,1,0
301,1,31,31,77.49165212301928,17.465595431616997,0.0,0.0,0.0,0.0,1,1,0
302,1,31,32,83.84167591482594,16.839025243593383,0.0,0.0,0.0,0.0,1,1,0
303,1,31,31,134.0220109619759,19.341563931384307,0.0,0.0,0.0,0.0,1,1,0
304,1,31,31,54.95680815206374,11.469460039943922,0.0,0.0,0.0,0.0,1,1,0
305,1,31,31,52.48114577953793,10.46319418379087,0.0,0.0,0.0,0.0,1,1,0
306,1,31,32,85.75807396917344,14.696965421564878,0.0,0.0,0.0,0.0,1,1,0
307,1,31,32,87.16221361244679,19.68972087318194,0.0,0.0,0.0,0.0,1,1,0
308,1,31,32,112.18487913495325,23.923122108807085,0.0,0.0,0.0,0.0,1,1,0
309,1,31,33,86.43597614772501,18.232934070875867,0.0,0.0,0.0,0.0,1,1,0
310,1,31,33,138.08106694592254,29.411113833295182,0.0,0.0,0.0,0.0,1,1,0
311,1,31,33,0.0,0.0,0.0,0.0,0.0,0.0,1,1,0
312,1,31,33,0.0,0.0,0.0,0.0,0.0,0.0,1,1,0
313,1,32,34,221.45937911886122,35.45561889985129,0.0,0.0,0.0,0.0,1,1,0
314,1,32,36,153.61688829505576,29.098494044098587,0.0,0.0,0.0,0.0,1,1,0
315,1,32,36,250.42534401833078,40.805125613486766,0.0,0.0,0.0,0.0,1,1,0
