% From Raw File 
%% RTS 96 System Bus Data %% 
all_busdata96 = [ 
101,138,2,1,1,1,1.00,0.00,1.1,0.9,1.1,0.9
102,138,2,1,1,1,1.00,0.00,1.1,0.9,1.1,0.9
103,138,1,1,1,1,1.00,0.00,1.1,0.9,1.1,0.9
104,138,1,1,1,1,1.00,0.00,1.1,0.9,1.1,0.9
105,138,1,1,1,1,1.00,0.00,1.1,0.9,1.1,0.9
106,138,1,1,1,1,1.00,0.00,1.1,0.9,1.1,0.9
107,138,2,1,1,1,1.00,0.00,1.1,0.9,1.1,0.9
108,138,1,1,1,1,1.00,0.00,1.1,0.9,1.1,0.9
109,138,1,1,1,1,1.00,0.00,1.1,0.9,1.1,0.9
110,138,1,1,1,1,1.00,0.00,1.1,0.9,1.1,0.9
111,230,1,1,1,1,1.00,0.00,1.1,0.9,1.1,0.9
112,230,1,1,1,1,1.00,0.00,1.1,0.9,1.1,0.9
113,230,3,1,1,1,1.00,0.00,1.1,0.9,1.1,0.9
114,230,2,1,1,1,1.00,0.00,1.1,0.9,1.1,0.9
115,230,2,1,1,1,1.00,0.00,1.1,0.9,1.1,0.9
116,230,2,1,1,1,1.00,0.00,1.1,0.9,1.1,0.9
117,230,1,1,1,1,1.00,0.00,1.1,0.9,1.1,0.9
118,230,2,1,1,1,1.00,0.00,1.1,0.9,1.1,0.9
119,230,1,1,1,1,1.00,0.00,1.1,0.9,1.1,0.9
120,230,1,1,1,1,1.00,0.00,1.1,0.9,1.1,0.9
121,230,2,1,1,1,1.00,0.00,1.1,0.9,1.1,0.9
122,230,2,1,1,1,1.00,0.00,1.1,0.9,1.1,0.9
123,230,2,1,1,1,1.00,0.00,1.1,0.9,1.1,0.9
124,230,1,1,1,1,1.00,0.00,1.1,0.9,1.1,0.9
201,138,2,1,1,1,1.00,0.00,1.1,0.9,1.1,0.9
202,138,2,1,1,1,1.00,0.00,1.1,0.9,1.1,0.9
203,138,1,1,1,1,1.00,0.00,1.1,0.9,1.1,0.9
204,138,1,1,1,1,1.00,0.00,1.1,0.9,1.1,0.9
205,138,1,1,1,1,1.00,0.00,1.1,0.9,1.1,0.9
206,138,1,1,1,1,1.00,0.00,1.1,0.9,1.1,0.9
207,138,2,1,1,1,1.00,0.00,1.1,0.9,1.1,0.9
208,138,1,1,1,1,1.00,0.00,1.1,0.9,1.1,0.9
209,138,1,1,1,1,1.00,0.00,1.1,0.9,1.1,0.9
210,138,1,1,1,1,1.00,0.00,1.1,0.9,1.1,0.9
211,230,1,1,1,1,1.00,0.00,1.1,0.9,1.1,0.9
212,230,1,1,1,1,1.00,0.00,1.1,0.9,1.1,0.9
213,230,2,1,1,1,1.00,0.00,1.1,0.9,1.1,0.9
214,230,2,1,1,1,1.00,0.00,1.1,0.9,1.1,0.9
215,230,2,1,1,1,1.00,0.00,1.1,0.9,1.1,0.9
216,230,2,1,1,1,1.00,0.00,1.1,0.9,1.1,0.9
217,230,1,1,1,1,1.00,0.00,1.1,0.9,1.1,0.9
218,230,2,1,1,1,1.00,0.00,1.1,0.9,1.1,0.9
219,230,1,1,1,1,1.00,0.00,1.1,0.9,1.1,0.9
220,230,1,1,1,1,1.00,0.00,1.1,0.9,1.1,0.9
221,230,2,1,1,1,1.00,0.00,1.1,0.9,1.1,0.9
222,230,2,1,1,1,1.00,0.00,1.1,0.9,1.1,0.9
223,230,2,1,1,1,1.00,0.00,1.1,0.9,1.1,0.9
224,230,1,1,1,1,1.00,0.00,1.1,0.9,1.1,0.9
301,138,2,1,1,1,1.00,0.00,1.1,0.9,1.1,0.9
302,138,2,1,1,1,1.00,0.00,1.1,0.9,1.1,0.9
303,138,1,1,1,1,1.00,0.00,1.1,0.9,1.1,0.9
304,138,1,1,1,1,1.00,0.00,1.1,0.9,1.1,0.9
305,138,1,1,1,1,1.00,0.00,1.1,0.9,1.1,0.9
306,138,1,1,1,1,1.00,0.00,1.1,0.9,1.1,0.9
307,138,2,1,1,1,1.00,0.00,1.1,0.9,1.1,0.9
308,138,1,1,1,1,1.00,0.00,1.1,0.9,1.1,0.9
309,138,1,1,1,1,1.00,0.00,1.1,0.9,1.1,0.9
310,138,1,1,1,1,1.00,0.00,1.1,0.9,1.1,0.9
311,230,1,1,1,1,1.00,0.00,1.1,0.9,1.1,0.9
312,230,1,1,1,1,1.00,0.00,1.1,0.9,1.1,0.9
313,230,2,1,1,1,1.00,0.00,1.1,0.9,1.1,0.9
314,230,2,1,1,1,1.00,0.00,1.1,0.9,1.1,0.9
315,230,2,1,1,1,1.00,0.00,1.1,0.9,1.1,0.9
316,230,2,1,1,1,1.00,0.00,1.1,0.9,1.1,0.9
317,230,1,1,1,1,1.00,0.00,1.1,0.9,1.1,0.9
318,230,2,1,1,1,1.00,0.00,1.1,0.9,1.1,0.9
319,230,1,1,1,1,1.00,0.00,1.1,0.9,1.1,0.9
320,230,1,1,1,1,1.00,0.00,1.1,0.9,1.1,0.9
321,230,2,1,1,1,1.00,0.00,1.1,0.9,1.1,0.9
322,230,2,1,1,1,1.00,0.00,1.1,0.9,1.1,0.9
323,230,2,1,1,1,1.00,0.00,1.1,0.9,1.1,0.9
324,230,1,1,1,1,1.00,0.00,1.1,0.9,1.1,0.9
325,230,1,1,1,1,1.00,0.00,1.1,0.9,1.1,0.9
]; 
all_busName96 = [   ' 101 ';  ' 102 ';  ' 103 ';  ' 104 ';  ' 105 ';  ' 106 ';  ' 107 ';  ' 108 ';  ' 109 ';  ' 110 ';  ' 111 ';  ' 112 ';  ' 113 ';  ' 114 ';  ' 115 ';  ' 116 ';  ' 117 ';  ' 118 ';  ' 119 ';  ' 120 ';  ' 121 ';  ' 122 ';  ' 123 ';  ' 124 ';  ' 201 ';  ' 202 ';  ' 203 ';  ' 204 ';  ' 205 ';  ' 206 ';  ' 207 ';  ' 208 ';  ' 209 ';  ' 210 ';  ' 211 ';  ' 212 ';  ' 213 ';  ' 214 ';  ' 215 ';  ' 216 ';  ' 217 ';  ' 218 ';  ' 219 ';  ' 220 ';  ' 221 ';  ' 222 ';  ' 223 ';  ' 224 ';  ' 301 ';  ' 302 ';  ' 303 ';  ' 304 ';  ' 305 ';  ' 306 ';  ' 307 ';  ' 308 ';  ' 309 ';  ' 310 ';  ' 311 ';  ' 312 ';  ' 313 ';  ' 314 ';  ' 315 ';  ' 316 ';  ' 317 ';  ' 318 ';  ' 319 ';  ' 320 ';  ' 321 ';  ' 322 ';  ' 323 ';  ' 324 ';  ' 325 '; ];
%% RTS 96 System Load Data %% 
all_loaddata96 = [ 
101,1,11,11,96.1672953495428,12.959877988538146,0.0,0.0,0.0,0.0,1,1,0
102,1,11,12,53.31698255921994,17.429666560292244,0.0,0.0,0.0,0.0,1,1,0
103,1,11,11,87.92021930987386,20.839827141460912,0.0,0.0,0.0,0.0,1,1,0
104,1,11,11,39.964642742068406,11.58671421803534,0.0,0.0,0.0,0.0,1,1,0
105,1,11,11,62.55082113473383,12.487093210633658,0.0,0.0,0.0,0.0,1,1,0
106,1,11,12,107.40762780244276,22.777701622959786,0.0,0.0,0.0,0.0,1,1,0
107,1,11,12,81.45582670686417,17.46525113885058,0.0,0.0,0.0,0.0,1,1,0
108,1,11,12,120.6917682240165,19.01309089748561,0.0,0.0,0.0,0.0,1,1,0
109,1,11,13,143.89111189017305,25.005161967817134,0.0,0.0,0.0,0.0,1,1,0
110,1,11,13,125.8531765255595,27.76313901213929,0.0,0.0,0.0,0.0,1,1,0
111,1,11,13,0.0,0.0,0.0,0.0,0.0,0.0,1,1,0
112,1,11,13,0.0,0.0,0.0,0.0,0.0,0.0,1,1,0
113,1,12,14,194.6148049584136,27.450544095910523,0.0,0.0,0.0,0.0,1,1,0
114,1,12,16,150.60820936586364,22.629975422947762,0.0,0.0,0.0,0.0,1,1,0
115,1,12,16,165.46025576134454,40.326394633966686,0.0,0.0,0.0,0.0,1,1,0
116,1,12,16,54.61014499135315,11.23926367231272,0.0,0.0,0.0,0.0,1,1,0
117,1,12,17,0.0,0.0,0.0,0.0,0.0,0.0,1,1,0
118,1,12,17,176.40993795386774,59.02878847989422,0.0,0.0,0.0,0.0,1,1,0
119,1,12,15,146.52532196745327,24.970165509969927,0.0,0.0,0.0,0.0,1,1,0
120,1,12,15,68.70250683909057,17.65343487017071,0.0,0.0,0.0,0.0,1,1,0
121,1,12,17,0.0,0.0,0.0,0.0,0.0,0.0,1,1,0
122,1,12,17,0.0,0.0,0.0,0.0,0.0,0.0,1,1,0
123,1,12,15,0.0,0.0,0.0,0.0,0.0,0.0,1,1,0
124,1,12,16,0.0,0.0,0.0,0.0,0.0,0.0,1,1,0
201,1,21,21,80.41832749319337,17.26690242607277,0.0,0.0,0.0,0.0,1,1,0
202,1,21,22,76.79693661038415,17.748957414390517,0.0,0.0,0.0,0.0,1,1,0
203,1,21,21,132.09873309882357,19.557029774946205,0.0,0.0,0.0,0.0,1,1,0
204,1,21,21,65.69251064837258,8.410459335427264,0.0,0.0,0.0,0.0,1,1,0
205,1,21,21,52.64738516034787,6.920636522274278,0.0,0.0,0.0,0.0,1,1,0
206,1,21,22,88.17154461170622,17.93507906896211,0.0,0.0,0.0,0.0,1,1,0
207,1,21,22,99.00063929189345,20.633650668044574,0.0,0.0,0.0,0.0,1,1,0
208,1,21,22,126.50276815228905,25.25223182877945,0.0,0.0,0.0,0.0,1,1,0
209,1,21,23,153.96939906943473,18.036780076798795,0.0,0.0,0.0,0.0,1,1,0
210,1,21,23,95.77347496939076,24.954362369952722,0.0,0.0,0.0,0.0,1,1,0
211,1,21,23,0.0,0.0,0.0,0.0,0.0,0.0,1,1,0
212,1,21,23,0.0,0.0,0.0,0.0,0.0,0.0,1,1,0
213,1,22,24,160.05077226720124,36.41992064961846,0.0,0.0,0.0,0.0,1,1,0
214,1,22,26,143.6770587403044,22.28706326080668,0.0,0.0,0.0,0.0,1,1,0
215,1,22,26,207.90649331045194,42.619013477057216,0.0,0.0,0.0,0.0,1,1,0
216,1,22,26,54.6944457190996,16.397656126965767,0.0,0.0,0.0,0.0,1,1,0
217,1,22,27,0.0,0.0,0.0,0.0,0.0,0.0,1,1,0
218,1,22,27,199.1116068411362,51.08107639257108,0.0,0.0,0.0,0.0,1,1,0
219,1,22,25,149.00806579018166,22.965008401716172,0.0,0.0,0.0,0.0,1,1,0
220,1,22,25,111.18975986588,16.01079492658591,0.0,0.0,0.0,0.0,1,1,0
221,1,22,27,0.0,0.0,0.0,0.0,0.0,0.0,1,1,0
222,1,22,27,0.0,0.0,0.0,0.0,0.0,0.0,1,1,0
223,1,22,25,0.0,0.0,0.0,0.0,0.0,0.0,1,1,0
224,1,22,26,0.0,0.0,0.0,0.0,0.0,0.0,1,1,0
301,1,31,31,74.83882660740595,13.787933567145187,0.0,0.0,0.0,0.0,1,1,0
302,1,31,32,72.51837352771852,14.233757178992963,0.0,0.0,0.0,0.0,1,1,0
303,1,31,31,120.06281437510717,19.743399067135993,0.0,0.0,0.0,0.0,1,1,0
304,1,31,31,52.52972290509072,11.936660680913832,0.0,0.0,0.0,0.0,1,1,0
305,1,31,31,58.88961586581753,10.077089115901943,0.0,0.0,0.0,0.0,1,1,0
306,1,31,32,79.74880894154124,19.609993042841925,0.0,0.0,0.0,0.0,1,1,0
307,1,31,32,74.01546435997007,15.909622502223355,0.0,0.0,0.0,0.0,1,1,0
308,1,31,32,114.42750345084741,18.40134964428213,0.0,0.0,0.0,0.0,1,1,0
309,1,31,33,134.12795704396908,26.004738766715302,0.0,0.0,0.0,0.0,1,1,0
310,1,31,33,110.17122560945595,20.6454369926434,0.0,0.0,0.0,0.0,1,1,0
311,1,31,33,0.0,0.0,0.0,0.0,0.0,0.0,1,1,0
312,1,31,33,0.0,0.0,0.0,0.0,0.0,0.0,1,1,0
313,1,32,34,213.56507647491551,45.2061158381911,0.0,0.0,0.0,0.0,1,1,0
314,1,32,36,99.35711982193719,19.76829700865317,0.0,0.0,0.0,0.0,1,1,0
315,1,32,36,225.87543470542127,48.87957368255854,0.0,0.0,0.0,0.0,1,1,0
