% From Raw File 
%% RTS 96 System Bus Data %% 
all_busdata96 = [ 
101,138,2,1,1,1,1.00,0.00,1.1,0.9,1.1,0.9
102,138,2,1,1,1,1.00,0.00,1.1,0.9,1.1,0.9
103,138,1,1,1,1,1.00,0.00,1.1,0.9,1.1,0.9
104,138,1,1,1,1,1.00,0.00,1.1,0.9,1.1,0.9
105,138,1,1,1,1,1.00,0.00,1.1,0.9,1.1,0.9
106,138,1,1,1,1,1.00,0.00,1.1,0.9,1.1,0.9
107,138,2,1,1,1,1.00,0.00,1.1,0.9,1.1,0.9
108,138,1,1,1,1,1.00,0.00,1.1,0.9,1.1,0.9
109,138,1,1,1,1,1.00,0.00,1.1,0.9,1.1,0.9
110,138,1,1,1,1,1.00,0.00,1.1,0.9,1.1,0.9
111,230,1,1,1,1,1.00,0.00,1.1,0.9,1.1,0.9
112,230,1,1,1,1,1.00,0.00,1.1,0.9,1.1,0.9
113,230,3,1,1,1,1.00,0.00,1.1,0.9,1.1,0.9
114,230,2,1,1,1,1.00,0.00,1.1,0.9,1.1,0.9
115,230,2,1,1,1,1.00,0.00,1.1,0.9,1.1,0.9
116,230,2,1,1,1,1.00,0.00,1.1,0.9,1.1,0.9
117,230,1,1,1,1,1.00,0.00,1.1,0.9,1.1,0.9
118,230,2,1,1,1,1.00,0.00,1.1,0.9,1.1,0.9
119,230,1,1,1,1,1.00,0.00,1.1,0.9,1.1,0.9
120,230,1,1,1,1,1.00,0.00,1.1,0.9,1.1,0.9
121,230,2,1,1,1,1.00,0.00,1.1,0.9,1.1,0.9
122,230,2,1,1,1,1.00,0.00,1.1,0.9,1.1,0.9
123,230,2,1,1,1,1.00,0.00,1.1,0.9,1.1,0.9
124,230,1,1,1,1,1.00,0.00,1.1,0.9,1.1,0.9
201,138,2,1,1,1,1.00,0.00,1.1,0.9,1.1,0.9
202,138,2,1,1,1,1.00,0.00,1.1,0.9,1.1,0.9
203,138,1,1,1,1,1.00,0.00,1.1,0.9,1.1,0.9
204,138,1,1,1,1,1.00,0.00,1.1,0.9,1.1,0.9
205,138,1,1,1,1,1.00,0.00,1.1,0.9,1.1,0.9
206,138,1,1,1,1,1.00,0.00,1.1,0.9,1.1,0.9
207,138,2,1,1,1,1.00,0.00,1.1,0.9,1.1,0.9
208,138,1,1,1,1,1.00,0.00,1.1,0.9,1.1,0.9
209,138,1,1,1,1,1.00,0.00,1.1,0.9,1.1,0.9
210,138,1,1,1,1,1.00,0.00,1.1,0.9,1.1,0.9
211,230,1,1,1,1,1.00,0.00,1.1,0.9,1.1,0.9
212,230,1,1,1,1,1.00,0.00,1.1,0.9,1.1,0.9
213,230,2,1,1,1,1.00,0.00,1.1,0.9,1.1,0.9
214,230,2,1,1,1,1.00,0.00,1.1,0.9,1.1,0.9
215,230,2,1,1,1,1.00,0.00,1.1,0.9,1.1,0.9
216,230,2,1,1,1,1.00,0.00,1.1,0.9,1.1,0.9
217,230,1,1,1,1,1.00,0.00,1.1,0.9,1.1,0.9
218,230,2,1,1,1,1.00,0.00,1.1,0.9,1.1,0.9
219,230,1,1,1,1,1.00,0.00,1.1,0.9,1.1,0.9
220,230,1,1,1,1,1.00,0.00,1.1,0.9,1.1,0.9
221,230,2,1,1,1,1.00,0.00,1.1,0.9,1.1,0.9
222,230,2,1,1,1,1.00,0.00,1.1,0.9,1.1,0.9
223,230,2,1,1,1,1.00,0.00,1.1,0.9,1.1,0.9
224,230,1,1,1,1,1.00,0.00,1.1,0.9,1.1,0.9
301,138,2,1,1,1,1.00,0.00,1.1,0.9,1.1,0.9
302,138,2,1,1,1,1.00,0.00,1.1,0.9,1.1,0.9
303,138,1,1,1,1,1.00,0.00,1.1,0.9,1.1,0.9
304,138,1,1,1,1,1.00,0.00,1.1,0.9,1.1,0.9
305,138,1,1,1,1,1.00,0.00,1.1,0.9,1.1,0.9
306,138,1,1,1,1,1.00,0.00,1.1,0.9,1.1,0.9
307,138,2,1,1,1,1.00,0.00,1.1,0.9,1.1,0.9
308,138,1,1,1,1,1.00,0.00,1.1,0.9,1.1,0.9
309,138,1,1,1,1,1.00,0.00,1.1,0.9,1.1,0.9
310,138,1,1,1,1,1.00,0.00,1.1,0.9,1.1,0.9
311,230,1,1,1,1,1.00,0.00,1.1,0.9,1.1,0.9
312,230,1,1,1,1,1.00,0.00,1.1,0.9,1.1,0.9
313,230,2,1,1,1,1.00,0.00,1.1,0.9,1.1,0.9
314,230,2,1,1,1,1.00,0.00,1.1,0.9,1.1,0.9
315,230,2,1,1,1,1.00,0.00,1.1,0.9,1.1,0.9
316,230,2,1,1,1,1.00,0.00,1.1,0.9,1.1,0.9
317,230,1,1,1,1,1.00,0.00,1.1,0.9,1.1,0.9
318,230,2,1,1,1,1.00,0.00,1.1,0.9,1.1,0.9
319,230,1,1,1,1,1.00,0.00,1.1,0.9,1.1,0.9
320,230,1,1,1,1,1.00,0.00,1.1,0.9,1.1,0.9
321,230,2,1,1,1,1.00,0.00,1.1,0.9,1.1,0.9
322,230,2,1,1,1,1.00,0.00,1.1,0.9,1.1,0.9
323,230,2,1,1,1,1.00,0.00,1.1,0.9,1.1,0.9
324,230,1,1,1,1,1.00,0.00,1.1,0.9,1.1,0.9
325,230,1,1,1,1,1.00,0.00,1.1,0.9,1.1,0.9
]; 
all_busName96 = [   ' 101 ';  ' 102 ';  ' 103 ';  ' 104 ';  ' 105 ';  ' 106 ';  ' 107 ';  ' 108 ';  ' 109 ';  ' 110 ';  ' 111 ';  ' 112 ';  ' 113 ';  ' 114 ';  ' 115 ';  ' 116 ';  ' 117 ';  ' 118 ';  ' 119 ';  ' 120 ';  ' 121 ';  ' 122 ';  ' 123 ';  ' 124 ';  ' 201 ';  ' 202 ';  ' 203 ';  ' 204 ';  ' 205 ';  ' 206 ';  ' 207 ';  ' 208 ';  ' 209 ';  ' 210 ';  ' 211 ';  ' 212 ';  ' 213 ';  ' 214 ';  ' 215 ';  ' 216 ';  ' 217 ';  ' 218 ';  ' 219 ';  ' 220 ';  ' 221 ';  ' 222 ';  ' 223 ';  ' 224 ';  ' 301 ';  ' 302 ';  ' 303 ';  ' 304 ';  ' 305 ';  ' 306 ';  ' 307 ';  ' 308 ';  ' 309 ';  ' 310 ';  ' 311 ';  ' 312 ';  ' 313 ';  ' 314 ';  ' 315 ';  ' 316 ';  ' 317 ';  ' 318 ';  ' 319 ';  ' 320 ';  ' 321 ';  ' 322 ';  ' 323 ';  ' 324 ';  ' 325 '; ];
%% RTS 96 System Load Data %% 
all_loaddata96 = [ 
101,1,11,11,64.71280448920223,18.217527149034108,0.0,0.0,0.0,0.0,1,1,0
102,1,11,12,74.41076854086822,12.132230812543071,0.0,0.0,0.0,0.0,1,1,0
103,1,11,11,128.7773542437572,30.69564479212174,0.0,0.0,0.0,0.0,1,1,0
104,1,11,11,38.58264241974865,7.50044531723787,0.0,0.0,0.0,0.0,1,1,0
105,1,11,11,61.227323241637556,11.607198391615134,0.0,0.0,0.0,0.0,1,1,0
106,1,11,12,115.15047335034909,18.286616583729163,0.0,0.0,0.0,0.0,1,1,0
107,1,11,12,71.28699873912265,16.43209971404518,0.0,0.0,0.0,0.0,1,1,0
108,1,11,12,132.8668241924983,31.04199016187852,0.0,0.0,0.0,0.0,1,1,0
109,1,11,13,88.80415875410428,28.85015178540051,0.0,0.0,0.0,0.0,1,1,0
110,1,11,13,106.67698629338177,21.247633358314634,0.0,0.0,0.0,0.0,1,1,0
111,1,11,13,0.0,0.0,0.0,0.0,0.0,0.0,1,1,0
112,1,11,13,0.0,0.0,0.0,0.0,0.0,0.0,1,1,0
113,1,12,14,165.41650726553752,41.992500115208145,0.0,0.0,0.0,0.0,1,1,0
114,1,12,16,119.10596395993699,25.26048216438317,0.0,0.0,0.0,0.0,1,1,0
115,1,12,16,214.27074478831443,32.88765198165178,0.0,0.0,0.0,0.0,1,1,0
116,1,12,16,63.4825808796985,17.296337277869693,0.0,0.0,0.0,0.0,1,1,0
117,1,12,17,0.0,0.0,0.0,0.0,0.0,0.0,1,1,0
118,1,12,17,204.90734507462412,51.18805202037133,0.0,0.0,0.0,0.0,1,1,0
119,1,12,15,100.32141916927533,21.214430410870673,0.0,0.0,0.0,0.0,1,1,0
120,1,12,15,95.22792598954437,15.466140694420226,0.0,0.0,0.0,0.0,1,1,0
121,1,12,17,0.0,0.0,0.0,0.0,0.0,0.0,1,1,0
122,1,12,17,0.0,0.0,0.0,0.0,0.0,0.0,1,1,0
123,1,12,15,0.0,0.0,0.0,0.0,0.0,0.0,1,1,0
124,1,12,16,0.0,0.0,0.0,0.0,0.0,0.0,1,1,0
201,1,21,21,52.79967611538189,13.986789854865522,0.0,0.0,0.0,0.0,1,1,0
202,1,21,22,77.31814964127001,11.062324901551007,0.0,0.0,0.0,0.0,1,1,0
203,1,21,21,130.66081308797746,24.187078245570742,0.0,0.0,0.0,0.0,1,1,0
204,1,21,21,47.621947743872646,9.99784395236196,0.0,0.0,0.0,0.0,1,1,0
205,1,21,21,55.739569265590426,7.864335932074673,0.0,0.0,0.0,0.0,1,1,0
206,1,21,22,90.8639954259284,13.910798495380952,0.0,0.0,0.0,0.0,1,1,0
207,1,21,22,81.33502687158762,12.655472425804472,0.0,0.0,0.0,0.0,1,1,0
208,1,21,22,99.0852379351701,29.4852448909313,0.0,0.0,0.0,0.0,1,1,0
209,1,21,23,137.5165409938444,31.374526627942178,0.0,0.0,0.0,0.0,1,1,0
210,1,21,23,148.51901642006985,31.77832889281399,0.0,0.0,0.0,0.0,1,1,0
211,1,21,23,0.0,0.0,0.0,0.0,0.0,0.0,1,1,0
212,1,21,23,0.0,0.0,0.0,0.0,0.0,0.0,1,1,0
213,1,22,24,220.76581658187186,39.53375863683214,0.0,0.0,0.0,0.0,1,1,0
214,1,22,26,130.84605427919962,30.433354658373165,0.0,0.0,0.0,0.0,1,1,0
215,1,22,26,256.97816931229363,37.29752996705174,0.0,0.0,0.0,0.0,1,1,0
216,1,22,26,66.67899957389105,13.147156417521646,0.0,0.0,0.0,0.0,1,1,0
217,1,22,27,0.0,0.0,0.0,0.0,0.0,0.0,1,1,0
218,1,22,27,212.7543145601104,33.759756153457424,0.0,0.0,0.0,0.0,1,1,0
219,1,22,25,114.38627532723109,26.338969287582717,0.0,0.0,0.0,0.0,1,1,0
220,1,22,25,70.08228895733355,15.52793823749358,0.0,0.0,0.0,0.0,1,1,0
221,1,22,27,0.0,0.0,0.0,0.0,0.0,0.0,1,1,0
222,1,22,27,0.0,0.0,0.0,0.0,0.0,0.0,1,1,0
223,1,22,25,0.0,0.0,0.0,0.0,0.0,0.0,1,1,0
224,1,22,26,0.0,0.0,0.0,0.0,0.0,0.0,1,1,0
301,1,31,31,70.49656956151296,19.220436693082007,0.0,0.0,0.0,0.0,1,1,0
302,1,31,32,48.67827088152026,16.792402883268892,0.0,0.0,0.0,0.0,1,1,0
303,1,31,31,106.747687881371,30.472081268061693,0.0,0.0,0.0,0.0,1,1,0
304,1,31,31,53.14918719055541,7.687198871963192,0.0,0.0,0.0,0.0,1,1,0
305,1,31,31,60.727151687654626,10.161551218260918,0.0,0.0,0.0,0.0,1,1,0
306,1,31,32,105.54402020645254,22.2104080728421,0.0,0.0,0.0,0.0,1,1,0
307,1,31,32,110.77017854859587,19.854075613314055,0.0,0.0,0.0,0.0,1,1,0
308,1,31,32,140.9746901863181,22.40609091514,0.0,0.0,0.0,0.0,1,1,0
309,1,31,33,89.1948660692945,26.11882156865448,0.0,0.0,0.0,0.0,1,1,0
310,1,31,33,135.87793054727115,35.08414545615949,0.0,0.0,0.0,0.0,1,1,0
311,1,31,33,0.0,0.0,0.0,0.0,0.0,0.0,1,1,0
312,1,31,33,0.0,0.0,0.0,0.0,0.0,0.0,1,1,0
313,1,32,34,136.70832628639508,41.79043637472326,0.0,0.0,0.0,0.0,1,1,0
314,1,32,36,139.53620648572203,28.665476679096557,0.0,0.0,0.0,0.0,1,1,0
315,1,32,36,234.1284645888033,53.70416593512297,0.0,0.0,0.0,0.0,1,1,0
