% From Raw File 
%% RTS 96 System Bus Data %% 
all_busdata96 = [ 
101,138,2,1,1,1,1.00,0.00,1.1,0.9,1.1,0.9
102,138,2,1,1,1,1.00,0.00,1.1,0.9,1.1,0.9
103,138,1,1,1,1,1.00,0.00,1.1,0.9,1.1,0.9
104,138,1,1,1,1,1.00,0.00,1.1,0.9,1.1,0.9
105,138,1,1,1,1,1.00,0.00,1.1,0.9,1.1,0.9
106,138,1,1,1,1,1.00,0.00,1.1,0.9,1.1,0.9
107,138,2,1,1,1,1.00,0.00,1.1,0.9,1.1,0.9
108,138,1,1,1,1,1.00,0.00,1.1,0.9,1.1,0.9
109,138,1,1,1,1,1.00,0.00,1.1,0.9,1.1,0.9
110,138,1,1,1,1,1.00,0.00,1.1,0.9,1.1,0.9
111,230,1,1,1,1,1.00,0.00,1.1,0.9,1.1,0.9
112,230,1,1,1,1,1.00,0.00,1.1,0.9,1.1,0.9
113,230,3,1,1,1,1.00,0.00,1.1,0.9,1.1,0.9
114,230,2,1,1,1,1.00,0.00,1.1,0.9,1.1,0.9
115,230,2,1,1,1,1.00,0.00,1.1,0.9,1.1,0.9
116,230,2,1,1,1,1.00,0.00,1.1,0.9,1.1,0.9
117,230,1,1,1,1,1.00,0.00,1.1,0.9,1.1,0.9
118,230,2,1,1,1,1.00,0.00,1.1,0.9,1.1,0.9
119,230,1,1,1,1,1.00,0.00,1.1,0.9,1.1,0.9
120,230,1,1,1,1,1.00,0.00,1.1,0.9,1.1,0.9
121,230,2,1,1,1,1.00,0.00,1.1,0.9,1.1,0.9
122,230,2,1,1,1,1.00,0.00,1.1,0.9,1.1,0.9
123,230,2,1,1,1,1.00,0.00,1.1,0.9,1.1,0.9
124,230,1,1,1,1,1.00,0.00,1.1,0.9,1.1,0.9
201,138,2,1,1,1,1.00,0.00,1.1,0.9,1.1,0.9
202,138,2,1,1,1,1.00,0.00,1.1,0.9,1.1,0.9
203,138,1,1,1,1,1.00,0.00,1.1,0.9,1.1,0.9
204,138,1,1,1,1,1.00,0.00,1.1,0.9,1.1,0.9
205,138,1,1,1,1,1.00,0.00,1.1,0.9,1.1,0.9
206,138,1,1,1,1,1.00,0.00,1.1,0.9,1.1,0.9
207,138,2,1,1,1,1.00,0.00,1.1,0.9,1.1,0.9
208,138,1,1,1,1,1.00,0.00,1.1,0.9,1.1,0.9
209,138,1,1,1,1,1.00,0.00,1.1,0.9,1.1,0.9
210,138,1,1,1,1,1.00,0.00,1.1,0.9,1.1,0.9
211,230,1,1,1,1,1.00,0.00,1.1,0.9,1.1,0.9
212,230,1,1,1,1,1.00,0.00,1.1,0.9,1.1,0.9
213,230,2,1,1,1,1.00,0.00,1.1,0.9,1.1,0.9
214,230,2,1,1,1,1.00,0.00,1.1,0.9,1.1,0.9
215,230,2,1,1,1,1.00,0.00,1.1,0.9,1.1,0.9
216,230,2,1,1,1,1.00,0.00,1.1,0.9,1.1,0.9
217,230,1,1,1,1,1.00,0.00,1.1,0.9,1.1,0.9
218,230,2,1,1,1,1.00,0.00,1.1,0.9,1.1,0.9
219,230,1,1,1,1,1.00,0.00,1.1,0.9,1.1,0.9
220,230,1,1,1,1,1.00,0.00,1.1,0.9,1.1,0.9
221,230,2,1,1,1,1.00,0.00,1.1,0.9,1.1,0.9
222,230,2,1,1,1,1.00,0.00,1.1,0.9,1.1,0.9
223,230,2,1,1,1,1.00,0.00,1.1,0.9,1.1,0.9
224,230,1,1,1,1,1.00,0.00,1.1,0.9,1.1,0.9
301,138,2,1,1,1,1.00,0.00,1.1,0.9,1.1,0.9
302,138,2,1,1,1,1.00,0.00,1.1,0.9,1.1,0.9
303,138,1,1,1,1,1.00,0.00,1.1,0.9,1.1,0.9
304,138,1,1,1,1,1.00,0.00,1.1,0.9,1.1,0.9
305,138,1,1,1,1,1.00,0.00,1.1,0.9,1.1,0.9
306,138,1,1,1,1,1.00,0.00,1.1,0.9,1.1,0.9
307,138,2,1,1,1,1.00,0.00,1.1,0.9,1.1,0.9
308,138,1,1,1,1,1.00,0.00,1.1,0.9,1.1,0.9
309,138,1,1,1,1,1.00,0.00,1.1,0.9,1.1,0.9
310,138,1,1,1,1,1.00,0.00,1.1,0.9,1.1,0.9
311,230,1,1,1,1,1.00,0.00,1.1,0.9,1.1,0.9
312,230,1,1,1,1,1.00,0.00,1.1,0.9,1.1,0.9
313,230,2,1,1,1,1.00,0.00,1.1,0.9,1.1,0.9
314,230,2,1,1,1,1.00,0.00,1.1,0.9,1.1,0.9
315,230,2,1,1,1,1.00,0.00,1.1,0.9,1.1,0.9
316,230,2,1,1,1,1.00,0.00,1.1,0.9,1.1,0.9
317,230,1,1,1,1,1.00,0.00,1.1,0.9,1.1,0.9
318,230,2,1,1,1,1.00,0.00,1.1,0.9,1.1,0.9
319,230,1,1,1,1,1.00,0.00,1.1,0.9,1.1,0.9
320,230,1,1,1,1,1.00,0.00,1.1,0.9,1.1,0.9
321,230,2,1,1,1,1.00,0.00,1.1,0.9,1.1,0.9
322,230,2,1,1,1,1.00,0.00,1.1,0.9,1.1,0.9
323,230,2,1,1,1,1.00,0.00,1.1,0.9,1.1,0.9
324,230,1,1,1,1,1.00,0.00,1.1,0.9,1.1,0.9
325,230,1,1,1,1,1.00,0.00,1.1,0.9,1.1,0.9
]; 
all_busName96 = [   ' 101 ';  ' 102 ';  ' 103 ';  ' 104 ';  ' 105 ';  ' 106 ';  ' 107 ';  ' 108 ';  ' 109 ';  ' 110 ';  ' 111 ';  ' 112 ';  ' 113 ';  ' 114 ';  ' 115 ';  ' 116 ';  ' 117 ';  ' 118 ';  ' 119 ';  ' 120 ';  ' 121 ';  ' 122 ';  ' 123 ';  ' 124 ';  ' 201 ';  ' 202 ';  ' 203 ';  ' 204 ';  ' 205 ';  ' 206 ';  ' 207 ';  ' 208 ';  ' 209 ';  ' 210 ';  ' 211 ';  ' 212 ';  ' 213 ';  ' 214 ';  ' 215 ';  ' 216 ';  ' 217 ';  ' 218 ';  ' 219 ';  ' 220 ';  ' 221 ';  ' 222 ';  ' 223 ';  ' 224 ';  ' 301 ';  ' 302 ';  ' 303 ';  ' 304 ';  ' 305 ';  ' 306 ';  ' 307 ';  ' 308 ';  ' 309 ';  ' 310 ';  ' 311 ';  ' 312 ';  ' 313 ';  ' 314 ';  ' 315 ';  ' 316 ';  ' 317 ';  ' 318 ';  ' 319 ';  ' 320 ';  ' 321 ';  ' 322 ';  ' 323 ';  ' 324 ';  ' 325 '; ];
%% RTS 96 System Load Data %% 
all_loaddata96 = [ 
101,1,11,11,63.281421871849886,15.102223916383368,0.0,0.0,0.0,0.0,1,1,0
102,1,11,12,57.58031402046424,10.340220539339818,0.0,0.0,0.0,0.0,1,1,0
103,1,11,11,103.23194513659458,27.825314940547102,0.0,0.0,0.0,0.0,1,1,0
104,1,11,11,45.043516375385316,11.353217682311078,0.0,0.0,0.0,0.0,1,1,0
105,1,11,11,47.77891127535236,8.822742430361453,0.0,0.0,0.0,0.0,1,1,0
106,1,11,12,68.0643786529094,22.50692092822529,0.0,0.0,0.0,0.0,1,1,0
107,1,11,12,112.42249026018544,18.87133861368522,0.0,0.0,0.0,0.0,1,1,0
108,1,11,12,152.59027575082536,27.66101840721094,0.0,0.0,0.0,0.0,1,1,0
109,1,11,13,115.94255334539689,21.752602100547218,0.0,0.0,0.0,0.0,1,1,0
110,1,11,13,108.12008739707059,33.80384390017949,0.0,0.0,0.0,0.0,1,1,0
111,1,11,13,0.0,0.0,0.0,0.0,0.0,0.0,1,1,0
112,1,11,13,0.0,0.0,0.0,0.0,0.0,0.0,1,1,0
113,1,12,14,195.36899517902756,40.07086473574647,0.0,0.0,0.0,0.0,1,1,0
114,1,12,16,173.44647205790878,30.083732385460753,0.0,0.0,0.0,0.0,1,1,0
115,1,12,16,256.2218083658381,51.37576737654805,0.0,0.0,0.0,0.0,1,1,0
116,1,12,16,68.14390949313528,17.89943155377824,0.0,0.0,0.0,0.0,1,1,0
117,1,12,17,0.0,0.0,0.0,0.0,0.0,0.0,1,1,0
118,1,12,17,262.7845658691603,47.32073368700501,0.0,0.0,0.0,0.0,1,1,0
119,1,12,15,121.97246459644573,18.266882052657984,0.0,0.0,0.0,0.0,1,1,0
120,1,12,15,88.99855012232065,21.19098675162457,0.0,0.0,0.0,0.0,1,1,0
121,1,12,17,0.0,0.0,0.0,0.0,0.0,0.0,1,1,0
122,1,12,17,0.0,0.0,0.0,0.0,0.0,0.0,1,1,0
123,1,12,15,0.0,0.0,0.0,0.0,0.0,0.0,1,1,0
124,1,12,16,0.0,0.0,0.0,0.0,0.0,0.0,1,1,0
201,1,21,21,57.372188732242016,17.213743422152383,0.0,0.0,0.0,0.0,1,1,0
202,1,21,22,62.80043556943825,16.66189197763335,0.0,0.0,0.0,0.0,1,1,0
203,1,21,21,117.75889203321374,27.82580038120765,0.0,0.0,0.0,0.0,1,1,0
204,1,21,21,53.18130524306287,12.044899113191525,0.0,0.0,0.0,0.0,1,1,0
205,1,21,21,55.88126794605386,8.158418655816558,0.0,0.0,0.0,0.0,1,1,0
206,1,21,22,69.88163609007597,15.965855630146713,0.0,0.0,0.0,0.0,1,1,0
207,1,21,22,77.17833082692815,16.24283936625696,0.0,0.0,0.0,0.0,1,1,0
208,1,21,22,129.71848179644786,20.758028601059454,0.0,0.0,0.0,0.0,1,1,0
209,1,21,23,137.7300590006495,22.816232088242657,0.0,0.0,0.0,0.0,1,1,0
210,1,21,23,94.7751202426208,19.682250041853635,0.0,0.0,0.0,0.0,1,1,0
211,1,21,23,0.0,0.0,0.0,0.0,0.0,0.0,1,1,0
212,1,21,23,0.0,0.0,0.0,0.0,0.0,0.0,1,1,0
213,1,22,24,222.14776475153496,41.056836027338726,0.0,0.0,0.0,0.0,1,1,0
214,1,22,26,124.48769708248108,31.54109498108388,0.0,0.0,0.0,0.0,1,1,0
215,1,22,26,237.22978212551547,46.86237180320621,0.0,0.0,0.0,0.0,1,1,0
216,1,22,26,83.0220574367931,11.002544918116183,0.0,0.0,0.0,0.0,1,1,0
217,1,22,27,0.0,0.0,0.0,0.0,0.0,0.0,1,1,0
218,1,22,27,273.17102358384176,46.97471297390778,0.0,0.0,0.0,0.0,1,1,0
219,1,22,25,156.90115869513733,23.79851135912854,0.0,0.0,0.0,0.0,1,1,0
220,1,22,25,80.66504009200929,19.435965448647178,0.0,0.0,0.0,0.0,1,1,0
221,1,22,27,0.0,0.0,0.0,0.0,0.0,0.0,1,1,0
222,1,22,27,0.0,0.0,0.0,0.0,0.0,0.0,1,1,0
223,1,22,25,0.0,0.0,0.0,0.0,0.0,0.0,1,1,0
224,1,22,26,0.0,0.0,0.0,0.0,0.0,0.0,1,1,0
301,1,31,31,54.649150370264046,17.0523501152331,0.0,0.0,0.0,0.0,1,1,0
302,1,31,32,49.667985383367636,12.0555987750208,0.0,0.0,0.0,0.0,1,1,0
303,1,31,31,93.35135177063661,31.76460444798935,0.0,0.0,0.0,0.0,1,1,0
304,1,31,31,44.42552290469985,13.086935614156305,0.0,0.0,0.0,0.0,1,1,0
305,1,31,31,40.35281103504547,9.000917326914333,0.0,0.0,0.0,0.0,1,1,0
306,1,31,32,103.96570170134157,14.532937540671227,0.0,0.0,0.0,0.0,1,1,0
307,1,31,32,61.43340718592516,15.811279273823601,0.0,0.0,0.0,0.0,1,1,0
308,1,31,32,89.49805994968679,28.089946765716885,0.0,0.0,0.0,0.0,1,1,0
309,1,31,33,109.75311931461445,21.593634527339972,0.0,0.0,0.0,0.0,1,1,0
310,1,31,33,129.74841297533246,27.121724355166776,0.0,0.0,0.0,0.0,1,1,0
311,1,31,33,0.0,0.0,0.0,0.0,0.0,0.0,1,1,0
312,1,31,33,0.0,0.0,0.0,0.0,0.0,0.0,1,1,0
313,1,32,34,169.87259265190036,29.35849554420076,0.0,0.0,0.0,0.0,1,1,0
314,1,32,36,95.52477738266839,32.07729778271383,0.0,0.0,0.0,0.0,1,1,0
315,1,32,36,224.9059977804536,55.77243365247845,0.0,0.0,0.0,0.0,1,1,0
