% From Raw File 
%% RTS 96 System Bus Data %% 
all_busdata96 = [ 
101,138,2,1,1,1,1.00,0.00,1.1,0.9,1.1,0.9
102,138,2,1,1,1,1.00,0.00,1.1,0.9,1.1,0.9
103,138,1,1,1,1,1.00,0.00,1.1,0.9,1.1,0.9
104,138,1,1,1,1,1.00,0.00,1.1,0.9,1.1,0.9
105,138,1,1,1,1,1.00,0.00,1.1,0.9,1.1,0.9
106,138,1,1,1,1,1.00,0.00,1.1,0.9,1.1,0.9
107,138,2,1,1,1,1.00,0.00,1.1,0.9,1.1,0.9
108,138,1,1,1,1,1.00,0.00,1.1,0.9,1.1,0.9
109,138,1,1,1,1,1.00,0.00,1.1,0.9,1.1,0.9
110,138,1,1,1,1,1.00,0.00,1.1,0.9,1.1,0.9
111,230,1,1,1,1,1.00,0.00,1.1,0.9,1.1,0.9
112,230,1,1,1,1,1.00,0.00,1.1,0.9,1.1,0.9
113,230,3,1,1,1,1.00,0.00,1.1,0.9,1.1,0.9
114,230,2,1,1,1,1.00,0.00,1.1,0.9,1.1,0.9
115,230,2,1,1,1,1.00,0.00,1.1,0.9,1.1,0.9
116,230,2,1,1,1,1.00,0.00,1.1,0.9,1.1,0.9
117,230,1,1,1,1,1.00,0.00,1.1,0.9,1.1,0.9
118,230,2,1,1,1,1.00,0.00,1.1,0.9,1.1,0.9
119,230,1,1,1,1,1.00,0.00,1.1,0.9,1.1,0.9
120,230,1,1,1,1,1.00,0.00,1.1,0.9,1.1,0.9
121,230,2,1,1,1,1.00,0.00,1.1,0.9,1.1,0.9
122,230,2,1,1,1,1.00,0.00,1.1,0.9,1.1,0.9
123,230,2,1,1,1,1.00,0.00,1.1,0.9,1.1,0.9
124,230,1,1,1,1,1.00,0.00,1.1,0.9,1.1,0.9
201,138,2,1,1,1,1.00,0.00,1.1,0.9,1.1,0.9
202,138,2,1,1,1,1.00,0.00,1.1,0.9,1.1,0.9
203,138,1,1,1,1,1.00,0.00,1.1,0.9,1.1,0.9
204,138,1,1,1,1,1.00,0.00,1.1,0.9,1.1,0.9
205,138,1,1,1,1,1.00,0.00,1.1,0.9,1.1,0.9
206,138,1,1,1,1,1.00,0.00,1.1,0.9,1.1,0.9
207,138,2,1,1,1,1.00,0.00,1.1,0.9,1.1,0.9
208,138,1,1,1,1,1.00,0.00,1.1,0.9,1.1,0.9
209,138,1,1,1,1,1.00,0.00,1.1,0.9,1.1,0.9
210,138,1,1,1,1,1.00,0.00,1.1,0.9,1.1,0.9
211,230,1,1,1,1,1.00,0.00,1.1,0.9,1.1,0.9
212,230,1,1,1,1,1.00,0.00,1.1,0.9,1.1,0.9
213,230,2,1,1,1,1.00,0.00,1.1,0.9,1.1,0.9
214,230,2,1,1,1,1.00,0.00,1.1,0.9,1.1,0.9
215,230,2,1,1,1,1.00,0.00,1.1,0.9,1.1,0.9
216,230,2,1,1,1,1.00,0.00,1.1,0.9,1.1,0.9
217,230,1,1,1,1,1.00,0.00,1.1,0.9,1.1,0.9
218,230,2,1,1,1,1.00,0.00,1.1,0.9,1.1,0.9
219,230,1,1,1,1,1.00,0.00,1.1,0.9,1.1,0.9
220,230,1,1,1,1,1.00,0.00,1.1,0.9,1.1,0.9
221,230,2,1,1,1,1.00,0.00,1.1,0.9,1.1,0.9
222,230,2,1,1,1,1.00,0.00,1.1,0.9,1.1,0.9
223,230,2,1,1,1,1.00,0.00,1.1,0.9,1.1,0.9
224,230,1,1,1,1,1.00,0.00,1.1,0.9,1.1,0.9
301,138,2,1,1,1,1.00,0.00,1.1,0.9,1.1,0.9
302,138,2,1,1,1,1.00,0.00,1.1,0.9,1.1,0.9
303,138,1,1,1,1,1.00,0.00,1.1,0.9,1.1,0.9
304,138,1,1,1,1,1.00,0.00,1.1,0.9,1.1,0.9
305,138,1,1,1,1,1.00,0.00,1.1,0.9,1.1,0.9
306,138,1,1,1,1,1.00,0.00,1.1,0.9,1.1,0.9
307,138,2,1,1,1,1.00,0.00,1.1,0.9,1.1,0.9
308,138,1,1,1,1,1.00,0.00,1.1,0.9,1.1,0.9
309,138,1,1,1,1,1.00,0.00,1.1,0.9,1.1,0.9
310,138,1,1,1,1,1.00,0.00,1.1,0.9,1.1,0.9
311,230,1,1,1,1,1.00,0.00,1.1,0.9,1.1,0.9
312,230,1,1,1,1,1.00,0.00,1.1,0.9,1.1,0.9
313,230,2,1,1,1,1.00,0.00,1.1,0.9,1.1,0.9
314,230,2,1,1,1,1.00,0.00,1.1,0.9,1.1,0.9
315,230,2,1,1,1,1.00,0.00,1.1,0.9,1.1,0.9
316,230,2,1,1,1,1.00,0.00,1.1,0.9,1.1,0.9
317,230,1,1,1,1,1.00,0.00,1.1,0.9,1.1,0.9
318,230,2,1,1,1,1.00,0.00,1.1,0.9,1.1,0.9
319,230,1,1,1,1,1.00,0.00,1.1,0.9,1.1,0.9
320,230,1,1,1,1,1.00,0.00,1.1,0.9,1.1,0.9
321,230,2,1,1,1,1.00,0.00,1.1,0.9,1.1,0.9
322,230,2,1,1,1,1.00,0.00,1.1,0.9,1.1,0.9
323,230,2,1,1,1,1.00,0.00,1.1,0.9,1.1,0.9
324,230,1,1,1,1,1.00,0.00,1.1,0.9,1.1,0.9
325,230,1,1,1,1,1.00,0.00,1.1,0.9,1.1,0.9
]; 
all_busName96 = [   ' 101 ';  ' 102 ';  ' 103 ';  ' 104 ';  ' 105 ';  ' 106 ';  ' 107 ';  ' 108 ';  ' 109 ';  ' 110 ';  ' 111 ';  ' 112 ';  ' 113 ';  ' 114 ';  ' 115 ';  ' 116 ';  ' 117 ';  ' 118 ';  ' 119 ';  ' 120 ';  ' 121 ';  ' 122 ';  ' 123 ';  ' 124 ';  ' 201 ';  ' 202 ';  ' 203 ';  ' 204 ';  ' 205 ';  ' 206 ';  ' 207 ';  ' 208 ';  ' 209 ';  ' 210 ';  ' 211 ';  ' 212 ';  ' 213 ';  ' 214 ';  ' 215 ';  ' 216 ';  ' 217 ';  ' 218 ';  ' 219 ';  ' 220 ';  ' 221 ';  ' 222 ';  ' 223 ';  ' 224 ';  ' 301 ';  ' 302 ';  ' 303 ';  ' 304 ';  ' 305 ';  ' 306 ';  ' 307 ';  ' 308 ';  ' 309 ';  ' 310 ';  ' 311 ';  ' 312 ';  ' 313 ';  ' 314 ';  ' 315 ';  ' 316 ';  ' 317 ';  ' 318 ';  ' 319 ';  ' 320 ';  ' 321 ';  ' 322 ';  ' 323 ';  ' 324 ';  ' 325 '; ];
%% RTS 96 System Load Data %% 
all_loaddata96 = [ 
101,1,11,11,85.43022306381202,18.800325808885507,0.0,0.0,0.0,0.0,1,1,0
102,1,11,12,85.35487831742695,15.381376312550156,0.0,0.0,0.0,0.0,1,1,0
103,1,11,11,96.61954325132443,32.526344763632395,0.0,0.0,0.0,0.0,1,1,0
104,1,11,11,37.31517487971502,7.981929932556347,0.0,0.0,0.0,0.0,1,1,0
105,1,11,11,46.346215316738004,9.059193652057182,0.0,0.0,0.0,0.0,1,1,0
106,1,11,12,88.54808584644422,14.874130271914042,0.0,0.0,0.0,0.0,1,1,0
107,1,11,12,110.48766848132365,21.80254475154681,0.0,0.0,0.0,0.0,1,1,0
108,1,11,12,114.89218996396721,26.612880372830432,0.0,0.0,0.0,0.0,1,1,0
109,1,11,13,95.00266433690675,21.75069234245382,0.0,0.0,0.0,0.0,1,1,0
110,1,11,13,160.88771045874128,23.809008851520716,0.0,0.0,0.0,0.0,1,1,0
111,1,11,13,0.0,0.0,0.0,0.0,0.0,0.0,1,1,0
112,1,11,13,0.0,0.0,0.0,0.0,0.0,0.0,1,1,0
113,1,12,14,129.8602866514188,35.44879190927865,0.0,0.0,0.0,0.0,1,1,0
114,1,12,16,113.4489770111952,32.214659666650235,0.0,0.0,0.0,0.0,1,1,0
115,1,12,16,170.08264817577162,40.71936563793718,0.0,0.0,0.0,0.0,1,1,0
116,1,12,16,81.17782256474253,12.980056614590808,0.0,0.0,0.0,0.0,1,1,0
117,1,12,17,0.0,0.0,0.0,0.0,0.0,0.0,1,1,0
118,1,12,17,286.12512650450464,60.234546289449,0.0,0.0,0.0,0.0,1,1,0
119,1,12,15,151.60503220225866,21.163819226280552,0.0,0.0,0.0,0.0,1,1,0
120,1,12,15,68.08477825196384,17.809965280355048,0.0,0.0,0.0,0.0,1,1,0
121,1,12,17,0.0,0.0,0.0,0.0,0.0,0.0,1,1,0
122,1,12,17,0.0,0.0,0.0,0.0,0.0,0.0,1,1,0
123,1,12,15,0.0,0.0,0.0,0.0,0.0,0.0,1,1,0
124,1,12,16,0.0,0.0,0.0,0.0,0.0,0.0,1,1,0
201,1,21,21,88.63792031868583,18.462135441570453,0.0,0.0,0.0,0.0,1,1,0
202,1,21,22,57.88734186672773,11.432563719699159,0.0,0.0,0.0,0.0,1,1,0
203,1,21,21,109.71238726244027,31.10988013884527,0.0,0.0,0.0,0.0,1,1,0
204,1,21,21,37.43106844471022,10.716695023648208,0.0,0.0,0.0,0.0,1,1,0
205,1,21,21,50.56090358251655,8.055836399622446,0.0,0.0,0.0,0.0,1,1,0
206,1,21,22,85.26231340823472,19.18744792744629,0.0,0.0,0.0,0.0,1,1,0
207,1,21,22,103.55524927331716,21.914499173155054,0.0,0.0,0.0,0.0,1,1,0
208,1,21,22,103.19918128339313,31.28881033847714,0.0,0.0,0.0,0.0,1,1,0
209,1,21,23,93.61591399403521,28.918696146774668,0.0,0.0,0.0,0.0,1,1,0
210,1,21,23,146.9579190036985,20.67629995796084,0.0,0.0,0.0,0.0,1,1,0
211,1,21,23,0.0,0.0,0.0,0.0,0.0,0.0,1,1,0
212,1,21,23,0.0,0.0,0.0,0.0,0.0,0.0,1,1,0
213,1,22,24,201.14429583515832,43.577642868043014,0.0,0.0,0.0,0.0,1,1,0
214,1,22,26,131.40109178190167,30.90778063002653,0.0,0.0,0.0,0.0,1,1,0
215,1,22,26,171.75756514643535,34.911658207681775,0.0,0.0,0.0,0.0,1,1,0
216,1,22,26,74.23555420923047,17.387366486948917,0.0,0.0,0.0,0.0,1,1,0
217,1,22,27,0.0,0.0,0.0,0.0,0.0,0.0,1,1,0
218,1,22,27,258.75717703089305,54.73793292652052,0.0,0.0,0.0,0.0,1,1,0
219,1,22,25,125.54057093914706,25.771266802360394,0.0,0.0,0.0,0.0,1,1,0
220,1,22,25,111.0620752704978,22.48092134744106,0.0,0.0,0.0,0.0,1,1,0
221,1,22,27,0.0,0.0,0.0,0.0,0.0,0.0,1,1,0
222,1,22,27,0.0,0.0,0.0,0.0,0.0,0.0,1,1,0
223,1,22,25,0.0,0.0,0.0,0.0,0.0,0.0,1,1,0
224,1,22,26,0.0,0.0,0.0,0.0,0.0,0.0,1,1,0
301,1,31,31,59.001154270275116,11.572047226979489,0.0,0.0,0.0,0.0,1,1,0
302,1,31,32,54.95380500283758,11.43993413335271,0.0,0.0,0.0,0.0,1,1,0
303,1,31,31,144.18860489433445,33.01568763679121,0.0,0.0,0.0,0.0,1,1,0
304,1,31,31,60.11463776567643,11.352945950343507,0.0,0.0,0.0,0.0,1,1,0
305,1,31,31,40.87193352252678,7.339680403849482,0.0,0.0,0.0,0.0,1,1,0
306,1,31,32,91.42164979781248,17.33895211366117,0.0,0.0,0.0,0.0,1,1,0
307,1,31,32,77.92426259885542,12.30242429445614,0.0,0.0,0.0,0.0,1,1,0
308,1,31,32,84.93207895483695,26.637268747002818,0.0,0.0,0.0,0.0,1,1,0
309,1,31,33,156.86567079757575,26.637347962265835,0.0,0.0,0.0,0.0,1,1,0
310,1,31,33,154.0903521481049,33.15808424630575,0.0,0.0,0.0,0.0,1,1,0
311,1,31,33,0.0,0.0,0.0,0.0,0.0,0.0,1,1,0
312,1,31,33,0.0,0.0,0.0,0.0,0.0,0.0,1,1,0
313,1,32,34,194.80412046764698,43.059448791292404,0.0,0.0,0.0,0.0,1,1,0
314,1,32,36,169.7056712881311,30.364557096686354,0.0,0.0,0.0,0.0,1,1,0
315,1,32,36,175.24939369161243,46.34912934135497,0.0,0.0,0.0,0.0,1,1,0
