% From Raw File 
%% RTS 96 System Bus Data %% 
all_busdata96 = [ 
101,138,2,1,1,1,1.00,0.00,1.1,0.9,1.1,0.9
102,138,2,1,1,1,1.00,0.00,1.1,0.9,1.1,0.9
103,138,1,1,1,1,1.00,0.00,1.1,0.9,1.1,0.9
104,138,1,1,1,1,1.00,0.00,1.1,0.9,1.1,0.9
105,138,1,1,1,1,1.00,0.00,1.1,0.9,1.1,0.9
106,138,1,1,1,1,1.00,0.00,1.1,0.9,1.1,0.9
107,138,2,1,1,1,1.00,0.00,1.1,0.9,1.1,0.9
108,138,1,1,1,1,1.00,0.00,1.1,0.9,1.1,0.9
109,138,1,1,1,1,1.00,0.00,1.1,0.9,1.1,0.9
110,138,1,1,1,1,1.00,0.00,1.1,0.9,1.1,0.9
111,230,1,1,1,1,1.00,0.00,1.1,0.9,1.1,0.9
112,230,1,1,1,1,1.00,0.00,1.1,0.9,1.1,0.9
113,230,3,1,1,1,1.00,0.00,1.1,0.9,1.1,0.9
114,230,2,1,1,1,1.00,0.00,1.1,0.9,1.1,0.9
115,230,2,1,1,1,1.00,0.00,1.1,0.9,1.1,0.9
116,230,2,1,1,1,1.00,0.00,1.1,0.9,1.1,0.9
117,230,1,1,1,1,1.00,0.00,1.1,0.9,1.1,0.9
118,230,2,1,1,1,1.00,0.00,1.1,0.9,1.1,0.9
119,230,1,1,1,1,1.00,0.00,1.1,0.9,1.1,0.9
120,230,1,1,1,1,1.00,0.00,1.1,0.9,1.1,0.9
121,230,2,1,1,1,1.00,0.00,1.1,0.9,1.1,0.9
122,230,2,1,1,1,1.00,0.00,1.1,0.9,1.1,0.9
123,230,2,1,1,1,1.00,0.00,1.1,0.9,1.1,0.9
124,230,1,1,1,1,1.00,0.00,1.1,0.9,1.1,0.9
201,138,2,1,1,1,1.00,0.00,1.1,0.9,1.1,0.9
202,138,2,1,1,1,1.00,0.00,1.1,0.9,1.1,0.9
203,138,1,1,1,1,1.00,0.00,1.1,0.9,1.1,0.9
204,138,1,1,1,1,1.00,0.00,1.1,0.9,1.1,0.9
205,138,1,1,1,1,1.00,0.00,1.1,0.9,1.1,0.9
206,138,1,1,1,1,1.00,0.00,1.1,0.9,1.1,0.9
207,138,2,1,1,1,1.00,0.00,1.1,0.9,1.1,0.9
208,138,1,1,1,1,1.00,0.00,1.1,0.9,1.1,0.9
209,138,1,1,1,1,1.00,0.00,1.1,0.9,1.1,0.9
210,138,1,1,1,1,1.00,0.00,1.1,0.9,1.1,0.9
211,230,1,1,1,1,1.00,0.00,1.1,0.9,1.1,0.9
212,230,1,1,1,1,1.00,0.00,1.1,0.9,1.1,0.9
213,230,2,1,1,1,1.00,0.00,1.1,0.9,1.1,0.9
214,230,2,1,1,1,1.00,0.00,1.1,0.9,1.1,0.9
215,230,2,1,1,1,1.00,0.00,1.1,0.9,1.1,0.9
216,230,2,1,1,1,1.00,0.00,1.1,0.9,1.1,0.9
217,230,1,1,1,1,1.00,0.00,1.1,0.9,1.1,0.9
218,230,2,1,1,1,1.00,0.00,1.1,0.9,1.1,0.9
219,230,1,1,1,1,1.00,0.00,1.1,0.9,1.1,0.9
220,230,1,1,1,1,1.00,0.00,1.1,0.9,1.1,0.9
221,230,2,1,1,1,1.00,0.00,1.1,0.9,1.1,0.9
222,230,2,1,1,1,1.00,0.00,1.1,0.9,1.1,0.9
223,230,2,1,1,1,1.00,0.00,1.1,0.9,1.1,0.9
224,230,1,1,1,1,1.00,0.00,1.1,0.9,1.1,0.9
301,138,2,1,1,1,1.00,0.00,1.1,0.9,1.1,0.9
302,138,2,1,1,1,1.00,0.00,1.1,0.9,1.1,0.9
303,138,1,1,1,1,1.00,0.00,1.1,0.9,1.1,0.9
304,138,1,1,1,1,1.00,0.00,1.1,0.9,1.1,0.9
305,138,1,1,1,1,1.00,0.00,1.1,0.9,1.1,0.9
306,138,1,1,1,1,1.00,0.00,1.1,0.9,1.1,0.9
307,138,2,1,1,1,1.00,0.00,1.1,0.9,1.1,0.9
308,138,1,1,1,1,1.00,0.00,1.1,0.9,1.1,0.9
309,138,1,1,1,1,1.00,0.00,1.1,0.9,1.1,0.9
310,138,1,1,1,1,1.00,0.00,1.1,0.9,1.1,0.9
311,230,1,1,1,1,1.00,0.00,1.1,0.9,1.1,0.9
312,230,1,1,1,1,1.00,0.00,1.1,0.9,1.1,0.9
313,230,2,1,1,1,1.00,0.00,1.1,0.9,1.1,0.9
314,230,2,1,1,1,1.00,0.00,1.1,0.9,1.1,0.9
315,230,2,1,1,1,1.00,0.00,1.1,0.9,1.1,0.9
316,230,2,1,1,1,1.00,0.00,1.1,0.9,1.1,0.9
317,230,1,1,1,1,1.00,0.00,1.1,0.9,1.1,0.9
318,230,2,1,1,1,1.00,0.00,1.1,0.9,1.1,0.9
319,230,1,1,1,1,1.00,0.00,1.1,0.9,1.1,0.9
320,230,1,1,1,1,1.00,0.00,1.1,0.9,1.1,0.9
321,230,2,1,1,1,1.00,0.00,1.1,0.9,1.1,0.9
322,230,2,1,1,1,1.00,0.00,1.1,0.9,1.1,0.9
323,230,2,1,1,1,1.00,0.00,1.1,0.9,1.1,0.9
324,230,1,1,1,1,1.00,0.00,1.1,0.9,1.1,0.9
325,230,1,1,1,1,1.00,0.00,1.1,0.9,1.1,0.9
]; 
all_busName96 = [   ' 101 ';  ' 102 ';  ' 103 ';  ' 104 ';  ' 105 ';  ' 106 ';  ' 107 ';  ' 108 ';  ' 109 ';  ' 110 ';  ' 111 ';  ' 112 ';  ' 113 ';  ' 114 ';  ' 115 ';  ' 116 ';  ' 117 ';  ' 118 ';  ' 119 ';  ' 120 ';  ' 121 ';  ' 122 ';  ' 123 ';  ' 124 ';  ' 201 ';  ' 202 ';  ' 203 ';  ' 204 ';  ' 205 ';  ' 206 ';  ' 207 ';  ' 208 ';  ' 209 ';  ' 210 ';  ' 211 ';  ' 212 ';  ' 213 ';  ' 214 ';  ' 215 ';  ' 216 ';  ' 217 ';  ' 218 ';  ' 219 ';  ' 220 ';  ' 221 ';  ' 222 ';  ' 223 ';  ' 224 ';  ' 301 ';  ' 302 ';  ' 303 ';  ' 304 ';  ' 305 ';  ' 306 ';  ' 307 ';  ' 308 ';  ' 309 ';  ' 310 ';  ' 311 ';  ' 312 ';  ' 313 ';  ' 314 ';  ' 315 ';  ' 316 ';  ' 317 ';  ' 318 ';  ' 319 ';  ' 320 ';  ' 321 ';  ' 322 ';  ' 323 ';  ' 324 ';  ' 325 '; ];
%% RTS 96 System Load Data %% 
all_loaddata96 = [ 
101,1,11,11,94.40467033625934,14.480091062929853,0.0,0.0,0.0,0.0,1,1,0
102,1,11,12,65.70825208681423,11.567170934186317,0.0,0.0,0.0,0.0,1,1,0
103,1,11,11,131.22178387377318,28.72348722514682,0.0,0.0,0.0,0.0,1,1,0
104,1,11,11,49.567547495708986,10.364905489275232,0.0,0.0,0.0,0.0,1,1,0
105,1,11,11,62.945035199840596,11.617984695174638,0.0,0.0,0.0,0.0,1,1,0
106,1,11,12,74.49892195195332,20.1088424975574,0.0,0.0,0.0,0.0,1,1,0
107,1,11,12,72.61600670446059,13.84100228572497,0.0,0.0,0.0,0.0,1,1,0
108,1,11,12,137.56910766396882,17.315548230271784,0.0,0.0,0.0,0.0,1,1,0
109,1,11,13,102.02296106328838,27.873762343095617,0.0,0.0,0.0,0.0,1,1,0
110,1,11,13,135.34877901840864,33.860141441579906,0.0,0.0,0.0,0.0,1,1,0
111,1,11,13,0.0,0.0,0.0,0.0,0.0,0.0,1,1,0
112,1,11,13,0.0,0.0,0.0,0.0,0.0,0.0,1,1,0
113,1,12,14,189.70146264210112,34.60143324906696,0.0,0.0,0.0,0.0,1,1,0
114,1,12,16,94.63643303651484,30.15783563369061,0.0,0.0,0.0,0.0,1,1,0
115,1,12,16,269.09434923512646,34.76284827269017,0.0,0.0,0.0,0.0,1,1,0
116,1,12,16,58.400235480275,10.196863389562814,0.0,0.0,0.0,0.0,1,1,0
117,1,12,17,0.0,0.0,0.0,0.0,0.0,0.0,1,1,0
118,1,12,17,279.81274758677966,51.15995831653196,0.0,0.0,0.0,0.0,1,1,0
119,1,12,15,162.66826204433133,25.3535304922095,0.0,0.0,0.0,0.0,1,1,0
120,1,12,15,112.9867883061111,18.51143276257105,0.0,0.0,0.0,0.0,1,1,0
121,1,12,17,0.0,0.0,0.0,0.0,0.0,0.0,1,1,0
122,1,12,17,0.0,0.0,0.0,0.0,0.0,0.0,1,1,0
123,1,12,15,0.0,0.0,0.0,0.0,0.0,0.0,1,1,0
124,1,12,16,0.0,0.0,0.0,0.0,0.0,0.0,1,1,0
201,1,21,21,74.9368606075896,17.392785052321294,0.0,0.0,0.0,0.0,1,1,0
202,1,21,22,52.02348498644326,10.901821097997017,0.0,0.0,0.0,0.0,1,1,0
203,1,21,21,119.51949164265206,24.203372466359472,0.0,0.0,0.0,0.0,1,1,0
204,1,21,21,59.44212206097989,11.31050524549582,0.0,0.0,0.0,0.0,1,1,0
205,1,21,21,48.866769727938674,7.740815057160425,0.0,0.0,0.0,0.0,1,1,0
206,1,21,22,75.36425578961894,16.75195716322325,0.0,0.0,0.0,0.0,1,1,0
207,1,21,22,98.09323852883536,20.30051004507928,0.0,0.0,0.0,0.0,1,1,0
208,1,21,22,121.54108526166785,20.206854213369777,0.0,0.0,0.0,0.0,1,1,0
209,1,21,23,106.02321751266021,25.61662119620629,0.0,0.0,0.0,0.0,1,1,0
210,1,21,23,132.25671704080025,32.83974631818943,0.0,0.0,0.0,0.0,1,1,0
211,1,21,23,0.0,0.0,0.0,0.0,0.0,0.0,1,1,0
212,1,21,23,0.0,0.0,0.0,0.0,0.0,0.0,1,1,0
213,1,22,24,223.71032633622434,32.348622556714055,0.0,0.0,0.0,0.0,1,1,0
214,1,22,26,159.6938024847259,25.918144439758127,0.0,0.0,0.0,0.0,1,1,0
215,1,22,26,239.89260179473663,41.45478311912119,0.0,0.0,0.0,0.0,1,1,0
216,1,22,26,83.31432930628304,13.39152960749343,0.0,0.0,0.0,0.0,1,1,0
217,1,22,27,0.0,0.0,0.0,0.0,0.0,0.0,1,1,0
218,1,22,27,230.94961764673116,49.17129250524603,0.0,0.0,0.0,0.0,1,1,0
219,1,22,25,127.07678197684672,28.974600744276117,0.0,0.0,0.0,0.0,1,1,0
220,1,22,25,108.8207764956951,14.322716560184677,0.0,0.0,0.0,0.0,1,1,0
221,1,22,27,0.0,0.0,0.0,0.0,0.0,0.0,1,1,0
222,1,22,27,0.0,0.0,0.0,0.0,0.0,0.0,1,1,0
223,1,22,25,0.0,0.0,0.0,0.0,0.0,0.0,1,1,0
224,1,22,26,0.0,0.0,0.0,0.0,0.0,0.0,1,1,0
301,1,31,31,70.69778063327483,16.0714449721274,0.0,0.0,0.0,0.0,1,1,0
302,1,31,32,51.343134981913636,14.359339565344154,0.0,0.0,0.0,0.0,1,1,0
303,1,31,31,91.6355160798328,29.647763495430347,0.0,0.0,0.0,0.0,1,1,0
304,1,31,31,60.10339041627478,11.724373455352849,0.0,0.0,0.0,0.0,1,1,0
305,1,31,31,37.94360009167828,12.364205790108908,0.0,0.0,0.0,0.0,1,1,0
306,1,31,32,117.5693876364291,19.934642654295263,0.0,0.0,0.0,0.0,1,1,0
307,1,31,32,100.1495664758957,17.330886628042208,0.0,0.0,0.0,0.0,1,1,0
308,1,31,32,133.29930444068674,21.06173469215585,0.0,0.0,0.0,0.0,1,1,0
309,1,31,33,88.79829125833231,23.350843707386034,0.0,0.0,0.0,0.0,1,1,0
310,1,31,33,153.86010068647354,33.73555201642401,0.0,0.0,0.0,0.0,1,1,0
311,1,31,33,0.0,0.0,0.0,0.0,0.0,0.0,1,1,0
312,1,31,33,0.0,0.0,0.0,0.0,0.0,0.0,1,1,0
313,1,32,34,209.00078267978063,37.135011541039866,0.0,0.0,0.0,0.0,1,1,0
314,1,32,36,140.20198301360216,22.98120684975651,0.0,0.0,0.0,0.0,1,1,0
315,1,32,36,222.95206393909032,35.900906591856476,0.0,0.0,0.0,0.0,1,1,0
