% From Raw File 
%% RTS 96 System Bus Data %% 
all_busdata96 = [ 
101,138,2,1,1,1,1.00,0.00,1.1,0.9,1.1,0.9
102,138,2,1,1,1,1.00,0.00,1.1,0.9,1.1,0.9
103,138,1,1,1,1,1.00,0.00,1.1,0.9,1.1,0.9
104,138,1,1,1,1,1.00,0.00,1.1,0.9,1.1,0.9
105,138,1,1,1,1,1.00,0.00,1.1,0.9,1.1,0.9
106,138,1,1,1,1,1.00,0.00,1.1,0.9,1.1,0.9
107,138,2,1,1,1,1.00,0.00,1.1,0.9,1.1,0.9
108,138,1,1,1,1,1.00,0.00,1.1,0.9,1.1,0.9
109,138,1,1,1,1,1.00,0.00,1.1,0.9,1.1,0.9
110,138,1,1,1,1,1.00,0.00,1.1,0.9,1.1,0.9
111,230,1,1,1,1,1.00,0.00,1.1,0.9,1.1,0.9
112,230,1,1,1,1,1.00,0.00,1.1,0.9,1.1,0.9
113,230,3,1,1,1,1.00,0.00,1.1,0.9,1.1,0.9
114,230,2,1,1,1,1.00,0.00,1.1,0.9,1.1,0.9
115,230,2,1,1,1,1.00,0.00,1.1,0.9,1.1,0.9
116,230,2,1,1,1,1.00,0.00,1.1,0.9,1.1,0.9
117,230,1,1,1,1,1.00,0.00,1.1,0.9,1.1,0.9
118,230,2,1,1,1,1.00,0.00,1.1,0.9,1.1,0.9
119,230,1,1,1,1,1.00,0.00,1.1,0.9,1.1,0.9
120,230,1,1,1,1,1.00,0.00,1.1,0.9,1.1,0.9
121,230,2,1,1,1,1.00,0.00,1.1,0.9,1.1,0.9
122,230,2,1,1,1,1.00,0.00,1.1,0.9,1.1,0.9
123,230,2,1,1,1,1.00,0.00,1.1,0.9,1.1,0.9
124,230,1,1,1,1,1.00,0.00,1.1,0.9,1.1,0.9
201,138,2,1,1,1,1.00,0.00,1.1,0.9,1.1,0.9
202,138,2,1,1,1,1.00,0.00,1.1,0.9,1.1,0.9
203,138,1,1,1,1,1.00,0.00,1.1,0.9,1.1,0.9
204,138,1,1,1,1,1.00,0.00,1.1,0.9,1.1,0.9
205,138,1,1,1,1,1.00,0.00,1.1,0.9,1.1,0.9
206,138,1,1,1,1,1.00,0.00,1.1,0.9,1.1,0.9
207,138,2,1,1,1,1.00,0.00,1.1,0.9,1.1,0.9
208,138,1,1,1,1,1.00,0.00,1.1,0.9,1.1,0.9
209,138,1,1,1,1,1.00,0.00,1.1,0.9,1.1,0.9
210,138,1,1,1,1,1.00,0.00,1.1,0.9,1.1,0.9
211,230,1,1,1,1,1.00,0.00,1.1,0.9,1.1,0.9
212,230,1,1,1,1,1.00,0.00,1.1,0.9,1.1,0.9
213,230,2,1,1,1,1.00,0.00,1.1,0.9,1.1,0.9
214,230,2,1,1,1,1.00,0.00,1.1,0.9,1.1,0.9
215,230,2,1,1,1,1.00,0.00,1.1,0.9,1.1,0.9
216,230,2,1,1,1,1.00,0.00,1.1,0.9,1.1,0.9
217,230,1,1,1,1,1.00,0.00,1.1,0.9,1.1,0.9
218,230,2,1,1,1,1.00,0.00,1.1,0.9,1.1,0.9
219,230,1,1,1,1,1.00,0.00,1.1,0.9,1.1,0.9
220,230,1,1,1,1,1.00,0.00,1.1,0.9,1.1,0.9
221,230,2,1,1,1,1.00,0.00,1.1,0.9,1.1,0.9
222,230,2,1,1,1,1.00,0.00,1.1,0.9,1.1,0.9
223,230,2,1,1,1,1.00,0.00,1.1,0.9,1.1,0.9
224,230,1,1,1,1,1.00,0.00,1.1,0.9,1.1,0.9
301,138,2,1,1,1,1.00,0.00,1.1,0.9,1.1,0.9
302,138,2,1,1,1,1.00,0.00,1.1,0.9,1.1,0.9
303,138,1,1,1,1,1.00,0.00,1.1,0.9,1.1,0.9
304,138,1,1,1,1,1.00,0.00,1.1,0.9,1.1,0.9
305,138,1,1,1,1,1.00,0.00,1.1,0.9,1.1,0.9
306,138,1,1,1,1,1.00,0.00,1.1,0.9,1.1,0.9
307,138,2,1,1,1,1.00,0.00,1.1,0.9,1.1,0.9
308,138,1,1,1,1,1.00,0.00,1.1,0.9,1.1,0.9
309,138,1,1,1,1,1.00,0.00,1.1,0.9,1.1,0.9
310,138,1,1,1,1,1.00,0.00,1.1,0.9,1.1,0.9
311,230,1,1,1,1,1.00,0.00,1.1,0.9,1.1,0.9
312,230,1,1,1,1,1.00,0.00,1.1,0.9,1.1,0.9
313,230,2,1,1,1,1.00,0.00,1.1,0.9,1.1,0.9
314,230,2,1,1,1,1.00,0.00,1.1,0.9,1.1,0.9
315,230,2,1,1,1,1.00,0.00,1.1,0.9,1.1,0.9
316,230,2,1,1,1,1.00,0.00,1.1,0.9,1.1,0.9
317,230,1,1,1,1,1.00,0.00,1.1,0.9,1.1,0.9
318,230,2,1,1,1,1.00,0.00,1.1,0.9,1.1,0.9
319,230,1,1,1,1,1.00,0.00,1.1,0.9,1.1,0.9
320,230,1,1,1,1,1.00,0.00,1.1,0.9,1.1,0.9
321,230,2,1,1,1,1.00,0.00,1.1,0.9,1.1,0.9
322,230,2,1,1,1,1.00,0.00,1.1,0.9,1.1,0.9
323,230,2,1,1,1,1.00,0.00,1.1,0.9,1.1,0.9
324,230,1,1,1,1,1.00,0.00,1.1,0.9,1.1,0.9
325,230,1,1,1,1,1.00,0.00,1.1,0.9,1.1,0.9
]; 
all_busName96 = [   ' 101 ';  ' 102 ';  ' 103 ';  ' 104 ';  ' 105 ';  ' 106 ';  ' 107 ';  ' 108 ';  ' 109 ';  ' 110 ';  ' 111 ';  ' 112 ';  ' 113 ';  ' 114 ';  ' 115 ';  ' 116 ';  ' 117 ';  ' 118 ';  ' 119 ';  ' 120 ';  ' 121 ';  ' 122 ';  ' 123 ';  ' 124 ';  ' 201 ';  ' 202 ';  ' 203 ';  ' 204 ';  ' 205 ';  ' 206 ';  ' 207 ';  ' 208 ';  ' 209 ';  ' 210 ';  ' 211 ';  ' 212 ';  ' 213 ';  ' 214 ';  ' 215 ';  ' 216 ';  ' 217 ';  ' 218 ';  ' 219 ';  ' 220 ';  ' 221 ';  ' 222 ';  ' 223 ';  ' 224 ';  ' 301 ';  ' 302 ';  ' 303 ';  ' 304 ';  ' 305 ';  ' 306 ';  ' 307 ';  ' 308 ';  ' 309 ';  ' 310 ';  ' 311 ';  ' 312 ';  ' 313 ';  ' 314 ';  ' 315 ';  ' 316 ';  ' 317 ';  ' 318 ';  ' 319 ';  ' 320 ';  ' 321 ';  ' 322 ';  ' 323 ';  ' 324 ';  ' 325 '; ];
%% RTS 96 System Load Data %% 
all_loaddata96 = [ 
101,1,11,11,78.42490832079592,17.927136495049485,0.0,0.0,0.0,0.0,1,1,0
102,1,11,12,80.2540631416669,9.880432955324649,0.0,0.0,0.0,0.0,1,1,0
103,1,11,11,158.56726000537444,21.075799158091424,0.0,0.0,0.0,0.0,1,1,0
104,1,11,11,66.51885577926915,10.639081391992047,0.0,0.0,0.0,0.0,1,1,0
105,1,11,11,44.57868246377036,10.43753253270993,0.0,0.0,0.0,0.0,1,1,0
106,1,11,12,94.42146694385782,16.217614479952676,0.0,0.0,0.0,0.0,1,1,0
107,1,11,12,89.18525230478262,19.652760621062477,0.0,0.0,0.0,0.0,1,1,0
108,1,11,12,145.2076184275284,18.018483274127586,0.0,0.0,0.0,0.0,1,1,0
109,1,11,13,105.69001487500034,21.231180837468806,0.0,0.0,0.0,0.0,1,1,0
110,1,11,13,105.96259292634156,28.08020302003808,0.0,0.0,0.0,0.0,1,1,0
111,1,11,13,0.0,0.0,0.0,0.0,0.0,0.0,1,1,0
112,1,11,13,0.0,0.0,0.0,0.0,0.0,0.0,1,1,0
113,1,12,14,238.2546604783677,30.97988040597103,0.0,0.0,0.0,0.0,1,1,0
114,1,12,16,125.88512835925884,30.789477955313817,0.0,0.0,0.0,0.0,1,1,0
115,1,12,16,218.90824709461538,38.78760911858082,0.0,0.0,0.0,0.0,1,1,0
116,1,12,16,54.295080438083964,14.527917036884464,0.0,0.0,0.0,0.0,1,1,0
117,1,12,17,0.0,0.0,0.0,0.0,0.0,0.0,1,1,0
118,1,12,17,290.023518916863,60.872321704674334,0.0,0.0,0.0,0.0,1,1,0
119,1,12,15,87.99967406660747,21.955275024585795,0.0,0.0,0.0,0.0,1,1,0
120,1,12,15,73.46915141481756,22.271895626055077,0.0,0.0,0.0,0.0,1,1,0
121,1,12,17,0.0,0.0,0.0,0.0,0.0,0.0,1,1,0
122,1,12,17,0.0,0.0,0.0,0.0,0.0,0.0,1,1,0
123,1,12,15,0.0,0.0,0.0,0.0,0.0,0.0,1,1,0
124,1,12,16,0.0,0.0,0.0,0.0,0.0,0.0,1,1,0
201,1,21,21,70.18256593849304,13.41441167078521,0.0,0.0,0.0,0.0,1,1,0
202,1,21,22,60.127513057501154,10.028491403203457,0.0,0.0,0.0,0.0,1,1,0
203,1,21,21,150.02559326641727,20.580101655276025,0.0,0.0,0.0,0.0,1,1,0
204,1,21,21,63.053639284872446,9.675137513409135,0.0,0.0,0.0,0.0,1,1,0
205,1,21,21,61.905125904405494,12.407118855291792,0.0,0.0,0.0,0.0,1,1,0
206,1,21,22,81.78637990331949,17.033154320720026,0.0,0.0,0.0,0.0,1,1,0
207,1,21,22,83.06090415899526,16.40788501974195,0.0,0.0,0.0,0.0,1,1,0
208,1,21,22,108.77241900479682,24.2791186282821,0.0,0.0,0.0,0.0,1,1,0
209,1,21,23,137.79602045868407,18.99052590874638,0.0,0.0,0.0,0.0,1,1,0
210,1,21,23,156.89354833811197,29.42700073223747,0.0,0.0,0.0,0.0,1,1,0
211,1,21,23,0.0,0.0,0.0,0.0,0.0,0.0,1,1,0
212,1,21,23,0.0,0.0,0.0,0.0,0.0,0.0,1,1,0
213,1,22,24,234.23820573898334,39.82790690335119,0.0,0.0,0.0,0.0,1,1,0
214,1,22,26,135.2890937268921,25.972238628854463,0.0,0.0,0.0,0.0,1,1,0
215,1,22,26,186.36869607823212,49.8035459194064,0.0,0.0,0.0,0.0,1,1,0
216,1,22,26,55.096076638475054,11.160594828547909,0.0,0.0,0.0,0.0,1,1,0
217,1,22,27,0.0,0.0,0.0,0.0,0.0,0.0,1,1,0
218,1,22,27,245.53015687564476,45.04560073072873,0.0,0.0,0.0,0.0,1,1,0
219,1,22,25,105.83857998082806,27.377685999611437,0.0,0.0,0.0,0.0,1,1,0
220,1,22,25,62.921688016158335,20.97009553691056,0.0,0.0,0.0,0.0,1,1,0
221,1,22,27,0.0,0.0,0.0,0.0,0.0,0.0,1,1,0
222,1,22,27,0.0,0.0,0.0,0.0,0.0,0.0,1,1,0
223,1,22,25,0.0,0.0,0.0,0.0,0.0,0.0,1,1,0
224,1,22,26,0.0,0.0,0.0,0.0,0.0,0.0,1,1,0
301,1,31,31,62.45557612878474,14.204910406472068,0.0,0.0,0.0,0.0,1,1,0
302,1,31,32,82.23921065668095,15.394713742696679,0.0,0.0,0.0,0.0,1,1,0
303,1,31,31,155.10435165439267,21.990560287081724,0.0,0.0,0.0,0.0,1,1,0
304,1,31,31,39.706769292849394,9.455535956312204,0.0,0.0,0.0,0.0,1,1,0
305,1,31,31,58.91096457198342,9.64778517125426,0.0,0.0,0.0,0.0,1,1,0
306,1,31,32,114.97056748331937,23.39952675205898,0.0,0.0,0.0,0.0,1,1,0
307,1,31,32,66.31331750698155,18.78210080420715,0.0,0.0,0.0,0.0,1,1,0
308,1,31,32,151.42329738984424,19.758988496588543,0.0,0.0,0.0,0.0,1,1,0
309,1,31,33,131.32642984527396,18.016644517563094,0.0,0.0,0.0,0.0,1,1,0
310,1,31,33,153.72483965272923,20.993715219335627,0.0,0.0,0.0,0.0,1,1,0
311,1,31,33,0.0,0.0,0.0,0.0,0.0,0.0,1,1,0
312,1,31,33,0.0,0.0,0.0,0.0,0.0,0.0,1,1,0
313,1,32,34,211.47216288824941,34.35913272276995,0.0,0.0,0.0,0.0,1,1,0
314,1,32,36,112.54732797056046,30.255845306920353,0.0,0.0,0.0,0.0,1,1,0
315,1,32,36,161.35758744794683,40.77850672620534,0.0,0.0,0.0,0.0,1,1,0
