% From Raw File 
%% RTS 96 System Bus Data %% 
all_busdata96 = [ 
101,138,2,1,1,1,1.00,0.00,1.1,0.9,1.1,0.9
102,138,2,1,1,1,1.00,0.00,1.1,0.9,1.1,0.9
103,138,1,1,1,1,1.00,0.00,1.1,0.9,1.1,0.9
104,138,1,1,1,1,1.00,0.00,1.1,0.9,1.1,0.9
105,138,1,1,1,1,1.00,0.00,1.1,0.9,1.1,0.9
106,138,1,1,1,1,1.00,0.00,1.1,0.9,1.1,0.9
107,138,2,1,1,1,1.00,0.00,1.1,0.9,1.1,0.9
108,138,1,1,1,1,1.00,0.00,1.1,0.9,1.1,0.9
109,138,1,1,1,1,1.00,0.00,1.1,0.9,1.1,0.9
110,138,1,1,1,1,1.00,0.00,1.1,0.9,1.1,0.9
111,230,1,1,1,1,1.00,0.00,1.1,0.9,1.1,0.9
112,230,1,1,1,1,1.00,0.00,1.1,0.9,1.1,0.9
113,230,3,1,1,1,1.00,0.00,1.1,0.9,1.1,0.9
114,230,2,1,1,1,1.00,0.00,1.1,0.9,1.1,0.9
115,230,2,1,1,1,1.00,0.00,1.1,0.9,1.1,0.9
116,230,2,1,1,1,1.00,0.00,1.1,0.9,1.1,0.9
117,230,1,1,1,1,1.00,0.00,1.1,0.9,1.1,0.9
118,230,2,1,1,1,1.00,0.00,1.1,0.9,1.1,0.9
119,230,1,1,1,1,1.00,0.00,1.1,0.9,1.1,0.9
120,230,1,1,1,1,1.00,0.00,1.1,0.9,1.1,0.9
121,230,2,1,1,1,1.00,0.00,1.1,0.9,1.1,0.9
122,230,2,1,1,1,1.00,0.00,1.1,0.9,1.1,0.9
123,230,2,1,1,1,1.00,0.00,1.1,0.9,1.1,0.9
124,230,1,1,1,1,1.00,0.00,1.1,0.9,1.1,0.9
201,138,2,1,1,1,1.00,0.00,1.1,0.9,1.1,0.9
202,138,2,1,1,1,1.00,0.00,1.1,0.9,1.1,0.9
203,138,1,1,1,1,1.00,0.00,1.1,0.9,1.1,0.9
204,138,1,1,1,1,1.00,0.00,1.1,0.9,1.1,0.9
205,138,1,1,1,1,1.00,0.00,1.1,0.9,1.1,0.9
206,138,1,1,1,1,1.00,0.00,1.1,0.9,1.1,0.9
207,138,2,1,1,1,1.00,0.00,1.1,0.9,1.1,0.9
208,138,1,1,1,1,1.00,0.00,1.1,0.9,1.1,0.9
209,138,1,1,1,1,1.00,0.00,1.1,0.9,1.1,0.9
210,138,1,1,1,1,1.00,0.00,1.1,0.9,1.1,0.9
211,230,1,1,1,1,1.00,0.00,1.1,0.9,1.1,0.9
212,230,1,1,1,1,1.00,0.00,1.1,0.9,1.1,0.9
213,230,2,1,1,1,1.00,0.00,1.1,0.9,1.1,0.9
214,230,2,1,1,1,1.00,0.00,1.1,0.9,1.1,0.9
215,230,2,1,1,1,1.00,0.00,1.1,0.9,1.1,0.9
216,230,2,1,1,1,1.00,0.00,1.1,0.9,1.1,0.9
217,230,1,1,1,1,1.00,0.00,1.1,0.9,1.1,0.9
218,230,2,1,1,1,1.00,0.00,1.1,0.9,1.1,0.9
219,230,1,1,1,1,1.00,0.00,1.1,0.9,1.1,0.9
220,230,1,1,1,1,1.00,0.00,1.1,0.9,1.1,0.9
221,230,2,1,1,1,1.00,0.00,1.1,0.9,1.1,0.9
222,230,2,1,1,1,1.00,0.00,1.1,0.9,1.1,0.9
223,230,2,1,1,1,1.00,0.00,1.1,0.9,1.1,0.9
224,230,1,1,1,1,1.00,0.00,1.1,0.9,1.1,0.9
301,138,2,1,1,1,1.00,0.00,1.1,0.9,1.1,0.9
302,138,2,1,1,1,1.00,0.00,1.1,0.9,1.1,0.9
303,138,1,1,1,1,1.00,0.00,1.1,0.9,1.1,0.9
304,138,1,1,1,1,1.00,0.00,1.1,0.9,1.1,0.9
305,138,1,1,1,1,1.00,0.00,1.1,0.9,1.1,0.9
306,138,1,1,1,1,1.00,0.00,1.1,0.9,1.1,0.9
307,138,2,1,1,1,1.00,0.00,1.1,0.9,1.1,0.9
308,138,1,1,1,1,1.00,0.00,1.1,0.9,1.1,0.9
309,138,1,1,1,1,1.00,0.00,1.1,0.9,1.1,0.9
310,138,1,1,1,1,1.00,0.00,1.1,0.9,1.1,0.9
311,230,1,1,1,1,1.00,0.00,1.1,0.9,1.1,0.9
312,230,1,1,1,1,1.00,0.00,1.1,0.9,1.1,0.9
313,230,2,1,1,1,1.00,0.00,1.1,0.9,1.1,0.9
314,230,2,1,1,1,1.00,0.00,1.1,0.9,1.1,0.9
315,230,2,1,1,1,1.00,0.00,1.1,0.9,1.1,0.9
316,230,2,1,1,1,1.00,0.00,1.1,0.9,1.1,0.9
317,230,1,1,1,1,1.00,0.00,1.1,0.9,1.1,0.9
318,230,2,1,1,1,1.00,0.00,1.1,0.9,1.1,0.9
319,230,1,1,1,1,1.00,0.00,1.1,0.9,1.1,0.9
320,230,1,1,1,1,1.00,0.00,1.1,0.9,1.1,0.9
321,230,2,1,1,1,1.00,0.00,1.1,0.9,1.1,0.9
322,230,2,1,1,1,1.00,0.00,1.1,0.9,1.1,0.9
323,230,2,1,1,1,1.00,0.00,1.1,0.9,1.1,0.9
324,230,1,1,1,1,1.00,0.00,1.1,0.9,1.1,0.9
325,230,1,1,1,1,1.00,0.00,1.1,0.9,1.1,0.9
]; 
all_busName96 = [   ' 101 ';  ' 102 ';  ' 103 ';  ' 104 ';  ' 105 ';  ' 106 ';  ' 107 ';  ' 108 ';  ' 109 ';  ' 110 ';  ' 111 ';  ' 112 ';  ' 113 ';  ' 114 ';  ' 115 ';  ' 116 ';  ' 117 ';  ' 118 ';  ' 119 ';  ' 120 ';  ' 121 ';  ' 122 ';  ' 123 ';  ' 124 ';  ' 201 ';  ' 202 ';  ' 203 ';  ' 204 ';  ' 205 ';  ' 206 ';  ' 207 ';  ' 208 ';  ' 209 ';  ' 210 ';  ' 211 ';  ' 212 ';  ' 213 ';  ' 214 ';  ' 215 ';  ' 216 ';  ' 217 ';  ' 218 ';  ' 219 ';  ' 220 ';  ' 221 ';  ' 222 ';  ' 223 ';  ' 224 ';  ' 301 ';  ' 302 ';  ' 303 ';  ' 304 ';  ' 305 ';  ' 306 ';  ' 307 ';  ' 308 ';  ' 309 ';  ' 310 ';  ' 311 ';  ' 312 ';  ' 313 ';  ' 314 ';  ' 315 ';  ' 316 ';  ' 317 ';  ' 318 ';  ' 319 ';  ' 320 ';  ' 321 ';  ' 322 ';  ' 323 ';  ' 324 ';  ' 325 '; ];
%% RTS 96 System Load Data %% 
all_loaddata96 = [ 
101,1,11,11,70.30325842733289,12.13362514406517,0.0,0.0,0.0,0.0,1,1,0
102,1,11,12,53.979469537074124,11.161393650809302,0.0,0.0,0.0,0.0,1,1,0
103,1,11,11,102.60291620554122,29.03876671360731,0.0,0.0,0.0,0.0,1,1,0
104,1,11,11,62.18854016252747,7.449142607255838,0.0,0.0,0.0,0.0,1,1,0
105,1,11,11,46.77194980370477,7.24604504643632,0.0,0.0,0.0,0.0,1,1,0
106,1,11,12,90.22022875467651,25.07750975913629,0.0,0.0,0.0,0.0,1,1,0
107,1,11,12,83.9318945054838,21.720483975786482,0.0,0.0,0.0,0.0,1,1,0
108,1,11,12,90.1686037495452,27.679633811369772,0.0,0.0,0.0,0.0,1,1,0
109,1,11,13,146.83606756897643,24.239772315558607,0.0,0.0,0.0,0.0,1,1,0
110,1,11,13,142.17197299060456,31.368241222461688,0.0,0.0,0.0,0.0,1,1,0
111,1,11,13,0.0,0.0,0.0,0.0,0.0,0.0,1,1,0
112,1,11,13,0.0,0.0,0.0,0.0,0.0,0.0,1,1,0
113,1,12,14,187.54998341086718,37.47857668153792,0.0,0.0,0.0,0.0,1,1,0
114,1,12,16,138.02633921543594,30.690020555175003,0.0,0.0,0.0,0.0,1,1,0
115,1,12,16,197.22808778748802,55.25071331820488,0.0,0.0,0.0,0.0,1,1,0
116,1,12,16,49.87683057821821,12.23005266540125,0.0,0.0,0.0,0.0,1,1,0
117,1,12,17,0.0,0.0,0.0,0.0,0.0,0.0,1,1,0
118,1,12,17,178.68636634689267,52.29704186489917,0.0,0.0,0.0,0.0,1,1,0
119,1,12,15,155.4339870553769,18.47886373956618,0.0,0.0,0.0,0.0,1,1,0
120,1,12,15,107.98011052676439,15.64620918686036,0.0,0.0,0.0,0.0,1,1,0
121,1,12,17,0.0,0.0,0.0,0.0,0.0,0.0,1,1,0
122,1,12,17,0.0,0.0,0.0,0.0,0.0,0.0,1,1,0
123,1,12,15,0.0,0.0,0.0,0.0,0.0,0.0,1,1,0
124,1,12,16,0.0,0.0,0.0,0.0,0.0,0.0,1,1,0
201,1,21,21,95.64910654240752,18.56428964742841,0.0,0.0,0.0,0.0,1,1,0
202,1,21,22,58.2559500237423,12.5032183610145,0.0,0.0,0.0,0.0,1,1,0
203,1,21,21,121.79775087065063,20.676646142704268,0.0,0.0,0.0,0.0,1,1,0
204,1,21,21,54.982666698674485,9.960477315816794,0.0,0.0,0.0,0.0,1,1,0
205,1,21,21,53.474636629652196,8.042216636899486,0.0,0.0,0.0,0.0,1,1,0
206,1,21,22,81.29965975398682,22.953650544805637,0.0,0.0,0.0,0.0,1,1,0
207,1,21,22,63.035973324888616,14.04597956480342,0.0,0.0,0.0,0.0,1,1,0
208,1,21,22,83.26066449473686,26.441332466882653,0.0,0.0,0.0,0.0,1,1,0
209,1,21,23,144.54703997610602,20.21609247619137,0.0,0.0,0.0,0.0,1,1,0
210,1,21,23,161.31225939532902,34.150095973709604,0.0,0.0,0.0,0.0,1,1,0
211,1,21,23,0.0,0.0,0.0,0.0,0.0,0.0,1,1,0
212,1,21,23,0.0,0.0,0.0,0.0,0.0,0.0,1,1,0
213,1,22,24,187.04360887272378,34.83339209772963,0.0,0.0,0.0,0.0,1,1,0
214,1,22,26,99.94140291748569,26.12559817075697,0.0,0.0,0.0,0.0,1,1,0
215,1,22,26,246.14141285657425,50.609571407309176,0.0,0.0,0.0,0.0,1,1,0
216,1,22,26,67.2201207607286,10.630325072340666,0.0,0.0,0.0,0.0,1,1,0
217,1,22,27,0.0,0.0,0.0,0.0,0.0,0.0,1,1,0
218,1,22,27,261.1665586199764,52.96502612268236,0.0,0.0,0.0,0.0,1,1,0
219,1,22,25,134.32495840656154,30.723107250120535,0.0,0.0,0.0,0.0,1,1,0
220,1,22,25,112.30415245712398,16.508554921630306,0.0,0.0,0.0,0.0,1,1,0
221,1,22,27,0.0,0.0,0.0,0.0,0.0,0.0,1,1,0
222,1,22,27,0.0,0.0,0.0,0.0,0.0,0.0,1,1,0
223,1,22,25,0.0,0.0,0.0,0.0,0.0,0.0,1,1,0
224,1,22,26,0.0,0.0,0.0,0.0,0.0,0.0,1,1,0
301,1,31,31,60.841306502410205,18.18191862982996,0.0,0.0,0.0,0.0,1,1,0
302,1,31,32,70.68959194190234,15.035504185334778,0.0,0.0,0.0,0.0,1,1,0
303,1,31,31,103.49744693412724,22.01435046503688,0.0,0.0,0.0,0.0,1,1,0
304,1,31,31,47.24630669559175,7.648270009676925,0.0,0.0,0.0,0.0,1,1,0
305,1,31,31,52.57715306069925,10.536004586514832,0.0,0.0,0.0,0.0,1,1,0
306,1,31,32,79.39737423538976,24.080843043744565,0.0,0.0,0.0,0.0,1,1,0
307,1,31,32,72.7268313419132,18.811945139381567,0.0,0.0,0.0,0.0,1,1,0
308,1,31,32,125.46074484743554,22.79441266881907,0.0,0.0,0.0,0.0,1,1,0
309,1,31,33,155.31814371775837,30.812838386804426,0.0,0.0,0.0,0.0,1,1,0
310,1,31,33,114.61540618667983,21.11000147251971,0.0,0.0,0.0,0.0,1,1,0
311,1,31,33,0.0,0.0,0.0,0.0,0.0,0.0,1,1,0
312,1,31,33,0.0,0.0,0.0,0.0,0.0,0.0,1,1,0
313,1,32,34,217.1388275708759,44.997044858058445,0.0,0.0,0.0,0.0,1,1,0
314,1,32,36,154.46499743457792,19.710549480097693,0.0,0.0,0.0,0.0,1,1,0
315,1,32,36,206.1062407512522,33.59705374049842,0.0,0.0,0.0,0.0,1,1,0
