% From Raw File 
%% RTS 96 System Bus Data %% 
all_busdata96 = [ 
101,138,2,1,1,1,1.00,0.00,1.1,0.9,1.1,0.9
102,138,2,1,1,1,1.00,0.00,1.1,0.9,1.1,0.9
103,138,1,1,1,1,1.00,0.00,1.1,0.9,1.1,0.9
104,138,1,1,1,1,1.00,0.00,1.1,0.9,1.1,0.9
105,138,1,1,1,1,1.00,0.00,1.1,0.9,1.1,0.9
106,138,1,1,1,1,1.00,0.00,1.1,0.9,1.1,0.9
107,138,2,1,1,1,1.00,0.00,1.1,0.9,1.1,0.9
108,138,1,1,1,1,1.00,0.00,1.1,0.9,1.1,0.9
109,138,1,1,1,1,1.00,0.00,1.1,0.9,1.1,0.9
110,138,1,1,1,1,1.00,0.00,1.1,0.9,1.1,0.9
111,230,1,1,1,1,1.00,0.00,1.1,0.9,1.1,0.9
112,230,1,1,1,1,1.00,0.00,1.1,0.9,1.1,0.9
113,230,3,1,1,1,1.00,0.00,1.1,0.9,1.1,0.9
114,230,2,1,1,1,1.00,0.00,1.1,0.9,1.1,0.9
115,230,2,1,1,1,1.00,0.00,1.1,0.9,1.1,0.9
116,230,2,1,1,1,1.00,0.00,1.1,0.9,1.1,0.9
117,230,1,1,1,1,1.00,0.00,1.1,0.9,1.1,0.9
118,230,2,1,1,1,1.00,0.00,1.1,0.9,1.1,0.9
119,230,1,1,1,1,1.00,0.00,1.1,0.9,1.1,0.9
120,230,1,1,1,1,1.00,0.00,1.1,0.9,1.1,0.9
121,230,2,1,1,1,1.00,0.00,1.1,0.9,1.1,0.9
122,230,2,1,1,1,1.00,0.00,1.1,0.9,1.1,0.9
123,230,2,1,1,1,1.00,0.00,1.1,0.9,1.1,0.9
124,230,1,1,1,1,1.00,0.00,1.1,0.9,1.1,0.9
201,138,2,1,1,1,1.00,0.00,1.1,0.9,1.1,0.9
202,138,2,1,1,1,1.00,0.00,1.1,0.9,1.1,0.9
203,138,1,1,1,1,1.00,0.00,1.1,0.9,1.1,0.9
204,138,1,1,1,1,1.00,0.00,1.1,0.9,1.1,0.9
205,138,1,1,1,1,1.00,0.00,1.1,0.9,1.1,0.9
206,138,1,1,1,1,1.00,0.00,1.1,0.9,1.1,0.9
207,138,2,1,1,1,1.00,0.00,1.1,0.9,1.1,0.9
208,138,1,1,1,1,1.00,0.00,1.1,0.9,1.1,0.9
209,138,1,1,1,1,1.00,0.00,1.1,0.9,1.1,0.9
210,138,1,1,1,1,1.00,0.00,1.1,0.9,1.1,0.9
211,230,1,1,1,1,1.00,0.00,1.1,0.9,1.1,0.9
212,230,1,1,1,1,1.00,0.00,1.1,0.9,1.1,0.9
213,230,2,1,1,1,1.00,0.00,1.1,0.9,1.1,0.9
214,230,2,1,1,1,1.00,0.00,1.1,0.9,1.1,0.9
215,230,2,1,1,1,1.00,0.00,1.1,0.9,1.1,0.9
216,230,2,1,1,1,1.00,0.00,1.1,0.9,1.1,0.9
217,230,1,1,1,1,1.00,0.00,1.1,0.9,1.1,0.9
218,230,2,1,1,1,1.00,0.00,1.1,0.9,1.1,0.9
219,230,1,1,1,1,1.00,0.00,1.1,0.9,1.1,0.9
220,230,1,1,1,1,1.00,0.00,1.1,0.9,1.1,0.9
221,230,2,1,1,1,1.00,0.00,1.1,0.9,1.1,0.9
222,230,2,1,1,1,1.00,0.00,1.1,0.9,1.1,0.9
223,230,2,1,1,1,1.00,0.00,1.1,0.9,1.1,0.9
224,230,1,1,1,1,1.00,0.00,1.1,0.9,1.1,0.9
301,138,2,1,1,1,1.00,0.00,1.1,0.9,1.1,0.9
302,138,2,1,1,1,1.00,0.00,1.1,0.9,1.1,0.9
303,138,1,1,1,1,1.00,0.00,1.1,0.9,1.1,0.9
304,138,1,1,1,1,1.00,0.00,1.1,0.9,1.1,0.9
305,138,1,1,1,1,1.00,0.00,1.1,0.9,1.1,0.9
306,138,1,1,1,1,1.00,0.00,1.1,0.9,1.1,0.9
307,138,2,1,1,1,1.00,0.00,1.1,0.9,1.1,0.9
308,138,1,1,1,1,1.00,0.00,1.1,0.9,1.1,0.9
309,138,1,1,1,1,1.00,0.00,1.1,0.9,1.1,0.9
310,138,1,1,1,1,1.00,0.00,1.1,0.9,1.1,0.9
311,230,1,1,1,1,1.00,0.00,1.1,0.9,1.1,0.9
312,230,1,1,1,1,1.00,0.00,1.1,0.9,1.1,0.9
313,230,2,1,1,1,1.00,0.00,1.1,0.9,1.1,0.9
314,230,2,1,1,1,1.00,0.00,1.1,0.9,1.1,0.9
315,230,2,1,1,1,1.00,0.00,1.1,0.9,1.1,0.9
316,230,2,1,1,1,1.00,0.00,1.1,0.9,1.1,0.9
317,230,1,1,1,1,1.00,0.00,1.1,0.9,1.1,0.9
318,230,2,1,1,1,1.00,0.00,1.1,0.9,1.1,0.9
319,230,1,1,1,1,1.00,0.00,1.1,0.9,1.1,0.9
320,230,1,1,1,1,1.00,0.00,1.1,0.9,1.1,0.9
321,230,2,1,1,1,1.00,0.00,1.1,0.9,1.1,0.9
322,230,2,1,1,1,1.00,0.00,1.1,0.9,1.1,0.9
323,230,2,1,1,1,1.00,0.00,1.1,0.9,1.1,0.9
324,230,1,1,1,1,1.00,0.00,1.1,0.9,1.1,0.9
325,230,1,1,1,1,1.00,0.00,1.1,0.9,1.1,0.9
]; 
all_busName96 = [   ' 101 ';  ' 102 ';  ' 103 ';  ' 104 ';  ' 105 ';  ' 106 ';  ' 107 ';  ' 108 ';  ' 109 ';  ' 110 ';  ' 111 ';  ' 112 ';  ' 113 ';  ' 114 ';  ' 115 ';  ' 116 ';  ' 117 ';  ' 118 ';  ' 119 ';  ' 120 ';  ' 121 ';  ' 122 ';  ' 123 ';  ' 124 ';  ' 201 ';  ' 202 ';  ' 203 ';  ' 204 ';  ' 205 ';  ' 206 ';  ' 207 ';  ' 208 ';  ' 209 ';  ' 210 ';  ' 211 ';  ' 212 ';  ' 213 ';  ' 214 ';  ' 215 ';  ' 216 ';  ' 217 ';  ' 218 ';  ' 219 ';  ' 220 ';  ' 221 ';  ' 222 ';  ' 223 ';  ' 224 ';  ' 301 ';  ' 302 ';  ' 303 ';  ' 304 ';  ' 305 ';  ' 306 ';  ' 307 ';  ' 308 ';  ' 309 ';  ' 310 ';  ' 311 ';  ' 312 ';  ' 313 ';  ' 314 ';  ' 315 ';  ' 316 ';  ' 317 ';  ' 318 ';  ' 319 ';  ' 320 ';  ' 321 ';  ' 322 ';  ' 323 ';  ' 324 ';  ' 325 '; ];
%% RTS 96 System Load Data %% 
all_loaddata96 = [ 
101,1,11,11,76.7018872376142,11.605185981869045,0.0,0.0,0.0,0.0,1,1,0
102,1,11,12,64.75597702153078,12.930322191685438,0.0,0.0,0.0,0.0,1,1,0
103,1,11,11,90.87456236329022,27.91389236533767,0.0,0.0,0.0,0.0,1,1,0
104,1,11,11,59.1025454117177,12.787613694524858,0.0,0.0,0.0,0.0,1,1,0
105,1,11,11,59.44686579743405,8.271397600161842,0.0,0.0,0.0,0.0,1,1,0
106,1,11,12,80.45830851742923,23.609429375118392,0.0,0.0,0.0,0.0,1,1,0
107,1,11,12,78.11225702446536,13.702185324118473,0.0,0.0,0.0,0.0,1,1,0
108,1,11,12,97.80575350337396,18.187165010127003,0.0,0.0,0.0,0.0,1,1,0
109,1,11,13,139.77405723904494,18.448602377663924,0.0,0.0,0.0,0.0,1,1,0
110,1,11,13,132.64408483600826,31.83020541358553,0.0,0.0,0.0,0.0,1,1,0
111,1,11,13,0.0,0.0,0.0,0.0,0.0,0.0,1,1,0
112,1,11,13,0.0,0.0,0.0,0.0,0.0,0.0,1,1,0
113,1,12,14,201.8388449830266,46.51442533955136,0.0,0.0,0.0,0.0,1,1,0
114,1,12,16,119.5684395912786,25.96042527695303,0.0,0.0,0.0,0.0,1,1,0
115,1,12,16,260.1306096717922,44.20133715548515,0.0,0.0,0.0,0.0,1,1,0
116,1,12,16,53.66752320240251,17.877199324261397,0.0,0.0,0.0,0.0,1,1,0
117,1,12,17,0.0,0.0,0.0,0.0,0.0,0.0,1,1,0
118,1,12,17,188.64681058375237,57.73589434274509,0.0,0.0,0.0,0.0,1,1,0
119,1,12,15,133.7828085426341,25.995222079705677,0.0,0.0,0.0,0.0,1,1,0
120,1,12,15,62.51920826545357,13.03721269939821,0.0,0.0,0.0,0.0,1,1,0
121,1,12,17,0.0,0.0,0.0,0.0,0.0,0.0,1,1,0
122,1,12,17,0.0,0.0,0.0,0.0,0.0,0.0,1,1,0
123,1,12,15,0.0,0.0,0.0,0.0,0.0,0.0,1,1,0
124,1,12,16,0.0,0.0,0.0,0.0,0.0,0.0,1,1,0
201,1,21,21,58.87552082697395,17.30330231773965,0.0,0.0,0.0,0.0,1,1,0
202,1,21,22,48.50421005611704,15.746884072900748,0.0,0.0,0.0,0.0,1,1,0
203,1,21,21,130.14749103897995,30.719455860337753,0.0,0.0,0.0,0.0,1,1,0
204,1,21,21,36.121198310246314,11.507642476492329,0.0,0.0,0.0,0.0,1,1,0
205,1,21,21,62.132989456665804,12.314028899001517,0.0,0.0,0.0,0.0,1,1,0
206,1,21,22,88.03294787204192,16.9662615388155,0.0,0.0,0.0,0.0,1,1,0
207,1,21,22,68.68898845731164,18.670253794383026,0.0,0.0,0.0,0.0,1,1,0
208,1,21,22,88.98654636158015,29.546459595203867,0.0,0.0,0.0,0.0,1,1,0
209,1,21,23,94.88881228452315,20.846085976877063,0.0,0.0,0.0,0.0,1,1,0
210,1,21,23,104.0749638280738,32.96456510405056,0.0,0.0,0.0,0.0,1,1,0
211,1,21,23,0.0,0.0,0.0,0.0,0.0,0.0,1,1,0
212,1,21,23,0.0,0.0,0.0,0.0,0.0,0.0,1,1,0
213,1,22,24,171.7609230561799,39.822496158498986,0.0,0.0,0.0,0.0,1,1,0
214,1,22,26,152.57631287045993,28.982106621018428,0.0,0.0,0.0,0.0,1,1,0
215,1,22,26,219.84421456902945,53.21350359847247,0.0,0.0,0.0,0.0,1,1,0
216,1,22,26,73.32853200615382,10.59772805001866,0.0,0.0,0.0,0.0,1,1,0
217,1,22,27,0.0,0.0,0.0,0.0,0.0,0.0,1,1,0
218,1,22,27,180.20918254466238,43.69467365995757,0.0,0.0,0.0,0.0,1,1,0
219,1,22,25,90.1133621523058,29.70234194544861,0.0,0.0,0.0,0.0,1,1,0
220,1,22,25,96.26411597716212,21.786584353190943,0.0,0.0,0.0,0.0,1,1,0
221,1,22,27,0.0,0.0,0.0,0.0,0.0,0.0,1,1,0
222,1,22,27,0.0,0.0,0.0,0.0,0.0,0.0,1,1,0
223,1,22,25,0.0,0.0,0.0,0.0,0.0,0.0,1,1,0
224,1,22,26,0.0,0.0,0.0,0.0,0.0,0.0,1,1,0
301,1,31,31,58.27994421577099,18.51930040278314,0.0,0.0,0.0,0.0,1,1,0
302,1,31,32,62.26033517811494,16.00239037667122,0.0,0.0,0.0,0.0,1,1,0
303,1,31,31,139.76268376519997,19.62393999454155,0.0,0.0,0.0,0.0,1,1,0
304,1,31,31,42.71519594753226,8.29323992796801,0.0,0.0,0.0,0.0,1,1,0
305,1,31,31,41.19517264648005,11.808334283066634,0.0,0.0,0.0,0.0,1,1,0
306,1,31,32,66.41861544067898,15.795085059553385,0.0,0.0,0.0,0.0,1,1,0
307,1,31,32,94.62149564477149,14.758483010610798,0.0,0.0,0.0,0.0,1,1,0
308,1,31,32,138.484203207617,27.72177056991169,0.0,0.0,0.0,0.0,1,1,0
309,1,31,33,114.65295609722381,24.771460615585372,0.0,0.0,0.0,0.0,1,1,0
310,1,31,33,117.13751814009993,27.27701358815655,0.0,0.0,0.0,0.0,1,1,0
311,1,31,33,0.0,0.0,0.0,0.0,0.0,0.0,1,1,0
312,1,31,33,0.0,0.0,0.0,0.0,0.0,0.0,1,1,0
313,1,32,34,190.59731760889642,27.731141672018538,0.0,0.0,0.0,0.0,1,1,0
314,1,32,36,158.3207779600396,29.15964516562913,0.0,0.0,0.0,0.0,1,1,0
315,1,32,36,218.62517245222446,44.495512518623464,0.0,0.0,0.0,0.0,1,1,0
