% From Raw File 
%% RTS 96 System Bus Data %% 
all_busdata96 = [ 
101,138,2,1,1,1,1.00,0.00,1.1,0.9,1.1,0.9
102,138,2,1,1,1,1.00,0.00,1.1,0.9,1.1,0.9
103,138,1,1,1,1,1.00,0.00,1.1,0.9,1.1,0.9
104,138,1,1,1,1,1.00,0.00,1.1,0.9,1.1,0.9
105,138,1,1,1,1,1.00,0.00,1.1,0.9,1.1,0.9
106,138,1,1,1,1,1.00,0.00,1.1,0.9,1.1,0.9
107,138,2,1,1,1,1.00,0.00,1.1,0.9,1.1,0.9
108,138,1,1,1,1,1.00,0.00,1.1,0.9,1.1,0.9
109,138,1,1,1,1,1.00,0.00,1.1,0.9,1.1,0.9
110,138,1,1,1,1,1.00,0.00,1.1,0.9,1.1,0.9
111,230,1,1,1,1,1.00,0.00,1.1,0.9,1.1,0.9
112,230,1,1,1,1,1.00,0.00,1.1,0.9,1.1,0.9
113,230,3,1,1,1,1.00,0.00,1.1,0.9,1.1,0.9
114,230,2,1,1,1,1.00,0.00,1.1,0.9,1.1,0.9
115,230,2,1,1,1,1.00,0.00,1.1,0.9,1.1,0.9
116,230,2,1,1,1,1.00,0.00,1.1,0.9,1.1,0.9
117,230,1,1,1,1,1.00,0.00,1.1,0.9,1.1,0.9
118,230,2,1,1,1,1.00,0.00,1.1,0.9,1.1,0.9
119,230,1,1,1,1,1.00,0.00,1.1,0.9,1.1,0.9
120,230,1,1,1,1,1.00,0.00,1.1,0.9,1.1,0.9
121,230,2,1,1,1,1.00,0.00,1.1,0.9,1.1,0.9
122,230,2,1,1,1,1.00,0.00,1.1,0.9,1.1,0.9
123,230,2,1,1,1,1.00,0.00,1.1,0.9,1.1,0.9
124,230,1,1,1,1,1.00,0.00,1.1,0.9,1.1,0.9
201,138,2,1,1,1,1.00,0.00,1.1,0.9,1.1,0.9
202,138,2,1,1,1,1.00,0.00,1.1,0.9,1.1,0.9
203,138,1,1,1,1,1.00,0.00,1.1,0.9,1.1,0.9
204,138,1,1,1,1,1.00,0.00,1.1,0.9,1.1,0.9
205,138,1,1,1,1,1.00,0.00,1.1,0.9,1.1,0.9
206,138,1,1,1,1,1.00,0.00,1.1,0.9,1.1,0.9
207,138,2,1,1,1,1.00,0.00,1.1,0.9,1.1,0.9
208,138,1,1,1,1,1.00,0.00,1.1,0.9,1.1,0.9
209,138,1,1,1,1,1.00,0.00,1.1,0.9,1.1,0.9
210,138,1,1,1,1,1.00,0.00,1.1,0.9,1.1,0.9
211,230,1,1,1,1,1.00,0.00,1.1,0.9,1.1,0.9
212,230,1,1,1,1,1.00,0.00,1.1,0.9,1.1,0.9
213,230,2,1,1,1,1.00,0.00,1.1,0.9,1.1,0.9
214,230,2,1,1,1,1.00,0.00,1.1,0.9,1.1,0.9
215,230,2,1,1,1,1.00,0.00,1.1,0.9,1.1,0.9
216,230,2,1,1,1,1.00,0.00,1.1,0.9,1.1,0.9
217,230,1,1,1,1,1.00,0.00,1.1,0.9,1.1,0.9
218,230,2,1,1,1,1.00,0.00,1.1,0.9,1.1,0.9
219,230,1,1,1,1,1.00,0.00,1.1,0.9,1.1,0.9
220,230,1,1,1,1,1.00,0.00,1.1,0.9,1.1,0.9
221,230,2,1,1,1,1.00,0.00,1.1,0.9,1.1,0.9
222,230,2,1,1,1,1.00,0.00,1.1,0.9,1.1,0.9
223,230,2,1,1,1,1.00,0.00,1.1,0.9,1.1,0.9
224,230,1,1,1,1,1.00,0.00,1.1,0.9,1.1,0.9
301,138,2,1,1,1,1.00,0.00,1.1,0.9,1.1,0.9
302,138,2,1,1,1,1.00,0.00,1.1,0.9,1.1,0.9
303,138,1,1,1,1,1.00,0.00,1.1,0.9,1.1,0.9
304,138,1,1,1,1,1.00,0.00,1.1,0.9,1.1,0.9
305,138,1,1,1,1,1.00,0.00,1.1,0.9,1.1,0.9
306,138,1,1,1,1,1.00,0.00,1.1,0.9,1.1,0.9
307,138,2,1,1,1,1.00,0.00,1.1,0.9,1.1,0.9
308,138,1,1,1,1,1.00,0.00,1.1,0.9,1.1,0.9
309,138,1,1,1,1,1.00,0.00,1.1,0.9,1.1,0.9
310,138,1,1,1,1,1.00,0.00,1.1,0.9,1.1,0.9
311,230,1,1,1,1,1.00,0.00,1.1,0.9,1.1,0.9
312,230,1,1,1,1,1.00,0.00,1.1,0.9,1.1,0.9
313,230,2,1,1,1,1.00,0.00,1.1,0.9,1.1,0.9
314,230,2,1,1,1,1.00,0.00,1.1,0.9,1.1,0.9
315,230,2,1,1,1,1.00,0.00,1.1,0.9,1.1,0.9
316,230,2,1,1,1,1.00,0.00,1.1,0.9,1.1,0.9
317,230,1,1,1,1,1.00,0.00,1.1,0.9,1.1,0.9
318,230,2,1,1,1,1.00,0.00,1.1,0.9,1.1,0.9
319,230,1,1,1,1,1.00,0.00,1.1,0.9,1.1,0.9
320,230,1,1,1,1,1.00,0.00,1.1,0.9,1.1,0.9
321,230,2,1,1,1,1.00,0.00,1.1,0.9,1.1,0.9
322,230,2,1,1,1,1.00,0.00,1.1,0.9,1.1,0.9
323,230,2,1,1,1,1.00,0.00,1.1,0.9,1.1,0.9
324,230,1,1,1,1,1.00,0.00,1.1,0.9,1.1,0.9
325,230,1,1,1,1,1.00,0.00,1.1,0.9,1.1,0.9
]; 
all_busName96 = [   ' 101 ';  ' 102 ';  ' 103 ';  ' 104 ';  ' 105 ';  ' 106 ';  ' 107 ';  ' 108 ';  ' 109 ';  ' 110 ';  ' 111 ';  ' 112 ';  ' 113 ';  ' 114 ';  ' 115 ';  ' 116 ';  ' 117 ';  ' 118 ';  ' 119 ';  ' 120 ';  ' 121 ';  ' 122 ';  ' 123 ';  ' 124 ';  ' 201 ';  ' 202 ';  ' 203 ';  ' 204 ';  ' 205 ';  ' 206 ';  ' 207 ';  ' 208 ';  ' 209 ';  ' 210 ';  ' 211 ';  ' 212 ';  ' 213 ';  ' 214 ';  ' 215 ';  ' 216 ';  ' 217 ';  ' 218 ';  ' 219 ';  ' 220 ';  ' 221 ';  ' 222 ';  ' 223 ';  ' 224 ';  ' 301 ';  ' 302 ';  ' 303 ';  ' 304 ';  ' 305 ';  ' 306 ';  ' 307 ';  ' 308 ';  ' 309 ';  ' 310 ';  ' 311 ';  ' 312 ';  ' 313 ';  ' 314 ';  ' 315 ';  ' 316 ';  ' 317 ';  ' 318 ';  ' 319 ';  ' 320 ';  ' 321 ';  ' 322 ';  ' 323 ';  ' 324 ';  ' 325 '; ];
%% RTS 96 System Load Data %% 
all_loaddata96 = [ 
101,1,11,11,53.53644102884698,11.52751573640937,0.0,0.0,0.0,0.0,1,1,0
102,1,11,12,85.26331302102213,15.19395768719539,0.0,0.0,0.0,0.0,1,1,0
103,1,11,11,138.82408101638407,22.549380865252154,0.0,0.0,0.0,0.0,1,1,0
104,1,11,11,52.29981668661916,11.730198284104931,0.0,0.0,0.0,0.0,1,1,0
105,1,11,11,44.73915534425103,11.415691292321494,0.0,0.0,0.0,0.0,1,1,0
106,1,11,12,89.73286857865043,22.12547856048066,0.0,0.0,0.0,0.0,1,1,0
107,1,11,12,89.2932470846339,19.674623384537405,0.0,0.0,0.0,0.0,1,1,0
108,1,11,12,94.29595585708427,23.47797243621689,0.0,0.0,0.0,0.0,1,1,0
109,1,11,13,86.8521274848457,24.786069993328862,0.0,0.0,0.0,0.0,1,1,0
110,1,11,13,112.60710953759703,26.36512498359382,0.0,0.0,0.0,0.0,1,1,0
111,1,11,13,0.0,0.0,0.0,0.0,0.0,0.0,1,1,0
112,1,11,13,0.0,0.0,0.0,0.0,0.0,0.0,1,1,0
113,1,12,14,185.8359004635236,47.363411312398405,0.0,0.0,0.0,0.0,1,1,0
114,1,12,16,171.27167896010465,35.12674960150151,0.0,0.0,0.0,0.0,1,1,0
115,1,12,16,250.25691353306448,47.89290729838013,0.0,0.0,0.0,0.0,1,1,0
116,1,12,16,86.64552617734763,14.398802159157583,0.0,0.0,0.0,0.0,1,1,0
117,1,12,17,0.0,0.0,0.0,0.0,0.0,0.0,1,1,0
118,1,12,17,234.10709188887466,52.41265594394803,0.0,0.0,0.0,0.0,1,1,0
119,1,12,15,127.26049433482332,28.951667650883273,0.0,0.0,0.0,0.0,1,1,0
120,1,12,15,111.80893311449289,16.28406468490418,0.0,0.0,0.0,0.0,1,1,0
121,1,12,17,0.0,0.0,0.0,0.0,0.0,0.0,1,1,0
122,1,12,17,0.0,0.0,0.0,0.0,0.0,0.0,1,1,0
123,1,12,15,0.0,0.0,0.0,0.0,0.0,0.0,1,1,0
124,1,12,16,0.0,0.0,0.0,0.0,0.0,0.0,1,1,0
201,1,21,21,67.00151204704026,14.920651898088678,0.0,0.0,0.0,0.0,1,1,0
202,1,21,22,79.88744481965877,9.759331066397017,0.0,0.0,0.0,0.0,1,1,0
203,1,21,21,135.6631003828151,22.846188824710108,0.0,0.0,0.0,0.0,1,1,0
204,1,21,21,51.47443528735908,8.346884294228861,0.0,0.0,0.0,0.0,1,1,0
205,1,21,21,50.79412616930176,11.431928217370155,0.0,0.0,0.0,0.0,1,1,0
206,1,21,22,105.1871636074707,19.031728649620526,0.0,0.0,0.0,0.0,1,1,0
207,1,21,22,68.1178120882425,18.403255818465258,0.0,0.0,0.0,0.0,1,1,0
208,1,21,22,145.61782256875244,26.830076125239952,0.0,0.0,0.0,0.0,1,1,0
209,1,21,23,103.21918680618285,18.11979908872023,0.0,0.0,0.0,0.0,1,1,0
210,1,21,23,131.15727532251924,26.101972854416815,0.0,0.0,0.0,0.0,1,1,0
211,1,21,23,0.0,0.0,0.0,0.0,0.0,0.0,1,1,0
212,1,21,23,0.0,0.0,0.0,0.0,0.0,0.0,1,1,0
213,1,22,24,197.8645893126363,43.008805565946176,0.0,0.0,0.0,0.0,1,1,0
214,1,22,26,168.7607385679965,28.87779852019851,0.0,0.0,0.0,0.0,1,1,0
215,1,22,26,275.2267928558642,57.04542061214446,0.0,0.0,0.0,0.0,1,1,0
216,1,22,26,72.23606685751118,15.845364612188188,0.0,0.0,0.0,0.0,1,1,0
217,1,22,27,0.0,0.0,0.0,0.0,0.0,0.0,1,1,0
218,1,22,27,223.3786121823482,57.988051430332675,0.0,0.0,0.0,0.0,1,1,0
219,1,22,25,92.55253261965132,26.391893434548006,0.0,0.0,0.0,0.0,1,1,0
220,1,22,25,85.0019610490322,14.569815193628893,0.0,0.0,0.0,0.0,1,1,0
221,1,22,27,0.0,0.0,0.0,0.0,0.0,0.0,1,1,0
222,1,22,27,0.0,0.0,0.0,0.0,0.0,0.0,1,1,0
223,1,22,25,0.0,0.0,0.0,0.0,0.0,0.0,1,1,0
224,1,22,26,0.0,0.0,0.0,0.0,0.0,0.0,1,1,0
301,1,31,31,66.67548781452253,16.77764249446392,0.0,0.0,0.0,0.0,1,1,0
302,1,31,32,63.1650172627552,11.671489731361158,0.0,0.0,0.0,0.0,1,1,0
303,1,31,31,154.8758868186129,27.752111748369966,0.0,0.0,0.0,0.0,1,1,0
304,1,31,31,50.8100091069323,13.187640612284419,0.0,0.0,0.0,0.0,1,1,0
305,1,31,31,41.79671130661089,9.668148172595165,0.0,0.0,0.0,0.0,1,1,0
306,1,31,32,76.18439596934951,22.685922448249162,0.0,0.0,0.0,0.0,1,1,0
307,1,31,32,104.07054265287006,17.260415102153782,0.0,0.0,0.0,0.0,1,1,0
308,1,31,32,146.53859875077987,28.389452120860103,0.0,0.0,0.0,0.0,1,1,0
309,1,31,33,105.14533300446114,27.93149103155639,0.0,0.0,0.0,0.0,1,1,0
310,1,31,33,174.68611631705707,26.292496757838872,0.0,0.0,0.0,0.0,1,1,0
311,1,31,33,0.0,0.0,0.0,0.0,0.0,0.0,1,1,0
312,1,31,33,0.0,0.0,0.0,0.0,0.0,0.0,1,1,0
313,1,32,34,203.42028363017576,26.568180416017487,0.0,0.0,0.0,0.0,1,1,0
314,1,32,36,106.09778758360483,27.098606417694644,0.0,0.0,0.0,0.0,1,1,0
315,1,32,36,264.29515413926435,53.49121897573471,0.0,0.0,0.0,0.0,1,1,0
