% From Raw File 
%% RTS 96 System Bus Data %% 
all_busdata96 = [ 
101,138,2,1,1,1,1.00,0.00,1.1,0.9,1.1,0.9
102,138,2,1,1,1,1.00,0.00,1.1,0.9,1.1,0.9
103,138,1,1,1,1,1.00,0.00,1.1,0.9,1.1,0.9
104,138,1,1,1,1,1.00,0.00,1.1,0.9,1.1,0.9
105,138,1,1,1,1,1.00,0.00,1.1,0.9,1.1,0.9
106,138,1,1,1,1,1.00,0.00,1.1,0.9,1.1,0.9
107,138,2,1,1,1,1.00,0.00,1.1,0.9,1.1,0.9
108,138,1,1,1,1,1.00,0.00,1.1,0.9,1.1,0.9
109,138,1,1,1,1,1.00,0.00,1.1,0.9,1.1,0.9
110,138,1,1,1,1,1.00,0.00,1.1,0.9,1.1,0.9
111,230,1,1,1,1,1.00,0.00,1.1,0.9,1.1,0.9
112,230,1,1,1,1,1.00,0.00,1.1,0.9,1.1,0.9
113,230,3,1,1,1,1.00,0.00,1.1,0.9,1.1,0.9
114,230,2,1,1,1,1.00,0.00,1.1,0.9,1.1,0.9
115,230,2,1,1,1,1.00,0.00,1.1,0.9,1.1,0.9
116,230,2,1,1,1,1.00,0.00,1.1,0.9,1.1,0.9
117,230,1,1,1,1,1.00,0.00,1.1,0.9,1.1,0.9
118,230,2,1,1,1,1.00,0.00,1.1,0.9,1.1,0.9
119,230,1,1,1,1,1.00,0.00,1.1,0.9,1.1,0.9
120,230,1,1,1,1,1.00,0.00,1.1,0.9,1.1,0.9
121,230,2,1,1,1,1.00,0.00,1.1,0.9,1.1,0.9
122,230,2,1,1,1,1.00,0.00,1.1,0.9,1.1,0.9
123,230,2,1,1,1,1.00,0.00,1.1,0.9,1.1,0.9
124,230,1,1,1,1,1.00,0.00,1.1,0.9,1.1,0.9
201,138,2,1,1,1,1.00,0.00,1.1,0.9,1.1,0.9
202,138,2,1,1,1,1.00,0.00,1.1,0.9,1.1,0.9
203,138,1,1,1,1,1.00,0.00,1.1,0.9,1.1,0.9
204,138,1,1,1,1,1.00,0.00,1.1,0.9,1.1,0.9
205,138,1,1,1,1,1.00,0.00,1.1,0.9,1.1,0.9
206,138,1,1,1,1,1.00,0.00,1.1,0.9,1.1,0.9
207,138,2,1,1,1,1.00,0.00,1.1,0.9,1.1,0.9
208,138,1,1,1,1,1.00,0.00,1.1,0.9,1.1,0.9
209,138,1,1,1,1,1.00,0.00,1.1,0.9,1.1,0.9
210,138,1,1,1,1,1.00,0.00,1.1,0.9,1.1,0.9
211,230,1,1,1,1,1.00,0.00,1.1,0.9,1.1,0.9
212,230,1,1,1,1,1.00,0.00,1.1,0.9,1.1,0.9
213,230,2,1,1,1,1.00,0.00,1.1,0.9,1.1,0.9
214,230,2,1,1,1,1.00,0.00,1.1,0.9,1.1,0.9
215,230,2,1,1,1,1.00,0.00,1.1,0.9,1.1,0.9
216,230,2,1,1,1,1.00,0.00,1.1,0.9,1.1,0.9
217,230,1,1,1,1,1.00,0.00,1.1,0.9,1.1,0.9
218,230,2,1,1,1,1.00,0.00,1.1,0.9,1.1,0.9
219,230,1,1,1,1,1.00,0.00,1.1,0.9,1.1,0.9
220,230,1,1,1,1,1.00,0.00,1.1,0.9,1.1,0.9
221,230,2,1,1,1,1.00,0.00,1.1,0.9,1.1,0.9
222,230,2,1,1,1,1.00,0.00,1.1,0.9,1.1,0.9
223,230,2,1,1,1,1.00,0.00,1.1,0.9,1.1,0.9
224,230,1,1,1,1,1.00,0.00,1.1,0.9,1.1,0.9
301,138,2,1,1,1,1.00,0.00,1.1,0.9,1.1,0.9
302,138,2,1,1,1,1.00,0.00,1.1,0.9,1.1,0.9
303,138,1,1,1,1,1.00,0.00,1.1,0.9,1.1,0.9
304,138,1,1,1,1,1.00,0.00,1.1,0.9,1.1,0.9
305,138,1,1,1,1,1.00,0.00,1.1,0.9,1.1,0.9
306,138,1,1,1,1,1.00,0.00,1.1,0.9,1.1,0.9
307,138,2,1,1,1,1.00,0.00,1.1,0.9,1.1,0.9
308,138,1,1,1,1,1.00,0.00,1.1,0.9,1.1,0.9
309,138,1,1,1,1,1.00,0.00,1.1,0.9,1.1,0.9
310,138,1,1,1,1,1.00,0.00,1.1,0.9,1.1,0.9
311,230,1,1,1,1,1.00,0.00,1.1,0.9,1.1,0.9
312,230,1,1,1,1,1.00,0.00,1.1,0.9,1.1,0.9
313,230,2,1,1,1,1.00,0.00,1.1,0.9,1.1,0.9
314,230,2,1,1,1,1.00,0.00,1.1,0.9,1.1,0.9
315,230,2,1,1,1,1.00,0.00,1.1,0.9,1.1,0.9
316,230,2,1,1,1,1.00,0.00,1.1,0.9,1.1,0.9
317,230,1,1,1,1,1.00,0.00,1.1,0.9,1.1,0.9
318,230,2,1,1,1,1.00,0.00,1.1,0.9,1.1,0.9
319,230,1,1,1,1,1.00,0.00,1.1,0.9,1.1,0.9
320,230,1,1,1,1,1.00,0.00,1.1,0.9,1.1,0.9
321,230,2,1,1,1,1.00,0.00,1.1,0.9,1.1,0.9
322,230,2,1,1,1,1.00,0.00,1.1,0.9,1.1,0.9
323,230,2,1,1,1,1.00,0.00,1.1,0.9,1.1,0.9
324,230,1,1,1,1,1.00,0.00,1.1,0.9,1.1,0.9
325,230,1,1,1,1,1.00,0.00,1.1,0.9,1.1,0.9
]; 
all_busName96 = [   ' 101 ';  ' 102 ';  ' 103 ';  ' 104 ';  ' 105 ';  ' 106 ';  ' 107 ';  ' 108 ';  ' 109 ';  ' 110 ';  ' 111 ';  ' 112 ';  ' 113 ';  ' 114 ';  ' 115 ';  ' 116 ';  ' 117 ';  ' 118 ';  ' 119 ';  ' 120 ';  ' 121 ';  ' 122 ';  ' 123 ';  ' 124 ';  ' 201 ';  ' 202 ';  ' 203 ';  ' 204 ';  ' 205 ';  ' 206 ';  ' 207 ';  ' 208 ';  ' 209 ';  ' 210 ';  ' 211 ';  ' 212 ';  ' 213 ';  ' 214 ';  ' 215 ';  ' 216 ';  ' 217 ';  ' 218 ';  ' 219 ';  ' 220 ';  ' 221 ';  ' 222 ';  ' 223 ';  ' 224 ';  ' 301 ';  ' 302 ';  ' 303 ';  ' 304 ';  ' 305 ';  ' 306 ';  ' 307 ';  ' 308 ';  ' 309 ';  ' 310 ';  ' 311 ';  ' 312 ';  ' 313 ';  ' 314 ';  ' 315 ';  ' 316 ';  ' 317 ';  ' 318 ';  ' 319 ';  ' 320 ';  ' 321 ';  ' 322 ';  ' 323 ';  ' 324 ';  ' 325 '; ];
%% RTS 96 System Load Data %% 
all_loaddata96 = [ 
101,1,11,11,68.6379428944001,18.848055397181398,0.0,0.0,0.0,0.0,1,1,0
102,1,11,12,51.06873436338566,11.045125199228524,0.0,0.0,0.0,0.0,1,1,0
103,1,11,11,160.06980845044927,26.05903098748284,0.0,0.0,0.0,0.0,1,1,0
104,1,11,11,42.84041848262417,7.488793946179327,0.0,0.0,0.0,0.0,1,1,0
105,1,11,11,54.31871721339142,9.845011809128522,0.0,0.0,0.0,0.0,1,1,0
106,1,11,12,99.95089255347402,19.855912050158345,0.0,0.0,0.0,0.0,1,1,0
107,1,11,12,103.51364656916702,15.11928609367227,0.0,0.0,0.0,0.0,1,1,0
108,1,11,12,129.76912340030694,18.88109374530357,0.0,0.0,0.0,0.0,1,1,0
109,1,11,13,129.24085752005456,27.823492105097138,0.0,0.0,0.0,0.0,1,1,0
110,1,11,13,120.02712124465405,20.284071880688888,0.0,0.0,0.0,0.0,1,1,0
111,1,11,13,0.0,0.0,0.0,0.0,0.0,0.0,1,1,0
112,1,11,13,0.0,0.0,0.0,0.0,0.0,0.0,1,1,0
113,1,12,14,190.79946272820843,40.4464494967673,0.0,0.0,0.0,0.0,1,1,0
114,1,12,16,129.7203619214097,31.608084696435927,0.0,0.0,0.0,0.0,1,1,0
115,1,12,16,170.22628584233829,53.310497105205066,0.0,0.0,0.0,0.0,1,1,0
116,1,12,16,58.08237061127554,16.106287488444707,0.0,0.0,0.0,0.0,1,1,0
117,1,12,17,0.0,0.0,0.0,0.0,0.0,0.0,1,1,0
118,1,12,17,261.27317316237105,51.093998925315034,0.0,0.0,0.0,0.0,1,1,0
119,1,12,15,157.531423614123,31.677101764793132,0.0,0.0,0.0,0.0,1,1,0
120,1,12,15,110.4060468711555,22.567758922735607,0.0,0.0,0.0,0.0,1,1,0
121,1,12,17,0.0,0.0,0.0,0.0,0.0,0.0,1,1,0
122,1,12,17,0.0,0.0,0.0,0.0,0.0,0.0,1,1,0
123,1,12,15,0.0,0.0,0.0,0.0,0.0,0.0,1,1,0
124,1,12,16,0.0,0.0,0.0,0.0,0.0,0.0,1,1,0
201,1,21,21,88.05176955419908,11.06034579768693,0.0,0.0,0.0,0.0,1,1,0
202,1,21,22,68.67136724542883,12.03592780587729,0.0,0.0,0.0,0.0,1,1,0
203,1,21,21,89.24834982984792,28.40200689330711,0.0,0.0,0.0,0.0,1,1,0
204,1,21,21,66.43958441764488,7.369411536458647,0.0,0.0,0.0,0.0,1,1,0
205,1,21,21,58.5091549538639,10.885498301026784,0.0,0.0,0.0,0.0,1,1,0
206,1,21,22,113.23005751644261,19.852758141998763,0.0,0.0,0.0,0.0,1,1,0
207,1,21,22,69.99349510007305,16.56009777012281,0.0,0.0,0.0,0.0,1,1,0
208,1,21,22,148.85379538069873,19.023009474438847,0.0,0.0,0.0,0.0,1,1,0
209,1,21,23,104.44913208989078,18.77619174867477,0.0,0.0,0.0,0.0,1,1,0
210,1,21,23,152.16565058991753,21.266106504544613,0.0,0.0,0.0,0.0,1,1,0
211,1,21,23,0.0,0.0,0.0,0.0,0.0,0.0,1,1,0
212,1,21,23,0.0,0.0,0.0,0.0,0.0,0.0,1,1,0
213,1,22,24,158.3501779019579,44.91851595747191,0.0,0.0,0.0,0.0,1,1,0
214,1,22,26,167.46385676850718,25.785850985659053,0.0,0.0,0.0,0.0,1,1,0
215,1,22,26,237.03134557526278,46.478003822699186,0.0,0.0,0.0,0.0,1,1,0
216,1,22,26,64.11553595687728,11.32102864550706,0.0,0.0,0.0,0.0,1,1,0
217,1,22,27,0.0,0.0,0.0,0.0,0.0,0.0,1,1,0
218,1,22,27,188.39446542040588,53.42339868253806,0.0,0.0,0.0,0.0,1,1,0
219,1,22,25,132.4952407629152,25.41331245116922,0.0,0.0,0.0,0.0,1,1,0
220,1,22,25,87.20935967264771,15.570609389072096,0.0,0.0,0.0,0.0,1,1,0
221,1,22,27,0.0,0.0,0.0,0.0,0.0,0.0,1,1,0
222,1,22,27,0.0,0.0,0.0,0.0,0.0,0.0,1,1,0
223,1,22,25,0.0,0.0,0.0,0.0,0.0,0.0,1,1,0
224,1,22,26,0.0,0.0,0.0,0.0,0.0,0.0,1,1,0
301,1,31,31,81.76082145461662,13.766683732873108,0.0,0.0,0.0,0.0,1,1,0
302,1,31,32,66.6160025525332,10.49449547786638,0.0,0.0,0.0,0.0,1,1,0
303,1,31,31,144.41222367055153,28.740231052204873,0.0,0.0,0.0,0.0,1,1,0
304,1,31,31,37.50671073961509,13.483188103120307,0.0,0.0,0.0,0.0,1,1,0
305,1,31,31,52.72277367513911,9.27201296248734,0.0,0.0,0.0,0.0,1,1,0
306,1,31,32,110.56975739532487,14.500322538613712,0.0,0.0,0.0,0.0,1,1,0
307,1,31,32,93.28920524259446,14.839401085210264,0.0,0.0,0.0,0.0,1,1,0
308,1,31,32,113.80341749044089,25.777796770225976,0.0,0.0,0.0,0.0,1,1,0
309,1,31,33,122.67746036669821,22.361870291182772,0.0,0.0,0.0,0.0,1,1,0
310,1,31,33,155.37628456913097,29.95095860219188,0.0,0.0,0.0,0.0,1,1,0
311,1,31,33,0.0,0.0,0.0,0.0,0.0,0.0,1,1,0
312,1,31,33,0.0,0.0,0.0,0.0,0.0,0.0,1,1,0
313,1,32,34,141.12571909122587,45.00949304874642,0.0,0.0,0.0,0.0,1,1,0
314,1,32,36,165.6735864134389,26.500952267899923,0.0,0.0,0.0,0.0,1,1,0
315,1,32,36,179.9136052269762,56.69704697319567,0.0,0.0,0.0,0.0,1,1,0
