% From Raw File 
%% RTS 96 System Bus Data %% 
all_busdata96 = [ 
101,138,2,1,1,1,1.00,0.00,1.1,0.9,1.1,0.9
102,138,2,1,1,1,1.00,0.00,1.1,0.9,1.1,0.9
103,138,1,1,1,1,1.00,0.00,1.1,0.9,1.1,0.9
104,138,1,1,1,1,1.00,0.00,1.1,0.9,1.1,0.9
105,138,1,1,1,1,1.00,0.00,1.1,0.9,1.1,0.9
106,138,1,1,1,1,1.00,0.00,1.1,0.9,1.1,0.9
107,138,2,1,1,1,1.00,0.00,1.1,0.9,1.1,0.9
108,138,1,1,1,1,1.00,0.00,1.1,0.9,1.1,0.9
109,138,1,1,1,1,1.00,0.00,1.1,0.9,1.1,0.9
110,138,1,1,1,1,1.00,0.00,1.1,0.9,1.1,0.9
111,230,1,1,1,1,1.00,0.00,1.1,0.9,1.1,0.9
112,230,1,1,1,1,1.00,0.00,1.1,0.9,1.1,0.9
113,230,3,1,1,1,1.00,0.00,1.1,0.9,1.1,0.9
114,230,2,1,1,1,1.00,0.00,1.1,0.9,1.1,0.9
115,230,2,1,1,1,1.00,0.00,1.1,0.9,1.1,0.9
116,230,2,1,1,1,1.00,0.00,1.1,0.9,1.1,0.9
117,230,1,1,1,1,1.00,0.00,1.1,0.9,1.1,0.9
118,230,2,1,1,1,1.00,0.00,1.1,0.9,1.1,0.9
119,230,1,1,1,1,1.00,0.00,1.1,0.9,1.1,0.9
120,230,1,1,1,1,1.00,0.00,1.1,0.9,1.1,0.9
121,230,2,1,1,1,1.00,0.00,1.1,0.9,1.1,0.9
122,230,2,1,1,1,1.00,0.00,1.1,0.9,1.1,0.9
123,230,2,1,1,1,1.00,0.00,1.1,0.9,1.1,0.9
124,230,1,1,1,1,1.00,0.00,1.1,0.9,1.1,0.9
201,138,2,1,1,1,1.00,0.00,1.1,0.9,1.1,0.9
202,138,2,1,1,1,1.00,0.00,1.1,0.9,1.1,0.9
203,138,1,1,1,1,1.00,0.00,1.1,0.9,1.1,0.9
204,138,1,1,1,1,1.00,0.00,1.1,0.9,1.1,0.9
205,138,1,1,1,1,1.00,0.00,1.1,0.9,1.1,0.9
206,138,1,1,1,1,1.00,0.00,1.1,0.9,1.1,0.9
207,138,2,1,1,1,1.00,0.00,1.1,0.9,1.1,0.9
208,138,1,1,1,1,1.00,0.00,1.1,0.9,1.1,0.9
209,138,1,1,1,1,1.00,0.00,1.1,0.9,1.1,0.9
210,138,1,1,1,1,1.00,0.00,1.1,0.9,1.1,0.9
211,230,1,1,1,1,1.00,0.00,1.1,0.9,1.1,0.9
212,230,1,1,1,1,1.00,0.00,1.1,0.9,1.1,0.9
213,230,2,1,1,1,1.00,0.00,1.1,0.9,1.1,0.9
214,230,2,1,1,1,1.00,0.00,1.1,0.9,1.1,0.9
215,230,2,1,1,1,1.00,0.00,1.1,0.9,1.1,0.9
216,230,2,1,1,1,1.00,0.00,1.1,0.9,1.1,0.9
217,230,1,1,1,1,1.00,0.00,1.1,0.9,1.1,0.9
218,230,2,1,1,1,1.00,0.00,1.1,0.9,1.1,0.9
219,230,1,1,1,1,1.00,0.00,1.1,0.9,1.1,0.9
220,230,1,1,1,1,1.00,0.00,1.1,0.9,1.1,0.9
221,230,2,1,1,1,1.00,0.00,1.1,0.9,1.1,0.9
222,230,2,1,1,1,1.00,0.00,1.1,0.9,1.1,0.9
223,230,2,1,1,1,1.00,0.00,1.1,0.9,1.1,0.9
224,230,1,1,1,1,1.00,0.00,1.1,0.9,1.1,0.9
301,138,2,1,1,1,1.00,0.00,1.1,0.9,1.1,0.9
302,138,2,1,1,1,1.00,0.00,1.1,0.9,1.1,0.9
303,138,1,1,1,1,1.00,0.00,1.1,0.9,1.1,0.9
304,138,1,1,1,1,1.00,0.00,1.1,0.9,1.1,0.9
305,138,1,1,1,1,1.00,0.00,1.1,0.9,1.1,0.9
306,138,1,1,1,1,1.00,0.00,1.1,0.9,1.1,0.9
307,138,2,1,1,1,1.00,0.00,1.1,0.9,1.1,0.9
308,138,1,1,1,1,1.00,0.00,1.1,0.9,1.1,0.9
309,138,1,1,1,1,1.00,0.00,1.1,0.9,1.1,0.9
310,138,1,1,1,1,1.00,0.00,1.1,0.9,1.1,0.9
311,230,1,1,1,1,1.00,0.00,1.1,0.9,1.1,0.9
312,230,1,1,1,1,1.00,0.00,1.1,0.9,1.1,0.9
313,230,2,1,1,1,1.00,0.00,1.1,0.9,1.1,0.9
314,230,2,1,1,1,1.00,0.00,1.1,0.9,1.1,0.9
315,230,2,1,1,1,1.00,0.00,1.1,0.9,1.1,0.9
316,230,2,1,1,1,1.00,0.00,1.1,0.9,1.1,0.9
317,230,1,1,1,1,1.00,0.00,1.1,0.9,1.1,0.9
318,230,2,1,1,1,1.00,0.00,1.1,0.9,1.1,0.9
319,230,1,1,1,1,1.00,0.00,1.1,0.9,1.1,0.9
320,230,1,1,1,1,1.00,0.00,1.1,0.9,1.1,0.9
321,230,2,1,1,1,1.00,0.00,1.1,0.9,1.1,0.9
322,230,2,1,1,1,1.00,0.00,1.1,0.9,1.1,0.9
323,230,2,1,1,1,1.00,0.00,1.1,0.9,1.1,0.9
324,230,1,1,1,1,1.00,0.00,1.1,0.9,1.1,0.9
325,230,1,1,1,1,1.00,0.00,1.1,0.9,1.1,0.9
]; 
all_busName96 = [   ' 101 ';  ' 102 ';  ' 103 ';  ' 104 ';  ' 105 ';  ' 106 ';  ' 107 ';  ' 108 ';  ' 109 ';  ' 110 ';  ' 111 ';  ' 112 ';  ' 113 ';  ' 114 ';  ' 115 ';  ' 116 ';  ' 117 ';  ' 118 ';  ' 119 ';  ' 120 ';  ' 121 ';  ' 122 ';  ' 123 ';  ' 124 ';  ' 201 ';  ' 202 ';  ' 203 ';  ' 204 ';  ' 205 ';  ' 206 ';  ' 207 ';  ' 208 ';  ' 209 ';  ' 210 ';  ' 211 ';  ' 212 ';  ' 213 ';  ' 214 ';  ' 215 ';  ' 216 ';  ' 217 ';  ' 218 ';  ' 219 ';  ' 220 ';  ' 221 ';  ' 222 ';  ' 223 ';  ' 224 ';  ' 301 ';  ' 302 ';  ' 303 ';  ' 304 ';  ' 305 ';  ' 306 ';  ' 307 ';  ' 308 ';  ' 309 ';  ' 310 ';  ' 311 ';  ' 312 ';  ' 313 ';  ' 314 ';  ' 315 ';  ' 316 ';  ' 317 ';  ' 318 ';  ' 319 ';  ' 320 ';  ' 321 ';  ' 322 ';  ' 323 ';  ' 324 ';  ' 325 '; ];
%% RTS 96 System Load Data %% 
all_loaddata96 = [ 
101,1,11,11,87.36983582492005,13.091322783437837,0.0,0.0,0.0,0.0,1,1,0
102,1,11,12,82.74333332482554,12.719890751805156,0.0,0.0,0.0,0.0,1,1,0
103,1,11,11,138.31204427257552,25.882398057714614,0.0,0.0,0.0,0.0,1,1,0
104,1,11,11,43.84003485184935,13.40898543214216,0.0,0.0,0.0,0.0,1,1,0
105,1,11,11,38.566817987801834,11.231690449720995,0.0,0.0,0.0,0.0,1,1,0
106,1,11,12,100.07818787344806,24.984631796435643,0.0,0.0,0.0,0.0,1,1,0
107,1,11,12,85.29288985987077,13.97648073999211,0.0,0.0,0.0,0.0,1,1,0
108,1,11,12,149.2170842436123,28.508177662745815,0.0,0.0,0.0,0.0,1,1,0
109,1,11,13,98.59866562614566,22.33658094009161,0.0,0.0,0.0,0.0,1,1,0
110,1,11,13,160.1250563124886,22.77586732709035,0.0,0.0,0.0,0.0,1,1,0
111,1,11,13,0.0,0.0,0.0,0.0,0.0,0.0,1,1,0
112,1,11,13,0.0,0.0,0.0,0.0,0.0,0.0,1,1,0
113,1,12,14,141.45680840566357,33.59042627632627,0.0,0.0,0.0,0.0,1,1,0
114,1,12,16,143.70288806548845,26.501168860592042,0.0,0.0,0.0,0.0,1,1,0
115,1,12,16,215.5042331763019,43.444821355023976,0.0,0.0,0.0,0.0,1,1,0
116,1,12,16,78.25778863198589,11.907975234987214,0.0,0.0,0.0,0.0,1,1,0
117,1,12,17,0.0,0.0,0.0,0.0,0.0,0.0,1,1,0
118,1,12,17,243.91982286428416,42.961737930223904,0.0,0.0,0.0,0.0,1,1,0
119,1,12,15,158.56154323294174,23.3025644662871,0.0,0.0,0.0,0.0,1,1,0
120,1,12,15,85.49304782361388,22.262519485001175,0.0,0.0,0.0,0.0,1,1,0
121,1,12,17,0.0,0.0,0.0,0.0,0.0,0.0,1,1,0
122,1,12,17,0.0,0.0,0.0,0.0,0.0,0.0,1,1,0
123,1,12,15,0.0,0.0,0.0,0.0,0.0,0.0,1,1,0
124,1,12,16,0.0,0.0,0.0,0.0,0.0,0.0,1,1,0
201,1,21,21,81.05855348208603,17.844445382310077,0.0,0.0,0.0,0.0,1,1,0
202,1,21,22,77.18882729722225,14.839376250450497,0.0,0.0,0.0,0.0,1,1,0
203,1,21,21,146.92542899526748,24.363628362934847,0.0,0.0,0.0,0.0,1,1,0
204,1,21,21,60.74732565074181,12.64000815988169,0.0,0.0,0.0,0.0,1,1,0
205,1,21,21,58.48428546957979,11.585474863146151,0.0,0.0,0.0,0.0,1,1,0
206,1,21,22,74.83470017084778,15.460606932369991,0.0,0.0,0.0,0.0,1,1,0
207,1,21,22,74.60203438909957,17.893391383357812,0.0,0.0,0.0,0.0,1,1,0
208,1,21,22,95.10706815816485,20.113753619585648,0.0,0.0,0.0,0.0,1,1,0
209,1,21,23,91.83980005061603,18.94496042655073,0.0,0.0,0.0,0.0,1,1,0
210,1,21,23,118.19837246536882,25.305541092379016,0.0,0.0,0.0,0.0,1,1,0
211,1,21,23,0.0,0.0,0.0,0.0,0.0,0.0,1,1,0
212,1,21,23,0.0,0.0,0.0,0.0,0.0,0.0,1,1,0
213,1,22,24,205.77324508349878,46.1448431566014,0.0,0.0,0.0,0.0,1,1,0
214,1,22,26,137.9772767083741,21.08002813916481,0.0,0.0,0.0,0.0,1,1,0
215,1,22,26,161.6678517569664,44.40881398151814,0.0,0.0,0.0,0.0,1,1,0
216,1,22,26,81.32176972904708,15.825835484686305,0.0,0.0,0.0,0.0,1,1,0
217,1,22,27,0.0,0.0,0.0,0.0,0.0,0.0,1,1,0
218,1,22,27,171.27664626919363,44.8563221545944,0.0,0.0,0.0,0.0,1,1,0
219,1,22,25,103.1047517830451,21.319464349992337,0.0,0.0,0.0,0.0,1,1,0
220,1,22,25,98.35570348659752,14.34033575862497,0.0,0.0,0.0,0.0,1,1,0
221,1,22,27,0.0,0.0,0.0,0.0,0.0,0.0,1,1,0
222,1,22,27,0.0,0.0,0.0,0.0,0.0,0.0,1,1,0
223,1,22,25,0.0,0.0,0.0,0.0,0.0,0.0,1,1,0
224,1,22,26,0.0,0.0,0.0,0.0,0.0,0.0,1,1,0
301,1,31,31,57.269089931180694,13.40637466240693,0.0,0.0,0.0,0.0,1,1,0
302,1,31,32,71.05615208873945,17.617158175318504,0.0,0.0,0.0,0.0,1,1,0
303,1,31,31,135.32307812112384,31.488053747980807,0.0,0.0,0.0,0.0,1,1,0
304,1,31,31,60.35615006431862,8.831600870592753,0.0,0.0,0.0,0.0,1,1,0
305,1,31,31,36.30494652120187,10.326597316785996,0.0,0.0,0.0,0.0,1,1,0
306,1,31,32,83.39567868387402,14.062008069458976,0.0,0.0,0.0,0.0,1,1,0
307,1,31,32,70.0169932793593,13.09743632974103,0.0,0.0,0.0,0.0,1,1,0
308,1,31,32,142.3536212498708,23.660412842433665,0.0,0.0,0.0,0.0,1,1,0
309,1,31,33,114.34535294056872,20.681486850781738,0.0,0.0,0.0,0.0,1,1,0
310,1,31,33,145.89922027900744,23.164771658761424,0.0,0.0,0.0,0.0,1,1,0
311,1,31,33,0.0,0.0,0.0,0.0,0.0,0.0,1,1,0
312,1,31,33,0.0,0.0,0.0,0.0,0.0,0.0,1,1,0
313,1,32,34,232.74523733108796,40.9373387792699,0.0,0.0,0.0,0.0,1,1,0
314,1,32,36,171.30209491155728,26.74134337184401,0.0,0.0,0.0,0.0,1,1,0
315,1,32,36,173.20137120900793,39.74320518768131,0.0,0.0,0.0,0.0,1,1,0
