% From Raw File 
%% RTS 96 System Bus Data %% 
all_busdata96 = [ 
101,138,2,1,1,1,1.00,0.00,1.1,0.9,1.1,0.9
102,138,2,1,1,1,1.00,0.00,1.1,0.9,1.1,0.9
103,138,1,1,1,1,1.00,0.00,1.1,0.9,1.1,0.9
104,138,1,1,1,1,1.00,0.00,1.1,0.9,1.1,0.9
105,138,1,1,1,1,1.00,0.00,1.1,0.9,1.1,0.9
106,138,1,1,1,1,1.00,0.00,1.1,0.9,1.1,0.9
107,138,2,1,1,1,1.00,0.00,1.1,0.9,1.1,0.9
108,138,1,1,1,1,1.00,0.00,1.1,0.9,1.1,0.9
109,138,1,1,1,1,1.00,0.00,1.1,0.9,1.1,0.9
110,138,1,1,1,1,1.00,0.00,1.1,0.9,1.1,0.9
111,230,1,1,1,1,1.00,0.00,1.1,0.9,1.1,0.9
112,230,1,1,1,1,1.00,0.00,1.1,0.9,1.1,0.9
113,230,3,1,1,1,1.00,0.00,1.1,0.9,1.1,0.9
114,230,2,1,1,1,1.00,0.00,1.1,0.9,1.1,0.9
115,230,2,1,1,1,1.00,0.00,1.1,0.9,1.1,0.9
116,230,2,1,1,1,1.00,0.00,1.1,0.9,1.1,0.9
117,230,1,1,1,1,1.00,0.00,1.1,0.9,1.1,0.9
118,230,2,1,1,1,1.00,0.00,1.1,0.9,1.1,0.9
119,230,1,1,1,1,1.00,0.00,1.1,0.9,1.1,0.9
120,230,1,1,1,1,1.00,0.00,1.1,0.9,1.1,0.9
121,230,2,1,1,1,1.00,0.00,1.1,0.9,1.1,0.9
122,230,2,1,1,1,1.00,0.00,1.1,0.9,1.1,0.9
123,230,2,1,1,1,1.00,0.00,1.1,0.9,1.1,0.9
124,230,1,1,1,1,1.00,0.00,1.1,0.9,1.1,0.9
201,138,2,1,1,1,1.00,0.00,1.1,0.9,1.1,0.9
202,138,2,1,1,1,1.00,0.00,1.1,0.9,1.1,0.9
203,138,1,1,1,1,1.00,0.00,1.1,0.9,1.1,0.9
204,138,1,1,1,1,1.00,0.00,1.1,0.9,1.1,0.9
205,138,1,1,1,1,1.00,0.00,1.1,0.9,1.1,0.9
206,138,1,1,1,1,1.00,0.00,1.1,0.9,1.1,0.9
207,138,2,1,1,1,1.00,0.00,1.1,0.9,1.1,0.9
208,138,1,1,1,1,1.00,0.00,1.1,0.9,1.1,0.9
209,138,1,1,1,1,1.00,0.00,1.1,0.9,1.1,0.9
210,138,1,1,1,1,1.00,0.00,1.1,0.9,1.1,0.9
211,230,1,1,1,1,1.00,0.00,1.1,0.9,1.1,0.9
212,230,1,1,1,1,1.00,0.00,1.1,0.9,1.1,0.9
213,230,2,1,1,1,1.00,0.00,1.1,0.9,1.1,0.9
214,230,2,1,1,1,1.00,0.00,1.1,0.9,1.1,0.9
215,230,2,1,1,1,1.00,0.00,1.1,0.9,1.1,0.9
216,230,2,1,1,1,1.00,0.00,1.1,0.9,1.1,0.9
217,230,1,1,1,1,1.00,0.00,1.1,0.9,1.1,0.9
218,230,2,1,1,1,1.00,0.00,1.1,0.9,1.1,0.9
219,230,1,1,1,1,1.00,0.00,1.1,0.9,1.1,0.9
220,230,1,1,1,1,1.00,0.00,1.1,0.9,1.1,0.9
221,230,2,1,1,1,1.00,0.00,1.1,0.9,1.1,0.9
222,230,2,1,1,1,1.00,0.00,1.1,0.9,1.1,0.9
223,230,2,1,1,1,1.00,0.00,1.1,0.9,1.1,0.9
224,230,1,1,1,1,1.00,0.00,1.1,0.9,1.1,0.9
301,138,2,1,1,1,1.00,0.00,1.1,0.9,1.1,0.9
302,138,2,1,1,1,1.00,0.00,1.1,0.9,1.1,0.9
303,138,1,1,1,1,1.00,0.00,1.1,0.9,1.1,0.9
304,138,1,1,1,1,1.00,0.00,1.1,0.9,1.1,0.9
305,138,1,1,1,1,1.00,0.00,1.1,0.9,1.1,0.9
306,138,1,1,1,1,1.00,0.00,1.1,0.9,1.1,0.9
307,138,2,1,1,1,1.00,0.00,1.1,0.9,1.1,0.9
308,138,1,1,1,1,1.00,0.00,1.1,0.9,1.1,0.9
309,138,1,1,1,1,1.00,0.00,1.1,0.9,1.1,0.9
310,138,1,1,1,1,1.00,0.00,1.1,0.9,1.1,0.9
311,230,1,1,1,1,1.00,0.00,1.1,0.9,1.1,0.9
312,230,1,1,1,1,1.00,0.00,1.1,0.9,1.1,0.9
313,230,2,1,1,1,1.00,0.00,1.1,0.9,1.1,0.9
314,230,2,1,1,1,1.00,0.00,1.1,0.9,1.1,0.9
315,230,2,1,1,1,1.00,0.00,1.1,0.9,1.1,0.9
316,230,2,1,1,1,1.00,0.00,1.1,0.9,1.1,0.9
317,230,1,1,1,1,1.00,0.00,1.1,0.9,1.1,0.9
318,230,2,1,1,1,1.00,0.00,1.1,0.9,1.1,0.9
319,230,1,1,1,1,1.00,0.00,1.1,0.9,1.1,0.9
320,230,1,1,1,1,1.00,0.00,1.1,0.9,1.1,0.9
321,230,2,1,1,1,1.00,0.00,1.1,0.9,1.1,0.9
322,230,2,1,1,1,1.00,0.00,1.1,0.9,1.1,0.9
323,230,2,1,1,1,1.00,0.00,1.1,0.9,1.1,0.9
324,230,1,1,1,1,1.00,0.00,1.1,0.9,1.1,0.9
325,230,1,1,1,1,1.00,0.00,1.1,0.9,1.1,0.9
]; 
all_busName96 = [   ' 101 ';  ' 102 ';  ' 103 ';  ' 104 ';  ' 105 ';  ' 106 ';  ' 107 ';  ' 108 ';  ' 109 ';  ' 110 ';  ' 111 ';  ' 112 ';  ' 113 ';  ' 114 ';  ' 115 ';  ' 116 ';  ' 117 ';  ' 118 ';  ' 119 ';  ' 120 ';  ' 121 ';  ' 122 ';  ' 123 ';  ' 124 ';  ' 201 ';  ' 202 ';  ' 203 ';  ' 204 ';  ' 205 ';  ' 206 ';  ' 207 ';  ' 208 ';  ' 209 ';  ' 210 ';  ' 211 ';  ' 212 ';  ' 213 ';  ' 214 ';  ' 215 ';  ' 216 ';  ' 217 ';  ' 218 ';  ' 219 ';  ' 220 ';  ' 221 ';  ' 222 ';  ' 223 ';  ' 224 ';  ' 301 ';  ' 302 ';  ' 303 ';  ' 304 ';  ' 305 ';  ' 306 ';  ' 307 ';  ' 308 ';  ' 309 ';  ' 310 ';  ' 311 ';  ' 312 ';  ' 313 ';  ' 314 ';  ' 315 ';  ' 316 ';  ' 317 ';  ' 318 ';  ' 319 ';  ' 320 ';  ' 321 ';  ' 322 ';  ' 323 ';  ' 324 ';  ' 325 '; ];
%% RTS 96 System Load Data %% 
all_loaddata96 = [ 
101,1,11,11,92.61503938074299,13.57539016123591,0.0,0.0,0.0,0.0,1,1,0
102,1,11,12,68.86955872797543,10.322223521134815,0.0,0.0,0.0,0.0,1,1,0
103,1,11,11,151.88993180623,23.811064718780617,0.0,0.0,0.0,0.0,1,1,0
104,1,11,11,48.37426314179766,7.389980498612858,0.0,0.0,0.0,0.0,1,1,0
105,1,11,11,42.17758478456503,10.34808001515912,0.0,0.0,0.0,0.0,1,1,0
106,1,11,12,92.48346382525116,20.30977006842792,0.0,0.0,0.0,0.0,1,1,0
107,1,11,12,91.66213265007245,20.976048294146313,0.0,0.0,0.0,0.0,1,1,0
108,1,11,12,97.991900724435,21.59119241285487,0.0,0.0,0.0,0.0,1,1,0
109,1,11,13,99.0814860853739,22.271566025581397,0.0,0.0,0.0,0.0,1,1,0
110,1,11,13,159.47809915905003,34.710466208070514,0.0,0.0,0.0,0.0,1,1,0
111,1,11,13,0.0,0.0,0.0,0.0,0.0,0.0,1,1,0
112,1,11,13,0.0,0.0,0.0,0.0,0.0,0.0,1,1,0
113,1,12,14,229.87225862282122,30.781645448807346,0.0,0.0,0.0,0.0,1,1,0
114,1,12,16,156.854140297803,32.19141057098326,0.0,0.0,0.0,0.0,1,1,0
115,1,12,16,233.7791495287928,50.802096305429934,0.0,0.0,0.0,0.0,1,1,0
116,1,12,16,88.80203290596138,14.716753077629953,0.0,0.0,0.0,0.0,1,1,0
117,1,12,17,0.0,0.0,0.0,0.0,0.0,0.0,1,1,0
118,1,12,17,284.4988042222611,59.14988445057291,0.0,0.0,0.0,0.0,1,1,0
119,1,12,15,136.81166365846804,26.66063375245733,0.0,0.0,0.0,0.0,1,1,0
120,1,12,15,69.91339945199489,17.276309579233825,0.0,0.0,0.0,0.0,1,1,0
121,1,12,17,0.0,0.0,0.0,0.0,0.0,0.0,1,1,0
122,1,12,17,0.0,0.0,0.0,0.0,0.0,0.0,1,1,0
123,1,12,15,0.0,0.0,0.0,0.0,0.0,0.0,1,1,0
124,1,12,16,0.0,0.0,0.0,0.0,0.0,0.0,1,1,0
201,1,21,21,91.67688436451667,15.18209074415518,0.0,0.0,0.0,0.0,1,1,0
202,1,21,22,84.52448472418295,10.720081116328014,0.0,0.0,0.0,0.0,1,1,0
203,1,21,21,152.13760003347414,20.726614808492684,0.0,0.0,0.0,0.0,1,1,0
204,1,21,21,53.479112983468916,10.662020837347024,0.0,0.0,0.0,0.0,1,1,0
205,1,21,21,53.3343766169134,11.379730641565752,0.0,0.0,0.0,0.0,1,1,0
206,1,21,22,102.22682424952872,22.54029573616963,0.0,0.0,0.0,0.0,1,1,0
207,1,21,22,107.47620668106246,13.95055855652201,0.0,0.0,0.0,0.0,1,1,0
208,1,21,22,95.94897744100531,19.7900357643601,0.0,0.0,0.0,0.0,1,1,0
209,1,21,23,140.55622854647808,22.05578300358877,0.0,0.0,0.0,0.0,1,1,0
210,1,21,23,159.62554950665773,28.222120654413477,0.0,0.0,0.0,0.0,1,1,0
211,1,21,23,0.0,0.0,0.0,0.0,0.0,0.0,1,1,0
212,1,21,23,0.0,0.0,0.0,0.0,0.0,0.0,1,1,0
213,1,22,24,136.26411087608173,29.216586073120958,0.0,0.0,0.0,0.0,1,1,0
214,1,22,26,116.24739066358433,24.79484585159845,0.0,0.0,0.0,0.0,1,1,0
215,1,22,26,276.59085561199,56.65957319874466,0.0,0.0,0.0,0.0,1,1,0
216,1,22,26,52.7752760105906,12.216137895220891,0.0,0.0,0.0,0.0,1,1,0
217,1,22,27,0.0,0.0,0.0,0.0,0.0,0.0,1,1,0
218,1,22,27,232.99495423450455,54.36163195688948,0.0,0.0,0.0,0.0,1,1,0
219,1,22,25,156.9986915651823,30.90063883721642,0.0,0.0,0.0,0.0,1,1,0
220,1,22,25,66.9347744614005,20.988565568150392,0.0,0.0,0.0,0.0,1,1,0
221,1,22,27,0.0,0.0,0.0,0.0,0.0,0.0,1,1,0
222,1,22,27,0.0,0.0,0.0,0.0,0.0,0.0,1,1,0
223,1,22,25,0.0,0.0,0.0,0.0,0.0,0.0,1,1,0
224,1,22,26,0.0,0.0,0.0,0.0,0.0,0.0,1,1,0
301,1,31,31,83.25168681045099,10.873713235293422,0.0,0.0,0.0,0.0,1,1,0
302,1,31,32,47.67472688786597,9.73097431666497,0.0,0.0,0.0,0.0,1,1,0
303,1,31,31,144.20755452872623,18.43838460372579,0.0,0.0,0.0,0.0,1,1,0
304,1,31,31,59.53068049039095,12.914553204323632,0.0,0.0,0.0,0.0,1,1,0
305,1,31,31,47.88046032515481,7.376628568052965,0.0,0.0,0.0,0.0,1,1,0
306,1,31,32,73.97923091526255,17.04865830705911,0.0,0.0,0.0,0.0,1,1,0
307,1,31,32,92.87557582186419,13.588042662109945,0.0,0.0,0.0,0.0,1,1,0
308,1,31,32,152.70474267356875,23.561755911601473,0.0,0.0,0.0,0.0,1,1,0
309,1,31,33,140.77135857714106,22.869430019277893,0.0,0.0,0.0,0.0,1,1,0
310,1,31,33,117.42973051246487,25.772581532472742,0.0,0.0,0.0,0.0,1,1,0
311,1,31,33,0.0,0.0,0.0,0.0,0.0,0.0,1,1,0
312,1,31,33,0.0,0.0,0.0,0.0,0.0,0.0,1,1,0
313,1,32,34,227.20987399107526,36.835670413625614,0.0,0.0,0.0,0.0,1,1,0
314,1,32,36,143.93529438980437,26.32404893121603,0.0,0.0,0.0,0.0,1,1,0
315,1,32,36,263.4092885539731,55.042207352712744,0.0,0.0,0.0,0.0,1,1,0
