% From Raw File 
%% RTS 96 System Bus Data %% 
all_busdata96 = [ 
101,138,2,1,1,1,1.00,0.00,1.1,0.9,1.1,0.9
102,138,2,1,1,1,1.00,0.00,1.1,0.9,1.1,0.9
103,138,1,1,1,1,1.00,0.00,1.1,0.9,1.1,0.9
104,138,1,1,1,1,1.00,0.00,1.1,0.9,1.1,0.9
105,138,1,1,1,1,1.00,0.00,1.1,0.9,1.1,0.9
106,138,1,1,1,1,1.00,0.00,1.1,0.9,1.1,0.9
107,138,2,1,1,1,1.00,0.00,1.1,0.9,1.1,0.9
108,138,1,1,1,1,1.00,0.00,1.1,0.9,1.1,0.9
109,138,1,1,1,1,1.00,0.00,1.1,0.9,1.1,0.9
110,138,1,1,1,1,1.00,0.00,1.1,0.9,1.1,0.9
111,230,1,1,1,1,1.00,0.00,1.1,0.9,1.1,0.9
112,230,1,1,1,1,1.00,0.00,1.1,0.9,1.1,0.9
113,230,3,1,1,1,1.00,0.00,1.1,0.9,1.1,0.9
114,230,2,1,1,1,1.00,0.00,1.1,0.9,1.1,0.9
115,230,2,1,1,1,1.00,0.00,1.1,0.9,1.1,0.9
116,230,2,1,1,1,1.00,0.00,1.1,0.9,1.1,0.9
117,230,1,1,1,1,1.00,0.00,1.1,0.9,1.1,0.9
118,230,2,1,1,1,1.00,0.00,1.1,0.9,1.1,0.9
119,230,1,1,1,1,1.00,0.00,1.1,0.9,1.1,0.9
120,230,1,1,1,1,1.00,0.00,1.1,0.9,1.1,0.9
121,230,2,1,1,1,1.00,0.00,1.1,0.9,1.1,0.9
122,230,2,1,1,1,1.00,0.00,1.1,0.9,1.1,0.9
123,230,2,1,1,1,1.00,0.00,1.1,0.9,1.1,0.9
124,230,1,1,1,1,1.00,0.00,1.1,0.9,1.1,0.9
201,138,2,1,1,1,1.00,0.00,1.1,0.9,1.1,0.9
202,138,2,1,1,1,1.00,0.00,1.1,0.9,1.1,0.9
203,138,1,1,1,1,1.00,0.00,1.1,0.9,1.1,0.9
204,138,1,1,1,1,1.00,0.00,1.1,0.9,1.1,0.9
205,138,1,1,1,1,1.00,0.00,1.1,0.9,1.1,0.9
206,138,1,1,1,1,1.00,0.00,1.1,0.9,1.1,0.9
207,138,2,1,1,1,1.00,0.00,1.1,0.9,1.1,0.9
208,138,1,1,1,1,1.00,0.00,1.1,0.9,1.1,0.9
209,138,1,1,1,1,1.00,0.00,1.1,0.9,1.1,0.9
210,138,1,1,1,1,1.00,0.00,1.1,0.9,1.1,0.9
211,230,1,1,1,1,1.00,0.00,1.1,0.9,1.1,0.9
212,230,1,1,1,1,1.00,0.00,1.1,0.9,1.1,0.9
213,230,2,1,1,1,1.00,0.00,1.1,0.9,1.1,0.9
214,230,2,1,1,1,1.00,0.00,1.1,0.9,1.1,0.9
215,230,2,1,1,1,1.00,0.00,1.1,0.9,1.1,0.9
216,230,2,1,1,1,1.00,0.00,1.1,0.9,1.1,0.9
217,230,1,1,1,1,1.00,0.00,1.1,0.9,1.1,0.9
218,230,2,1,1,1,1.00,0.00,1.1,0.9,1.1,0.9
219,230,1,1,1,1,1.00,0.00,1.1,0.9,1.1,0.9
220,230,1,1,1,1,1.00,0.00,1.1,0.9,1.1,0.9
221,230,2,1,1,1,1.00,0.00,1.1,0.9,1.1,0.9
222,230,2,1,1,1,1.00,0.00,1.1,0.9,1.1,0.9
223,230,2,1,1,1,1.00,0.00,1.1,0.9,1.1,0.9
224,230,1,1,1,1,1.00,0.00,1.1,0.9,1.1,0.9
301,138,2,1,1,1,1.00,0.00,1.1,0.9,1.1,0.9
302,138,2,1,1,1,1.00,0.00,1.1,0.9,1.1,0.9
303,138,1,1,1,1,1.00,0.00,1.1,0.9,1.1,0.9
304,138,1,1,1,1,1.00,0.00,1.1,0.9,1.1,0.9
305,138,1,1,1,1,1.00,0.00,1.1,0.9,1.1,0.9
306,138,1,1,1,1,1.00,0.00,1.1,0.9,1.1,0.9
307,138,2,1,1,1,1.00,0.00,1.1,0.9,1.1,0.9
308,138,1,1,1,1,1.00,0.00,1.1,0.9,1.1,0.9
309,138,1,1,1,1,1.00,0.00,1.1,0.9,1.1,0.9
310,138,1,1,1,1,1.00,0.00,1.1,0.9,1.1,0.9
311,230,1,1,1,1,1.00,0.00,1.1,0.9,1.1,0.9
312,230,1,1,1,1,1.00,0.00,1.1,0.9,1.1,0.9
313,230,2,1,1,1,1.00,0.00,1.1,0.9,1.1,0.9
314,230,2,1,1,1,1.00,0.00,1.1,0.9,1.1,0.9
315,230,2,1,1,1,1.00,0.00,1.1,0.9,1.1,0.9
316,230,2,1,1,1,1.00,0.00,1.1,0.9,1.1,0.9
317,230,1,1,1,1,1.00,0.00,1.1,0.9,1.1,0.9
318,230,2,1,1,1,1.00,0.00,1.1,0.9,1.1,0.9
319,230,1,1,1,1,1.00,0.00,1.1,0.9,1.1,0.9
320,230,1,1,1,1,1.00,0.00,1.1,0.9,1.1,0.9
321,230,2,1,1,1,1.00,0.00,1.1,0.9,1.1,0.9
322,230,2,1,1,1,1.00,0.00,1.1,0.9,1.1,0.9
323,230,2,1,1,1,1.00,0.00,1.1,0.9,1.1,0.9
324,230,1,1,1,1,1.00,0.00,1.1,0.9,1.1,0.9
325,230,1,1,1,1,1.00,0.00,1.1,0.9,1.1,0.9
]; 
all_busName96 = [   ' 101 ';  ' 102 ';  ' 103 ';  ' 104 ';  ' 105 ';  ' 106 ';  ' 107 ';  ' 108 ';  ' 109 ';  ' 110 ';  ' 111 ';  ' 112 ';  ' 113 ';  ' 114 ';  ' 115 ';  ' 116 ';  ' 117 ';  ' 118 ';  ' 119 ';  ' 120 ';  ' 121 ';  ' 122 ';  ' 123 ';  ' 124 ';  ' 201 ';  ' 202 ';  ' 203 ';  ' 204 ';  ' 205 ';  ' 206 ';  ' 207 ';  ' 208 ';  ' 209 ';  ' 210 ';  ' 211 ';  ' 212 ';  ' 213 ';  ' 214 ';  ' 215 ';  ' 216 ';  ' 217 ';  ' 218 ';  ' 219 ';  ' 220 ';  ' 221 ';  ' 222 ';  ' 223 ';  ' 224 ';  ' 301 ';  ' 302 ';  ' 303 ';  ' 304 ';  ' 305 ';  ' 306 ';  ' 307 ';  ' 308 ';  ' 309 ';  ' 310 ';  ' 311 ';  ' 312 ';  ' 313 ';  ' 314 ';  ' 315 ';  ' 316 ';  ' 317 ';  ' 318 ';  ' 319 ';  ' 320 ';  ' 321 ';  ' 322 ';  ' 323 ';  ' 324 ';  ' 325 '; ];
%% RTS 96 System Load Data %% 
all_loaddata96 = [ 
101,1,11,11,95.8949916774977,14.069696469237284,0.0,0.0,0.0,0.0,1,1,0
102,1,11,12,78.28097426437559,15.84895998810511,0.0,0.0,0.0,0.0,1,1,0
103,1,11,11,100.7258626450002,23.669826718213827,0.0,0.0,0.0,0.0,1,1,0
104,1,11,11,41.49280077869966,11.097357019852382,0.0,0.0,0.0,0.0,1,1,0
105,1,11,11,52.87556348131677,7.961752227660175,0.0,0.0,0.0,0.0,1,1,0
106,1,11,12,88.18489450917096,21.011973651587404,0.0,0.0,0.0,0.0,1,1,0
107,1,11,12,95.07239374772762,22.192130252545464,0.0,0.0,0.0,0.0,1,1,0
108,1,11,12,140.93392935782185,25.148106116750977,0.0,0.0,0.0,0.0,1,1,0
109,1,11,13,127.10768573047012,17.53753140689805,0.0,0.0,0.0,0.0,1,1,0
110,1,11,13,112.44873120026662,19.46576579352468,0.0,0.0,0.0,0.0,1,1,0
111,1,11,13,0.0,0.0,0.0,0.0,0.0,0.0,1,1,0
112,1,11,13,0.0,0.0,0.0,0.0,0.0,0.0,1,1,0
113,1,12,14,194.94442658109756,33.975521129947616,0.0,0.0,0.0,0.0,1,1,0
114,1,12,16,125.03982885042598,20.66534815877122,0.0,0.0,0.0,0.0,1,1,0
115,1,12,16,277.97848571042584,33.986639897972346,0.0,0.0,0.0,0.0,1,1,0
116,1,12,16,57.97097122154664,10.069848138724453,0.0,0.0,0.0,0.0,1,1,0
117,1,12,17,0.0,0.0,0.0,0.0,0.0,0.0,1,1,0
118,1,12,17,248.06402955771145,48.29480852201935,0.0,0.0,0.0,0.0,1,1,0
119,1,12,15,143.72891358667843,28.564793878532523,0.0,0.0,0.0,0.0,1,1,0
120,1,12,15,95.98633507822751,22.377906886364332,0.0,0.0,0.0,0.0,1,1,0
121,1,12,17,0.0,0.0,0.0,0.0,0.0,0.0,1,1,0
122,1,12,17,0.0,0.0,0.0,0.0,0.0,0.0,1,1,0
123,1,12,15,0.0,0.0,0.0,0.0,0.0,0.0,1,1,0
124,1,12,16,0.0,0.0,0.0,0.0,0.0,0.0,1,1,0
201,1,21,21,78.97146511935442,17.48718216210287,0.0,0.0,0.0,0.0,1,1,0
202,1,21,22,67.02541557271262,10.157241336445322,0.0,0.0,0.0,0.0,1,1,0
203,1,21,21,137.12071155563928,19.903093878241346,0.0,0.0,0.0,0.0,1,1,0
204,1,21,21,51.95638944503869,11.118762925528223,0.0,0.0,0.0,0.0,1,1,0
205,1,21,21,52.22852786170626,8.544454164240696,0.0,0.0,0.0,0.0,1,1,0
206,1,21,22,86.22581588072889,14.115212201431206,0.0,0.0,0.0,0.0,1,1,0
207,1,21,22,96.54559328395408,15.943250701875659,0.0,0.0,0.0,0.0,1,1,0
208,1,21,22,91.31495157165037,28.8146467678172,0.0,0.0,0.0,0.0,1,1,0
209,1,21,23,100.95125846245908,22.461207346655243,0.0,0.0,0.0,0.0,1,1,0
210,1,21,23,157.77349249026412,30.379981598272916,0.0,0.0,0.0,0.0,1,1,0
211,1,21,23,0.0,0.0,0.0,0.0,0.0,0.0,1,1,0
212,1,21,23,0.0,0.0,0.0,0.0,0.0,0.0,1,1,0
213,1,22,24,168.69832847099195,40.518701590172945,0.0,0.0,0.0,0.0,1,1,0
214,1,22,26,153.305289044792,26.51042706737942,0.0,0.0,0.0,0.0,1,1,0
215,1,22,26,270.74039962638784,39.54436152198314,0.0,0.0,0.0,0.0,1,1,0
216,1,22,26,60.623126883390356,10.711748370537533,0.0,0.0,0.0,0.0,1,1,0
217,1,22,27,0.0,0.0,0.0,0.0,0.0,0.0,1,1,0
218,1,22,27,241.96217775651405,40.64288242548444,0.0,0.0,0.0,0.0,1,1,0
219,1,22,25,159.74896216564363,21.509826898648125,0.0,0.0,0.0,0.0,1,1,0
220,1,22,25,76.26262500960229,22.874688784765173,0.0,0.0,0.0,0.0,1,1,0
221,1,22,27,0.0,0.0,0.0,0.0,0.0,0.0,1,1,0
222,1,22,27,0.0,0.0,0.0,0.0,0.0,0.0,1,1,0
223,1,22,25,0.0,0.0,0.0,0.0,0.0,0.0,1,1,0
224,1,22,26,0.0,0.0,0.0,0.0,0.0,0.0,1,1,0
301,1,31,31,69.17351001469753,15.606651421204301,0.0,0.0,0.0,0.0,1,1,0
302,1,31,32,47.248676163180775,10.817842067333869,0.0,0.0,0.0,0.0,1,1,0
303,1,31,31,114.62790521726757,24.676597220906288,0.0,0.0,0.0,0.0,1,1,0
304,1,31,31,47.04058200001185,8.10860727289226,0.0,0.0,0.0,0.0,1,1,0
305,1,31,31,43.71923602011544,10.643289867337794,0.0,0.0,0.0,0.0,1,1,0
306,1,31,32,115.92024230622278,20.775399640263988,0.0,0.0,0.0,0.0,1,1,0
307,1,31,32,90.06624939737377,12.56303680680692,0.0,0.0,0.0,0.0,1,1,0
308,1,31,32,132.85175218469774,21.677057186388875,0.0,0.0,0.0,0.0,1,1,0
309,1,31,33,92.78689828980714,24.179919456302002,0.0,0.0,0.0,0.0,1,1,0
310,1,31,33,147.6466856902046,30.11427880952507,0.0,0.0,0.0,0.0,1,1,0
311,1,31,33,0.0,0.0,0.0,0.0,0.0,0.0,1,1,0
312,1,31,33,0.0,0.0,0.0,0.0,0.0,0.0,1,1,0
313,1,32,34,164.69337847081712,47.80773769336436,0.0,0.0,0.0,0.0,1,1,0
314,1,32,36,135.53962865528652,32.33151293052365,0.0,0.0,0.0,0.0,1,1,0
315,1,32,36,265.5312801003336,50.350592080825564,0.0,0.0,0.0,0.0,1,1,0
