% From Raw File 
%% RTS 96 System Bus Data %% 
all_busdata96 = [ 
101,138,2,1,1,1,1.00,0.00,1.1,0.9,1.1,0.9
102,138,2,1,1,1,1.00,0.00,1.1,0.9,1.1,0.9
103,138,1,1,1,1,1.00,0.00,1.1,0.9,1.1,0.9
104,138,1,1,1,1,1.00,0.00,1.1,0.9,1.1,0.9
105,138,1,1,1,1,1.00,0.00,1.1,0.9,1.1,0.9
106,138,1,1,1,1,1.00,0.00,1.1,0.9,1.1,0.9
107,138,2,1,1,1,1.00,0.00,1.1,0.9,1.1,0.9
108,138,1,1,1,1,1.00,0.00,1.1,0.9,1.1,0.9
109,138,1,1,1,1,1.00,0.00,1.1,0.9,1.1,0.9
110,138,1,1,1,1,1.00,0.00,1.1,0.9,1.1,0.9
111,230,1,1,1,1,1.00,0.00,1.1,0.9,1.1,0.9
112,230,1,1,1,1,1.00,0.00,1.1,0.9,1.1,0.9
113,230,3,1,1,1,1.00,0.00,1.1,0.9,1.1,0.9
114,230,2,1,1,1,1.00,0.00,1.1,0.9,1.1,0.9
115,230,2,1,1,1,1.00,0.00,1.1,0.9,1.1,0.9
116,230,2,1,1,1,1.00,0.00,1.1,0.9,1.1,0.9
117,230,1,1,1,1,1.00,0.00,1.1,0.9,1.1,0.9
118,230,2,1,1,1,1.00,0.00,1.1,0.9,1.1,0.9
119,230,1,1,1,1,1.00,0.00,1.1,0.9,1.1,0.9
120,230,1,1,1,1,1.00,0.00,1.1,0.9,1.1,0.9
121,230,2,1,1,1,1.00,0.00,1.1,0.9,1.1,0.9
122,230,2,1,1,1,1.00,0.00,1.1,0.9,1.1,0.9
123,230,2,1,1,1,1.00,0.00,1.1,0.9,1.1,0.9
124,230,1,1,1,1,1.00,0.00,1.1,0.9,1.1,0.9
201,138,2,1,1,1,1.00,0.00,1.1,0.9,1.1,0.9
202,138,2,1,1,1,1.00,0.00,1.1,0.9,1.1,0.9
203,138,1,1,1,1,1.00,0.00,1.1,0.9,1.1,0.9
204,138,1,1,1,1,1.00,0.00,1.1,0.9,1.1,0.9
205,138,1,1,1,1,1.00,0.00,1.1,0.9,1.1,0.9
206,138,1,1,1,1,1.00,0.00,1.1,0.9,1.1,0.9
207,138,2,1,1,1,1.00,0.00,1.1,0.9,1.1,0.9
208,138,1,1,1,1,1.00,0.00,1.1,0.9,1.1,0.9
209,138,1,1,1,1,1.00,0.00,1.1,0.9,1.1,0.9
210,138,1,1,1,1,1.00,0.00,1.1,0.9,1.1,0.9
211,230,1,1,1,1,1.00,0.00,1.1,0.9,1.1,0.9
212,230,1,1,1,1,1.00,0.00,1.1,0.9,1.1,0.9
213,230,2,1,1,1,1.00,0.00,1.1,0.9,1.1,0.9
214,230,2,1,1,1,1.00,0.00,1.1,0.9,1.1,0.9
215,230,2,1,1,1,1.00,0.00,1.1,0.9,1.1,0.9
216,230,2,1,1,1,1.00,0.00,1.1,0.9,1.1,0.9
217,230,1,1,1,1,1.00,0.00,1.1,0.9,1.1,0.9
218,230,2,1,1,1,1.00,0.00,1.1,0.9,1.1,0.9
219,230,1,1,1,1,1.00,0.00,1.1,0.9,1.1,0.9
220,230,1,1,1,1,1.00,0.00,1.1,0.9,1.1,0.9
221,230,2,1,1,1,1.00,0.00,1.1,0.9,1.1,0.9
222,230,2,1,1,1,1.00,0.00,1.1,0.9,1.1,0.9
223,230,2,1,1,1,1.00,0.00,1.1,0.9,1.1,0.9
224,230,1,1,1,1,1.00,0.00,1.1,0.9,1.1,0.9
301,138,2,1,1,1,1.00,0.00,1.1,0.9,1.1,0.9
302,138,2,1,1,1,1.00,0.00,1.1,0.9,1.1,0.9
303,138,1,1,1,1,1.00,0.00,1.1,0.9,1.1,0.9
304,138,1,1,1,1,1.00,0.00,1.1,0.9,1.1,0.9
305,138,1,1,1,1,1.00,0.00,1.1,0.9,1.1,0.9
306,138,1,1,1,1,1.00,0.00,1.1,0.9,1.1,0.9
307,138,2,1,1,1,1.00,0.00,1.1,0.9,1.1,0.9
308,138,1,1,1,1,1.00,0.00,1.1,0.9,1.1,0.9
309,138,1,1,1,1,1.00,0.00,1.1,0.9,1.1,0.9
310,138,1,1,1,1,1.00,0.00,1.1,0.9,1.1,0.9
311,230,1,1,1,1,1.00,0.00,1.1,0.9,1.1,0.9
312,230,1,1,1,1,1.00,0.00,1.1,0.9,1.1,0.9
313,230,2,1,1,1,1.00,0.00,1.1,0.9,1.1,0.9
314,230,2,1,1,1,1.00,0.00,1.1,0.9,1.1,0.9
315,230,2,1,1,1,1.00,0.00,1.1,0.9,1.1,0.9
316,230,2,1,1,1,1.00,0.00,1.1,0.9,1.1,0.9
317,230,1,1,1,1,1.00,0.00,1.1,0.9,1.1,0.9
318,230,2,1,1,1,1.00,0.00,1.1,0.9,1.1,0.9
319,230,1,1,1,1,1.00,0.00,1.1,0.9,1.1,0.9
320,230,1,1,1,1,1.00,0.00,1.1,0.9,1.1,0.9
321,230,2,1,1,1,1.00,0.00,1.1,0.9,1.1,0.9
322,230,2,1,1,1,1.00,0.00,1.1,0.9,1.1,0.9
323,230,2,1,1,1,1.00,0.00,1.1,0.9,1.1,0.9
324,230,1,1,1,1,1.00,0.00,1.1,0.9,1.1,0.9
325,230,1,1,1,1,1.00,0.00,1.1,0.9,1.1,0.9
]; 
all_busName96 = [   ' 101 ';  ' 102 ';  ' 103 ';  ' 104 ';  ' 105 ';  ' 106 ';  ' 107 ';  ' 108 ';  ' 109 ';  ' 110 ';  ' 111 ';  ' 112 ';  ' 113 ';  ' 114 ';  ' 115 ';  ' 116 ';  ' 117 ';  ' 118 ';  ' 119 ';  ' 120 ';  ' 121 ';  ' 122 ';  ' 123 ';  ' 124 ';  ' 201 ';  ' 202 ';  ' 203 ';  ' 204 ';  ' 205 ';  ' 206 ';  ' 207 ';  ' 208 ';  ' 209 ';  ' 210 ';  ' 211 ';  ' 212 ';  ' 213 ';  ' 214 ';  ' 215 ';  ' 216 ';  ' 217 ';  ' 218 ';  ' 219 ';  ' 220 ';  ' 221 ';  ' 222 ';  ' 223 ';  ' 224 ';  ' 301 ';  ' 302 ';  ' 303 ';  ' 304 ';  ' 305 ';  ' 306 ';  ' 307 ';  ' 308 ';  ' 309 ';  ' 310 ';  ' 311 ';  ' 312 ';  ' 313 ';  ' 314 ';  ' 315 ';  ' 316 ';  ' 317 ';  ' 318 ';  ' 319 ';  ' 320 ';  ' 321 ';  ' 322 ';  ' 323 ';  ' 324 ';  ' 325 '; ];
%% RTS 96 System Load Data %% 
all_loaddata96 = [ 
101,1,11,11,81.99409365034998,16.014597027187047,0.0,0.0,0.0,0.0,1,1,0
102,1,11,12,71.34507316422109,9.803956036102026,0.0,0.0,0.0,0.0,1,1,0
103,1,11,11,116.11783467617165,31.781127458685773,0.0,0.0,0.0,0.0,1,1,0
104,1,11,11,53.008738492245314,7.616120298139052,0.0,0.0,0.0,0.0,1,1,0
105,1,11,11,63.435829307757594,8.079816897027845,0.0,0.0,0.0,0.0,1,1,0
106,1,11,12,116.57218489024937,25.16483179342803,0.0,0.0,0.0,0.0,1,1,0
107,1,11,12,77.48425771595794,13.72402076027356,0.0,0.0,0.0,0.0,1,1,0
108,1,11,12,136.93441053581228,18.957462436141444,0.0,0.0,0.0,0.0,1,1,0
109,1,11,13,124.71260663732187,26.35343672864847,0.0,0.0,0.0,0.0,1,1,0
110,1,11,13,148.88866724946024,30.851208873230966,0.0,0.0,0.0,0.0,1,1,0
111,1,11,13,0.0,0.0,0.0,0.0,0.0,0.0,1,1,0
112,1,11,13,0.0,0.0,0.0,0.0,0.0,0.0,1,1,0
113,1,12,14,130.1962885989428,36.10772632916411,0.0,0.0,0.0,0.0,1,1,0
114,1,12,16,109.08264496818055,20.286742513204178,0.0,0.0,0.0,0.0,1,1,0
115,1,12,16,208.34049449101263,45.369306263691186,0.0,0.0,0.0,0.0,1,1,0
116,1,12,16,48.92490670609753,12.017738712748512,0.0,0.0,0.0,0.0,1,1,0
117,1,12,17,0.0,0.0,0.0,0.0,0.0,0.0,1,1,0
118,1,12,17,264.01972533483314,41.67937248299941,0.0,0.0,0.0,0.0,1,1,0
119,1,12,15,135.3917641366813,22.875532208555747,0.0,0.0,0.0,0.0,1,1,0
120,1,12,15,107.67079574149847,19.76508214087738,0.0,0.0,0.0,0.0,1,1,0
121,1,12,17,0.0,0.0,0.0,0.0,0.0,0.0,1,1,0
122,1,12,17,0.0,0.0,0.0,0.0,0.0,0.0,1,1,0
123,1,12,15,0.0,0.0,0.0,0.0,0.0,0.0,1,1,0
124,1,12,16,0.0,0.0,0.0,0.0,0.0,0.0,1,1,0
201,1,21,21,69.23612559178433,16.36994337930875,0.0,0.0,0.0,0.0,1,1,0
202,1,21,22,75.88432077528094,15.827090811386704,0.0,0.0,0.0,0.0,1,1,0
203,1,21,21,121.6245713922875,29.143119799295626,0.0,0.0,0.0,0.0,1,1,0
204,1,21,21,66.48173200904522,10.30523873886885,0.0,0.0,0.0,0.0,1,1,0
205,1,21,21,55.51904145190395,12.381246637808719,0.0,0.0,0.0,0.0,1,1,0
206,1,21,22,67.0889557079371,20.531165530110147,0.0,0.0,0.0,0.0,1,1,0
207,1,21,22,78.60213332216372,18.23327439503744,0.0,0.0,0.0,0.0,1,1,0
208,1,21,22,116.9602944520054,30.645478198669387,0.0,0.0,0.0,0.0,1,1,0
209,1,21,23,107.49247953812011,31.491918793630045,0.0,0.0,0.0,0.0,1,1,0
210,1,21,23,124.56238692864984,34.69737570207752,0.0,0.0,0.0,0.0,1,1,0
211,1,21,23,0.0,0.0,0.0,0.0,0.0,0.0,1,1,0
212,1,21,23,0.0,0.0,0.0,0.0,0.0,0.0,1,1,0
213,1,22,24,158.54405028763878,33.89636936919093,0.0,0.0,0.0,0.0,1,1,0
214,1,22,26,171.39811598470146,23.613087266274917,0.0,0.0,0.0,0.0,1,1,0
215,1,22,26,227.61516345559764,51.69974549076855,0.0,0.0,0.0,0.0,1,1,0
216,1,22,26,67.23361519505269,15.479384441354313,0.0,0.0,0.0,0.0,1,1,0
217,1,22,27,0.0,0.0,0.0,0.0,0.0,0.0,1,1,0
218,1,22,27,295.62642540653235,49.511037386048955,0.0,0.0,0.0,0.0,1,1,0
219,1,22,25,135.5426081607216,20.042234918578107,0.0,0.0,0.0,0.0,1,1,0
220,1,22,25,94.64494597097038,21.40504121218482,0.0,0.0,0.0,0.0,1,1,0
221,1,22,27,0.0,0.0,0.0,0.0,0.0,0.0,1,1,0
222,1,22,27,0.0,0.0,0.0,0.0,0.0,0.0,1,1,0
223,1,22,25,0.0,0.0,0.0,0.0,0.0,0.0,1,1,0
224,1,22,26,0.0,0.0,0.0,0.0,0.0,0.0,1,1,0
301,1,31,31,78.33925489502549,11.627566923896502,0.0,0.0,0.0,0.0,1,1,0
302,1,31,32,85.47402138697278,17.1786127910614,0.0,0.0,0.0,0.0,1,1,0
303,1,31,31,90.085904166813,25.46615517554884,0.0,0.0,0.0,0.0,1,1,0
304,1,31,31,54.61958589824382,10.191218743634876,0.0,0.0,0.0,0.0,1,1,0
305,1,31,31,37.23491815394363,11.272017787297537,0.0,0.0,0.0,0.0,1,1,0
306,1,31,32,116.99290613631831,21.95927646448407,0.0,0.0,0.0,0.0,1,1,0
307,1,31,32,107.72743290889194,14.576897469564573,0.0,0.0,0.0,0.0,1,1,0
308,1,31,32,139.9962256865901,22.821492284209,0.0,0.0,0.0,0.0,1,1,0
309,1,31,33,104.80486267201952,23.396847194991075,0.0,0.0,0.0,0.0,1,1,0
310,1,31,33,107.68803772182203,26.33415801230259,0.0,0.0,0.0,0.0,1,1,0
311,1,31,33,0.0,0.0,0.0,0.0,0.0,0.0,1,1,0
312,1,31,33,0.0,0.0,0.0,0.0,0.0,0.0,1,1,0
313,1,32,34,215.22077662023577,27.85648048213357,0.0,0.0,0.0,0.0,1,1,0
314,1,32,36,115.95596434643578,28.240593916558478,0.0,0.0,0.0,0.0,1,1,0
315,1,32,36,231.3021872316517,51.161220932453865,0.0,0.0,0.0,0.0,1,1,0
