% From Raw File 
%% RTS 96 System Bus Data %% 
all_busdata96 = [ 
101,138,2,1,1,1,1.00,0.00,1.1,0.9,1.1,0.9
102,138,2,1,1,1,1.00,0.00,1.1,0.9,1.1,0.9
103,138,1,1,1,1,1.00,0.00,1.1,0.9,1.1,0.9
104,138,1,1,1,1,1.00,0.00,1.1,0.9,1.1,0.9
105,138,1,1,1,1,1.00,0.00,1.1,0.9,1.1,0.9
106,138,1,1,1,1,1.00,0.00,1.1,0.9,1.1,0.9
107,138,2,1,1,1,1.00,0.00,1.1,0.9,1.1,0.9
108,138,1,1,1,1,1.00,0.00,1.1,0.9,1.1,0.9
109,138,1,1,1,1,1.00,0.00,1.1,0.9,1.1,0.9
110,138,1,1,1,1,1.00,0.00,1.1,0.9,1.1,0.9
111,230,1,1,1,1,1.00,0.00,1.1,0.9,1.1,0.9
112,230,1,1,1,1,1.00,0.00,1.1,0.9,1.1,0.9
113,230,3,1,1,1,1.00,0.00,1.1,0.9,1.1,0.9
114,230,2,1,1,1,1.00,0.00,1.1,0.9,1.1,0.9
115,230,2,1,1,1,1.00,0.00,1.1,0.9,1.1,0.9
116,230,2,1,1,1,1.00,0.00,1.1,0.9,1.1,0.9
117,230,1,1,1,1,1.00,0.00,1.1,0.9,1.1,0.9
118,230,2,1,1,1,1.00,0.00,1.1,0.9,1.1,0.9
119,230,1,1,1,1,1.00,0.00,1.1,0.9,1.1,0.9
120,230,1,1,1,1,1.00,0.00,1.1,0.9,1.1,0.9
121,230,2,1,1,1,1.00,0.00,1.1,0.9,1.1,0.9
122,230,2,1,1,1,1.00,0.00,1.1,0.9,1.1,0.9
123,230,2,1,1,1,1.00,0.00,1.1,0.9,1.1,0.9
124,230,1,1,1,1,1.00,0.00,1.1,0.9,1.1,0.9
201,138,2,1,1,1,1.00,0.00,1.1,0.9,1.1,0.9
202,138,2,1,1,1,1.00,0.00,1.1,0.9,1.1,0.9
203,138,1,1,1,1,1.00,0.00,1.1,0.9,1.1,0.9
204,138,1,1,1,1,1.00,0.00,1.1,0.9,1.1,0.9
205,138,1,1,1,1,1.00,0.00,1.1,0.9,1.1,0.9
206,138,1,1,1,1,1.00,0.00,1.1,0.9,1.1,0.9
207,138,2,1,1,1,1.00,0.00,1.1,0.9,1.1,0.9
208,138,1,1,1,1,1.00,0.00,1.1,0.9,1.1,0.9
209,138,1,1,1,1,1.00,0.00,1.1,0.9,1.1,0.9
210,138,1,1,1,1,1.00,0.00,1.1,0.9,1.1,0.9
211,230,1,1,1,1,1.00,0.00,1.1,0.9,1.1,0.9
212,230,1,1,1,1,1.00,0.00,1.1,0.9,1.1,0.9
213,230,2,1,1,1,1.00,0.00,1.1,0.9,1.1,0.9
214,230,2,1,1,1,1.00,0.00,1.1,0.9,1.1,0.9
215,230,2,1,1,1,1.00,0.00,1.1,0.9,1.1,0.9
216,230,2,1,1,1,1.00,0.00,1.1,0.9,1.1,0.9
217,230,1,1,1,1,1.00,0.00,1.1,0.9,1.1,0.9
218,230,2,1,1,1,1.00,0.00,1.1,0.9,1.1,0.9
219,230,1,1,1,1,1.00,0.00,1.1,0.9,1.1,0.9
220,230,1,1,1,1,1.00,0.00,1.1,0.9,1.1,0.9
221,230,2,1,1,1,1.00,0.00,1.1,0.9,1.1,0.9
222,230,2,1,1,1,1.00,0.00,1.1,0.9,1.1,0.9
223,230,2,1,1,1,1.00,0.00,1.1,0.9,1.1,0.9
224,230,1,1,1,1,1.00,0.00,1.1,0.9,1.1,0.9
301,138,2,1,1,1,1.00,0.00,1.1,0.9,1.1,0.9
302,138,2,1,1,1,1.00,0.00,1.1,0.9,1.1,0.9
303,138,1,1,1,1,1.00,0.00,1.1,0.9,1.1,0.9
304,138,1,1,1,1,1.00,0.00,1.1,0.9,1.1,0.9
305,138,1,1,1,1,1.00,0.00,1.1,0.9,1.1,0.9
306,138,1,1,1,1,1.00,0.00,1.1,0.9,1.1,0.9
307,138,2,1,1,1,1.00,0.00,1.1,0.9,1.1,0.9
308,138,1,1,1,1,1.00,0.00,1.1,0.9,1.1,0.9
309,138,1,1,1,1,1.00,0.00,1.1,0.9,1.1,0.9
310,138,1,1,1,1,1.00,0.00,1.1,0.9,1.1,0.9
311,230,1,1,1,1,1.00,0.00,1.1,0.9,1.1,0.9
312,230,1,1,1,1,1.00,0.00,1.1,0.9,1.1,0.9
313,230,2,1,1,1,1.00,0.00,1.1,0.9,1.1,0.9
314,230,2,1,1,1,1.00,0.00,1.1,0.9,1.1,0.9
315,230,2,1,1,1,1.00,0.00,1.1,0.9,1.1,0.9
316,230,2,1,1,1,1.00,0.00,1.1,0.9,1.1,0.9
317,230,1,1,1,1,1.00,0.00,1.1,0.9,1.1,0.9
318,230,2,1,1,1,1.00,0.00,1.1,0.9,1.1,0.9
319,230,1,1,1,1,1.00,0.00,1.1,0.9,1.1,0.9
320,230,1,1,1,1,1.00,0.00,1.1,0.9,1.1,0.9
321,230,2,1,1,1,1.00,0.00,1.1,0.9,1.1,0.9
322,230,2,1,1,1,1.00,0.00,1.1,0.9,1.1,0.9
323,230,2,1,1,1,1.00,0.00,1.1,0.9,1.1,0.9
324,230,1,1,1,1,1.00,0.00,1.1,0.9,1.1,0.9
325,230,1,1,1,1,1.00,0.00,1.1,0.9,1.1,0.9
]; 
all_busName96 = [   ' 101 ';  ' 102 ';  ' 103 ';  ' 104 ';  ' 105 ';  ' 106 ';  ' 107 ';  ' 108 ';  ' 109 ';  ' 110 ';  ' 111 ';  ' 112 ';  ' 113 ';  ' 114 ';  ' 115 ';  ' 116 ';  ' 117 ';  ' 118 ';  ' 119 ';  ' 120 ';  ' 121 ';  ' 122 ';  ' 123 ';  ' 124 ';  ' 201 ';  ' 202 ';  ' 203 ';  ' 204 ';  ' 205 ';  ' 206 ';  ' 207 ';  ' 208 ';  ' 209 ';  ' 210 ';  ' 211 ';  ' 212 ';  ' 213 ';  ' 214 ';  ' 215 ';  ' 216 ';  ' 217 ';  ' 218 ';  ' 219 ';  ' 220 ';  ' 221 ';  ' 222 ';  ' 223 ';  ' 224 ';  ' 301 ';  ' 302 ';  ' 303 ';  ' 304 ';  ' 305 ';  ' 306 ';  ' 307 ';  ' 308 ';  ' 309 ';  ' 310 ';  ' 311 ';  ' 312 ';  ' 313 ';  ' 314 ';  ' 315 ';  ' 316 ';  ' 317 ';  ' 318 ';  ' 319 ';  ' 320 ';  ' 321 ';  ' 322 ';  ' 323 ';  ' 324 ';  ' 325 '; ];
%% RTS 96 System Load Data %% 
all_loaddata96 = [ 
101,1,11,11,60.42297610111814,17.72937445178619,0.0,0.0,0.0,0.0,1,1,0
102,1,11,12,82.0085435868608,11.43088371032942,0.0,0.0,0.0,0.0,1,1,0
103,1,11,11,142.69611125523784,29.90765368226585,0.0,0.0,0.0,0.0,1,1,0
104,1,11,11,41.96872122583296,11.19797988644801,0.0,0.0,0.0,0.0,1,1,0
105,1,11,11,36.06942311359076,9.602384581975825,0.0,0.0,0.0,0.0,1,1,0
106,1,11,12,88.93923455717079,19.899988115925527,0.0,0.0,0.0,0.0,1,1,0
107,1,11,12,99.13513726390083,21.92787860087352,0.0,0.0,0.0,0.0,1,1,0
108,1,11,12,137.68849246830914,20.070750884876816,0.0,0.0,0.0,0.0,1,1,0
109,1,11,13,135.1478445559193,28.864910573468173,0.0,0.0,0.0,0.0,1,1,0
110,1,11,13,113.83184004356525,34.44051555094309,0.0,0.0,0.0,0.0,1,1,0
111,1,11,13,0.0,0.0,0.0,0.0,0.0,0.0,1,1,0
112,1,11,13,0.0,0.0,0.0,0.0,0.0,0.0,1,1,0
113,1,12,14,141.57379102459504,43.549258644322485,0.0,0.0,0.0,0.0,1,1,0
114,1,12,16,112.92759670438981,31.081726958824373,0.0,0.0,0.0,0.0,1,1,0
115,1,12,16,227.0006837782149,52.18198410099148,0.0,0.0,0.0,0.0,1,1,0
116,1,12,16,86.93436053090728,14.041805286484768,0.0,0.0,0.0,0.0,1,1,0
117,1,12,17,0.0,0.0,0.0,0.0,0.0,0.0,1,1,0
118,1,12,17,284.974454088219,51.28310994061512,0.0,0.0,0.0,0.0,1,1,0
119,1,12,15,93.7861384665634,24.94571311576031,0.0,0.0,0.0,0.0,1,1,0
120,1,12,15,92.76588333123922,17.701549158781397,0.0,0.0,0.0,0.0,1,1,0
121,1,12,17,0.0,0.0,0.0,0.0,0.0,0.0,1,1,0
122,1,12,17,0.0,0.0,0.0,0.0,0.0,0.0,1,1,0
123,1,12,15,0.0,0.0,0.0,0.0,0.0,0.0,1,1,0
124,1,12,16,0.0,0.0,0.0,0.0,0.0,0.0,1,1,0
201,1,21,21,93.01796133264507,15.477376170277688,0.0,0.0,0.0,0.0,1,1,0
202,1,21,22,48.883089910560614,14.036694584422746,0.0,0.0,0.0,0.0,1,1,0
203,1,21,21,160.72415345707165,31.679375568675198,0.0,0.0,0.0,0.0,1,1,0
204,1,21,21,64.99139915678754,10.22738936569565,0.0,0.0,0.0,0.0,1,1,0
205,1,21,21,44.03566176318387,10.66329523284193,0.0,0.0,0.0,0.0,1,1,0
206,1,21,22,77.89370159679986,21.3149326642463,0.0,0.0,0.0,0.0,1,1,0
207,1,21,22,96.16076370229712,17.298361993711442,0.0,0.0,0.0,0.0,1,1,0
208,1,21,22,123.54454182887889,21.234857820719014,0.0,0.0,0.0,0.0,1,1,0
209,1,21,23,110.79861206782283,28.612266797713747,0.0,0.0,0.0,0.0,1,1,0
210,1,21,23,119.20544073811685,25.845057617833834,0.0,0.0,0.0,0.0,1,1,0
211,1,21,23,0.0,0.0,0.0,0.0,0.0,0.0,1,1,0
212,1,21,23,0.0,0.0,0.0,0.0,0.0,0.0,1,1,0
213,1,22,24,178.7357802225065,42.397964572872965,0.0,0.0,0.0,0.0,1,1,0
214,1,22,26,112.15672837811121,20.175641660661064,0.0,0.0,0.0,0.0,1,1,0
215,1,22,26,163.5775013769474,52.618735422474145,0.0,0.0,0.0,0.0,1,1,0
216,1,22,26,74.16297217005864,16.830938004643656,0.0,0.0,0.0,0.0,1,1,0
217,1,22,27,0.0,0.0,0.0,0.0,0.0,0.0,1,1,0
218,1,22,27,294.7056499886339,60.005854413716875,0.0,0.0,0.0,0.0,1,1,0
219,1,22,25,162.693802173234,29.955833658870166,0.0,0.0,0.0,0.0,1,1,0
220,1,22,25,98.89631374070048,20.769961848037042,0.0,0.0,0.0,0.0,1,1,0
221,1,22,27,0.0,0.0,0.0,0.0,0.0,0.0,1,1,0
222,1,22,27,0.0,0.0,0.0,0.0,0.0,0.0,1,1,0
223,1,22,25,0.0,0.0,0.0,0.0,0.0,0.0,1,1,0
224,1,22,26,0.0,0.0,0.0,0.0,0.0,0.0,1,1,0
301,1,31,31,67.59453963865042,14.300014585326332,0.0,0.0,0.0,0.0,1,1,0
302,1,31,32,77.45458607156715,15.24095722504053,0.0,0.0,0.0,0.0,1,1,0
303,1,31,31,155.47819252647923,18.11238401990421,0.0,0.0,0.0,0.0,1,1,0
304,1,31,31,55.42277760653878,7.74086108678067,0.0,0.0,0.0,0.0,1,1,0
305,1,31,31,45.72982731183772,7.104364889979735,0.0,0.0,0.0,0.0,1,1,0
306,1,31,32,117.90185667861367,17.8146205223104,0.0,0.0,0.0,0.0,1,1,0
307,1,31,32,92.16073504190426,18.896468934151343,0.0,0.0,0.0,0.0,1,1,0
308,1,31,32,115.41176980230594,24.293601745240156,0.0,0.0,0.0,0.0,1,1,0
309,1,31,33,155.91982321105084,20.118916956293955,0.0,0.0,0.0,0.0,1,1,0
310,1,31,33,109.30536358801648,35.51970750352554,0.0,0.0,0.0,0.0,1,1,0
311,1,31,33,0.0,0.0,0.0,0.0,0.0,0.0,1,1,0
312,1,31,33,0.0,0.0,0.0,0.0,0.0,0.0,1,1,0
313,1,32,34,187.3634952010049,30.399129528210402,0.0,0.0,0.0,0.0,1,1,0
314,1,32,36,104.64844771451354,34.242983720644375,0.0,0.0,0.0,0.0,1,1,0
315,1,32,36,188.22807465087485,40.43643985337019,0.0,0.0,0.0,0.0,1,1,0
