% From Raw File 
%% RTS 96 System Bus Data %% 
all_busdata96 = [ 
101,138,2,1,1,1,1.00,0.00,1.1,0.9,1.1,0.9
102,138,2,1,1,1,1.00,0.00,1.1,0.9,1.1,0.9
103,138,1,1,1,1,1.00,0.00,1.1,0.9,1.1,0.9
104,138,1,1,1,1,1.00,0.00,1.1,0.9,1.1,0.9
105,138,1,1,1,1,1.00,0.00,1.1,0.9,1.1,0.9
106,138,1,1,1,1,1.00,0.00,1.1,0.9,1.1,0.9
107,138,2,1,1,1,1.00,0.00,1.1,0.9,1.1,0.9
108,138,1,1,1,1,1.00,0.00,1.1,0.9,1.1,0.9
109,138,1,1,1,1,1.00,0.00,1.1,0.9,1.1,0.9
110,138,1,1,1,1,1.00,0.00,1.1,0.9,1.1,0.9
111,230,1,1,1,1,1.00,0.00,1.1,0.9,1.1,0.9
112,230,1,1,1,1,1.00,0.00,1.1,0.9,1.1,0.9
113,230,3,1,1,1,1.00,0.00,1.1,0.9,1.1,0.9
114,230,2,1,1,1,1.00,0.00,1.1,0.9,1.1,0.9
115,230,2,1,1,1,1.00,0.00,1.1,0.9,1.1,0.9
116,230,2,1,1,1,1.00,0.00,1.1,0.9,1.1,0.9
117,230,1,1,1,1,1.00,0.00,1.1,0.9,1.1,0.9
118,230,2,1,1,1,1.00,0.00,1.1,0.9,1.1,0.9
119,230,1,1,1,1,1.00,0.00,1.1,0.9,1.1,0.9
120,230,1,1,1,1,1.00,0.00,1.1,0.9,1.1,0.9
121,230,2,1,1,1,1.00,0.00,1.1,0.9,1.1,0.9
122,230,2,1,1,1,1.00,0.00,1.1,0.9,1.1,0.9
123,230,2,1,1,1,1.00,0.00,1.1,0.9,1.1,0.9
124,230,1,1,1,1,1.00,0.00,1.1,0.9,1.1,0.9
201,138,2,1,1,1,1.00,0.00,1.1,0.9,1.1,0.9
202,138,2,1,1,1,1.00,0.00,1.1,0.9,1.1,0.9
203,138,1,1,1,1,1.00,0.00,1.1,0.9,1.1,0.9
204,138,1,1,1,1,1.00,0.00,1.1,0.9,1.1,0.9
205,138,1,1,1,1,1.00,0.00,1.1,0.9,1.1,0.9
206,138,1,1,1,1,1.00,0.00,1.1,0.9,1.1,0.9
207,138,2,1,1,1,1.00,0.00,1.1,0.9,1.1,0.9
208,138,1,1,1,1,1.00,0.00,1.1,0.9,1.1,0.9
209,138,1,1,1,1,1.00,0.00,1.1,0.9,1.1,0.9
210,138,1,1,1,1,1.00,0.00,1.1,0.9,1.1,0.9
211,230,1,1,1,1,1.00,0.00,1.1,0.9,1.1,0.9
212,230,1,1,1,1,1.00,0.00,1.1,0.9,1.1,0.9
213,230,2,1,1,1,1.00,0.00,1.1,0.9,1.1,0.9
214,230,2,1,1,1,1.00,0.00,1.1,0.9,1.1,0.9
215,230,2,1,1,1,1.00,0.00,1.1,0.9,1.1,0.9
216,230,2,1,1,1,1.00,0.00,1.1,0.9,1.1,0.9
217,230,1,1,1,1,1.00,0.00,1.1,0.9,1.1,0.9
218,230,2,1,1,1,1.00,0.00,1.1,0.9,1.1,0.9
219,230,1,1,1,1,1.00,0.00,1.1,0.9,1.1,0.9
220,230,1,1,1,1,1.00,0.00,1.1,0.9,1.1,0.9
221,230,2,1,1,1,1.00,0.00,1.1,0.9,1.1,0.9
222,230,2,1,1,1,1.00,0.00,1.1,0.9,1.1,0.9
223,230,2,1,1,1,1.00,0.00,1.1,0.9,1.1,0.9
224,230,1,1,1,1,1.00,0.00,1.1,0.9,1.1,0.9
301,138,2,1,1,1,1.00,0.00,1.1,0.9,1.1,0.9
302,138,2,1,1,1,1.00,0.00,1.1,0.9,1.1,0.9
303,138,1,1,1,1,1.00,0.00,1.1,0.9,1.1,0.9
304,138,1,1,1,1,1.00,0.00,1.1,0.9,1.1,0.9
305,138,1,1,1,1,1.00,0.00,1.1,0.9,1.1,0.9
306,138,1,1,1,1,1.00,0.00,1.1,0.9,1.1,0.9
307,138,2,1,1,1,1.00,0.00,1.1,0.9,1.1,0.9
308,138,1,1,1,1,1.00,0.00,1.1,0.9,1.1,0.9
309,138,1,1,1,1,1.00,0.00,1.1,0.9,1.1,0.9
310,138,1,1,1,1,1.00,0.00,1.1,0.9,1.1,0.9
311,230,1,1,1,1,1.00,0.00,1.1,0.9,1.1,0.9
312,230,1,1,1,1,1.00,0.00,1.1,0.9,1.1,0.9
313,230,2,1,1,1,1.00,0.00,1.1,0.9,1.1,0.9
314,230,2,1,1,1,1.00,0.00,1.1,0.9,1.1,0.9
315,230,2,1,1,1,1.00,0.00,1.1,0.9,1.1,0.9
316,230,2,1,1,1,1.00,0.00,1.1,0.9,1.1,0.9
317,230,1,1,1,1,1.00,0.00,1.1,0.9,1.1,0.9
318,230,2,1,1,1,1.00,0.00,1.1,0.9,1.1,0.9
319,230,1,1,1,1,1.00,0.00,1.1,0.9,1.1,0.9
320,230,1,1,1,1,1.00,0.00,1.1,0.9,1.1,0.9
321,230,2,1,1,1,1.00,0.00,1.1,0.9,1.1,0.9
322,230,2,1,1,1,1.00,0.00,1.1,0.9,1.1,0.9
323,230,2,1,1,1,1.00,0.00,1.1,0.9,1.1,0.9
324,230,1,1,1,1,1.00,0.00,1.1,0.9,1.1,0.9
325,230,1,1,1,1,1.00,0.00,1.1,0.9,1.1,0.9
]; 
all_busName96 = [   ' 101 ';  ' 102 ';  ' 103 ';  ' 104 ';  ' 105 ';  ' 106 ';  ' 107 ';  ' 108 ';  ' 109 ';  ' 110 ';  ' 111 ';  ' 112 ';  ' 113 ';  ' 114 ';  ' 115 ';  ' 116 ';  ' 117 ';  ' 118 ';  ' 119 ';  ' 120 ';  ' 121 ';  ' 122 ';  ' 123 ';  ' 124 ';  ' 201 ';  ' 202 ';  ' 203 ';  ' 204 ';  ' 205 ';  ' 206 ';  ' 207 ';  ' 208 ';  ' 209 ';  ' 210 ';  ' 211 ';  ' 212 ';  ' 213 ';  ' 214 ';  ' 215 ';  ' 216 ';  ' 217 ';  ' 218 ';  ' 219 ';  ' 220 ';  ' 221 ';  ' 222 ';  ' 223 ';  ' 224 ';  ' 301 ';  ' 302 ';  ' 303 ';  ' 304 ';  ' 305 ';  ' 306 ';  ' 307 ';  ' 308 ';  ' 309 ';  ' 310 ';  ' 311 ';  ' 312 ';  ' 313 ';  ' 314 ';  ' 315 ';  ' 316 ';  ' 317 ';  ' 318 ';  ' 319 ';  ' 320 ';  ' 321 ';  ' 322 ';  ' 323 ';  ' 324 ';  ' 325 '; ];
%% RTS 96 System Load Data %% 
all_loaddata96 = [ 
101,1,11,11,69.61435195138435,17.367530131862125,0.0,0.0,0.0,0.0,1,1,0
102,1,11,12,73.23997356928834,17.74162736317143,0.0,0.0,0.0,0.0,1,1,0
103,1,11,11,106.60943138467613,21.000004581351853,0.0,0.0,0.0,0.0,1,1,0
104,1,11,11,49.09510023354404,9.523818305638153,0.0,0.0,0.0,0.0,1,1,0
105,1,11,11,37.44962907708809,7.928968589779268,0.0,0.0,0.0,0.0,1,1,0
106,1,11,12,106.9855106132716,16.94676400267314,0.0,0.0,0.0,0.0,1,1,0
107,1,11,12,95.31990889599547,16.051578564749796,0.0,0.0,0.0,0.0,1,1,0
108,1,11,12,103.47374748587511,30.379868610821667,0.0,0.0,0.0,0.0,1,1,0
109,1,11,13,117.01098315660144,17.57544151812438,0.0,0.0,0.0,0.0,1,1,0
110,1,11,13,105.79848837676549,24.72901583525352,0.0,0.0,0.0,0.0,1,1,0
111,1,11,13,0.0,0.0,0.0,0.0,0.0,0.0,1,1,0
112,1,11,13,0.0,0.0,0.0,0.0,0.0,0.0,1,1,0
113,1,12,14,204.57081943077338,30.830908306776543,0.0,0.0,0.0,0.0,1,1,0
114,1,12,16,122.85758010909716,22.134991766941873,0.0,0.0,0.0,0.0,1,1,0
115,1,12,16,254.1725053506324,41.03083059355616,0.0,0.0,0.0,0.0,1,1,0
116,1,12,16,84.77450490713585,10.599647155405952,0.0,0.0,0.0,0.0,1,1,0
117,1,12,17,0.0,0.0,0.0,0.0,0.0,0.0,1,1,0
118,1,12,17,214.1118199017474,41.117816576277654,0.0,0.0,0.0,0.0,1,1,0
119,1,12,15,125.41284306422189,24.85512959907604,0.0,0.0,0.0,0.0,1,1,0
120,1,12,15,80.05278647723793,22.09928889772352,0.0,0.0,0.0,0.0,1,1,0
121,1,12,17,0.0,0.0,0.0,0.0,0.0,0.0,1,1,0
122,1,12,17,0.0,0.0,0.0,0.0,0.0,0.0,1,1,0
123,1,12,15,0.0,0.0,0.0,0.0,0.0,0.0,1,1,0
124,1,12,16,0.0,0.0,0.0,0.0,0.0,0.0,1,1,0
201,1,21,21,62.097278931667276,13.88118359748926,0.0,0.0,0.0,0.0,1,1,0
202,1,21,22,56.5062278849585,12.527825985437257,0.0,0.0,0.0,0.0,1,1,0
203,1,21,21,101.5604574760655,27.219890429151242,0.0,0.0,0.0,0.0,1,1,0
204,1,21,21,44.34612511258051,11.898129974603886,0.0,0.0,0.0,0.0,1,1,0
205,1,21,21,52.534630154808795,11.218563252365962,0.0,0.0,0.0,0.0,1,1,0
206,1,21,22,106.89779194709882,18.571904320803657,0.0,0.0,0.0,0.0,1,1,0
207,1,21,22,102.26671211023348,18.26480729767238,0.0,0.0,0.0,0.0,1,1,0
208,1,21,22,143.10370905179528,17.56418703746446,0.0,0.0,0.0,0.0,1,1,0
209,1,21,23,92.4779589746066,29.680146914906057,0.0,0.0,0.0,0.0,1,1,0
210,1,21,23,130.41490902401694,21.426453875105828,0.0,0.0,0.0,0.0,1,1,0
211,1,21,23,0.0,0.0,0.0,0.0,0.0,0.0,1,1,0
212,1,21,23,0.0,0.0,0.0,0.0,0.0,0.0,1,1,0
213,1,22,24,205.3492113134803,40.39780540560633,0.0,0.0,0.0,0.0,1,1,0
214,1,22,26,125.38736627038654,24.24778153395737,0.0,0.0,0.0,0.0,1,1,0
215,1,22,26,276.8025920121088,34.78915001648962,0.0,0.0,0.0,0.0,1,1,0
216,1,22,26,86.4297941929428,14.02481960807182,0.0,0.0,0.0,0.0,1,1,0
217,1,22,27,0.0,0.0,0.0,0.0,0.0,0.0,1,1,0
218,1,22,27,273.36325518399343,37.02721385608446,0.0,0.0,0.0,0.0,1,1,0
219,1,22,25,139.21171162859133,29.56706004051519,0.0,0.0,0.0,0.0,1,1,0
220,1,22,25,71.51572186902165,14.877424537861067,0.0,0.0,0.0,0.0,1,1,0
221,1,22,27,0.0,0.0,0.0,0.0,0.0,0.0,1,1,0
222,1,22,27,0.0,0.0,0.0,0.0,0.0,0.0,1,1,0
223,1,22,25,0.0,0.0,0.0,0.0,0.0,0.0,1,1,0
224,1,22,26,0.0,0.0,0.0,0.0,0.0,0.0,1,1,0
301,1,31,31,67.65292326501924,17.363230514140426,0.0,0.0,0.0,0.0,1,1,0
302,1,31,32,57.69897171469694,13.35238288274221,0.0,0.0,0.0,0.0,1,1,0
303,1,31,31,133.00959106142074,32.11928250635359,0.0,0.0,0.0,0.0,1,1,0
304,1,31,31,57.14469921011282,11.50707223609183,0.0,0.0,0.0,0.0,1,1,0
305,1,31,31,59.801983003093206,9.000160977179558,0.0,0.0,0.0,0.0,1,1,0
306,1,31,32,104.98042678289562,22.294885168124175,0.0,0.0,0.0,0.0,1,1,0
307,1,31,32,80.59875066392706,18.18082111606607,0.0,0.0,0.0,0.0,1,1,0
308,1,31,32,131.03448278498544,19.81067812037165,0.0,0.0,0.0,0.0,1,1,0
309,1,31,33,155.84509025937297,27.92917763207965,0.0,0.0,0.0,0.0,1,1,0
310,1,31,33,99.42111876111966,22.293450553681698,0.0,0.0,0.0,0.0,1,1,0
311,1,31,33,0.0,0.0,0.0,0.0,0.0,0.0,1,1,0
312,1,31,33,0.0,0.0,0.0,0.0,0.0,0.0,1,1,0
313,1,32,34,196.48329647199765,33.4582479916689,0.0,0.0,0.0,0.0,1,1,0
314,1,32,36,118.868656722569,31.991008003258614,0.0,0.0,0.0,0.0,1,1,0
315,1,32,36,219.1882525833759,36.725199949532744,0.0,0.0,0.0,0.0,1,1,0
