% From Raw File 
%% RTS 96 System Bus Data %% 
all_busdata96 = [ 
101,138,2,1,1,1,1.00,0.00,1.1,0.9,1.1,0.9
102,138,2,1,1,1,1.00,0.00,1.1,0.9,1.1,0.9
103,138,1,1,1,1,1.00,0.00,1.1,0.9,1.1,0.9
104,138,1,1,1,1,1.00,0.00,1.1,0.9,1.1,0.9
105,138,1,1,1,1,1.00,0.00,1.1,0.9,1.1,0.9
106,138,1,1,1,1,1.00,0.00,1.1,0.9,1.1,0.9
107,138,2,1,1,1,1.00,0.00,1.1,0.9,1.1,0.9
108,138,1,1,1,1,1.00,0.00,1.1,0.9,1.1,0.9
109,138,1,1,1,1,1.00,0.00,1.1,0.9,1.1,0.9
110,138,1,1,1,1,1.00,0.00,1.1,0.9,1.1,0.9
111,230,1,1,1,1,1.00,0.00,1.1,0.9,1.1,0.9
112,230,1,1,1,1,1.00,0.00,1.1,0.9,1.1,0.9
113,230,3,1,1,1,1.00,0.00,1.1,0.9,1.1,0.9
114,230,2,1,1,1,1.00,0.00,1.1,0.9,1.1,0.9
115,230,2,1,1,1,1.00,0.00,1.1,0.9,1.1,0.9
116,230,2,1,1,1,1.00,0.00,1.1,0.9,1.1,0.9
117,230,1,1,1,1,1.00,0.00,1.1,0.9,1.1,0.9
118,230,2,1,1,1,1.00,0.00,1.1,0.9,1.1,0.9
119,230,1,1,1,1,1.00,0.00,1.1,0.9,1.1,0.9
120,230,1,1,1,1,1.00,0.00,1.1,0.9,1.1,0.9
121,230,2,1,1,1,1.00,0.00,1.1,0.9,1.1,0.9
122,230,2,1,1,1,1.00,0.00,1.1,0.9,1.1,0.9
123,230,2,1,1,1,1.00,0.00,1.1,0.9,1.1,0.9
124,230,1,1,1,1,1.00,0.00,1.1,0.9,1.1,0.9
201,138,2,1,1,1,1.00,0.00,1.1,0.9,1.1,0.9
202,138,2,1,1,1,1.00,0.00,1.1,0.9,1.1,0.9
203,138,1,1,1,1,1.00,0.00,1.1,0.9,1.1,0.9
204,138,1,1,1,1,1.00,0.00,1.1,0.9,1.1,0.9
205,138,1,1,1,1,1.00,0.00,1.1,0.9,1.1,0.9
206,138,1,1,1,1,1.00,0.00,1.1,0.9,1.1,0.9
207,138,2,1,1,1,1.00,0.00,1.1,0.9,1.1,0.9
208,138,1,1,1,1,1.00,0.00,1.1,0.9,1.1,0.9
209,138,1,1,1,1,1.00,0.00,1.1,0.9,1.1,0.9
210,138,1,1,1,1,1.00,0.00,1.1,0.9,1.1,0.9
211,230,1,1,1,1,1.00,0.00,1.1,0.9,1.1,0.9
212,230,1,1,1,1,1.00,0.00,1.1,0.9,1.1,0.9
213,230,2,1,1,1,1.00,0.00,1.1,0.9,1.1,0.9
214,230,2,1,1,1,1.00,0.00,1.1,0.9,1.1,0.9
215,230,2,1,1,1,1.00,0.00,1.1,0.9,1.1,0.9
216,230,2,1,1,1,1.00,0.00,1.1,0.9,1.1,0.9
217,230,1,1,1,1,1.00,0.00,1.1,0.9,1.1,0.9
218,230,2,1,1,1,1.00,0.00,1.1,0.9,1.1,0.9
219,230,1,1,1,1,1.00,0.00,1.1,0.9,1.1,0.9
220,230,1,1,1,1,1.00,0.00,1.1,0.9,1.1,0.9
221,230,2,1,1,1,1.00,0.00,1.1,0.9,1.1,0.9
222,230,2,1,1,1,1.00,0.00,1.1,0.9,1.1,0.9
223,230,2,1,1,1,1.00,0.00,1.1,0.9,1.1,0.9
224,230,1,1,1,1,1.00,0.00,1.1,0.9,1.1,0.9
301,138,2,1,1,1,1.00,0.00,1.1,0.9,1.1,0.9
302,138,2,1,1,1,1.00,0.00,1.1,0.9,1.1,0.9
303,138,1,1,1,1,1.00,0.00,1.1,0.9,1.1,0.9
304,138,1,1,1,1,1.00,0.00,1.1,0.9,1.1,0.9
305,138,1,1,1,1,1.00,0.00,1.1,0.9,1.1,0.9
306,138,1,1,1,1,1.00,0.00,1.1,0.9,1.1,0.9
307,138,2,1,1,1,1.00,0.00,1.1,0.9,1.1,0.9
308,138,1,1,1,1,1.00,0.00,1.1,0.9,1.1,0.9
309,138,1,1,1,1,1.00,0.00,1.1,0.9,1.1,0.9
310,138,1,1,1,1,1.00,0.00,1.1,0.9,1.1,0.9
311,230,1,1,1,1,1.00,0.00,1.1,0.9,1.1,0.9
312,230,1,1,1,1,1.00,0.00,1.1,0.9,1.1,0.9
313,230,2,1,1,1,1.00,0.00,1.1,0.9,1.1,0.9
314,230,2,1,1,1,1.00,0.00,1.1,0.9,1.1,0.9
315,230,2,1,1,1,1.00,0.00,1.1,0.9,1.1,0.9
316,230,2,1,1,1,1.00,0.00,1.1,0.9,1.1,0.9
317,230,1,1,1,1,1.00,0.00,1.1,0.9,1.1,0.9
318,230,2,1,1,1,1.00,0.00,1.1,0.9,1.1,0.9
319,230,1,1,1,1,1.00,0.00,1.1,0.9,1.1,0.9
320,230,1,1,1,1,1.00,0.00,1.1,0.9,1.1,0.9
321,230,2,1,1,1,1.00,0.00,1.1,0.9,1.1,0.9
322,230,2,1,1,1,1.00,0.00,1.1,0.9,1.1,0.9
323,230,2,1,1,1,1.00,0.00,1.1,0.9,1.1,0.9
324,230,1,1,1,1,1.00,0.00,1.1,0.9,1.1,0.9
325,230,1,1,1,1,1.00,0.00,1.1,0.9,1.1,0.9
]; 
all_busName96 = [   ' 101 ';  ' 102 ';  ' 103 ';  ' 104 ';  ' 105 ';  ' 106 ';  ' 107 ';  ' 108 ';  ' 109 ';  ' 110 ';  ' 111 ';  ' 112 ';  ' 113 ';  ' 114 ';  ' 115 ';  ' 116 ';  ' 117 ';  ' 118 ';  ' 119 ';  ' 120 ';  ' 121 ';  ' 122 ';  ' 123 ';  ' 124 ';  ' 201 ';  ' 202 ';  ' 203 ';  ' 204 ';  ' 205 ';  ' 206 ';  ' 207 ';  ' 208 ';  ' 209 ';  ' 210 ';  ' 211 ';  ' 212 ';  ' 213 ';  ' 214 ';  ' 215 ';  ' 216 ';  ' 217 ';  ' 218 ';  ' 219 ';  ' 220 ';  ' 221 ';  ' 222 ';  ' 223 ';  ' 224 ';  ' 301 ';  ' 302 ';  ' 303 ';  ' 304 ';  ' 305 ';  ' 306 ';  ' 307 ';  ' 308 ';  ' 309 ';  ' 310 ';  ' 311 ';  ' 312 ';  ' 313 ';  ' 314 ';  ' 315 ';  ' 316 ';  ' 317 ';  ' 318 ';  ' 319 ';  ' 320 ';  ' 321 ';  ' 322 ';  ' 323 ';  ' 324 ';  ' 325 '; ];
%% RTS 96 System Load Data %% 
all_loaddata96 = [ 
101,1,11,11,64.52070830457285,16.995600096149648,0.0,0.0,0.0,0.0,1,1,0
102,1,11,12,52.60560192785519,17.42759889651742,0.0,0.0,0.0,0.0,1,1,0
103,1,11,11,155.02254359450285,23.42244050949127,0.0,0.0,0.0,0.0,1,1,0
104,1,11,11,55.831737782702405,7.500971345031168,0.0,0.0,0.0,0.0,1,1,0
105,1,11,11,48.102310952380165,8.283608232771511,0.0,0.0,0.0,0.0,1,1,0
106,1,11,12,66.12694097394348,16.896772316588645,0.0,0.0,0.0,0.0,1,1,0
107,1,11,12,71.22383941202425,18.52292415119125,0.0,0.0,0.0,0.0,1,1,0
108,1,11,12,153.82288473486594,26.040081814266276,0.0,0.0,0.0,0.0,1,1,0
109,1,11,13,146.20584661301925,18.703529789326897,0.0,0.0,0.0,0.0,1,1,0
110,1,11,13,163.4840787696694,34.179185435419896,0.0,0.0,0.0,0.0,1,1,0
111,1,11,13,0.0,0.0,0.0,0.0,0.0,0.0,1,1,0
112,1,11,13,0.0,0.0,0.0,0.0,0.0,0.0,1,1,0
113,1,12,14,203.90754125810463,29.3645781336436,0.0,0.0,0.0,0.0,1,1,0
114,1,12,16,139.95232049678788,27.984388367010748,0.0,0.0,0.0,0.0,1,1,0
115,1,12,16,181.8329722376211,40.9997147323966,0.0,0.0,0.0,0.0,1,1,0
116,1,12,16,48.717543972968116,12.069224667040631,0.0,0.0,0.0,0.0,1,1,0
117,1,12,17,0.0,0.0,0.0,0.0,0.0,0.0,1,1,0
118,1,12,17,242.0712821085179,37.29276320368611,0.0,0.0,0.0,0.0,1,1,0
119,1,12,15,120.06417482543189,21.81557581811417,0.0,0.0,0.0,0.0,1,1,0
120,1,12,15,109.75963913514019,14.492095974591562,0.0,0.0,0.0,0.0,1,1,0
121,1,12,17,0.0,0.0,0.0,0.0,0.0,0.0,1,1,0
122,1,12,17,0.0,0.0,0.0,0.0,0.0,0.0,1,1,0
123,1,12,15,0.0,0.0,0.0,0.0,0.0,0.0,1,1,0
124,1,12,16,0.0,0.0,0.0,0.0,0.0,0.0,1,1,0
201,1,21,21,61.27864635101649,10.797409436566102,0.0,0.0,0.0,0.0,1,1,0
202,1,21,22,69.36909166154126,15.47267008474376,0.0,0.0,0.0,0.0,1,1,0
203,1,21,21,128.16417786310987,28.456807768007828,0.0,0.0,0.0,0.0,1,1,0
204,1,21,21,44.691881611082884,7.45635264286911,0.0,0.0,0.0,0.0,1,1,0
205,1,21,21,37.54610479957927,7.69978418933982,0.0,0.0,0.0,0.0,1,1,0
206,1,21,22,92.97673768150248,23.259523071952163,0.0,0.0,0.0,0.0,1,1,0
207,1,21,22,69.15197126938146,14.940390094810862,0.0,0.0,0.0,0.0,1,1,0
208,1,21,22,133.5536344863835,20.550927780843804,0.0,0.0,0.0,0.0,1,1,0
209,1,21,23,112.50940463595441,23.137594408463872,0.0,0.0,0.0,0.0,1,1,0
210,1,21,23,119.14090583055722,22.254904153827574,0.0,0.0,0.0,0.0,1,1,0
211,1,21,23,0.0,0.0,0.0,0.0,0.0,0.0,1,1,0
212,1,21,23,0.0,0.0,0.0,0.0,0.0,0.0,1,1,0
213,1,22,24,229.5541789389665,33.450556339816096,0.0,0.0,0.0,0.0,1,1,0
214,1,22,26,174.39195999173373,24.816889540179588,0.0,0.0,0.0,0.0,1,1,0
215,1,22,26,284.9416562739511,35.36917838750481,0.0,0.0,0.0,0.0,1,1,0
216,1,22,26,58.41463456481695,10.487075001318008,0.0,0.0,0.0,0.0,1,1,0
217,1,22,27,0.0,0.0,0.0,0.0,0.0,0.0,1,1,0
218,1,22,27,198.031323933153,49.08502863550745,0.0,0.0,0.0,0.0,1,1,0
219,1,22,25,151.3282335393147,19.236362995545985,0.0,0.0,0.0,0.0,1,1,0
220,1,22,25,73.23116128537059,17.41011839432996,0.0,0.0,0.0,0.0,1,1,0
221,1,22,27,0.0,0.0,0.0,0.0,0.0,0.0,1,1,0
222,1,22,27,0.0,0.0,0.0,0.0,0.0,0.0,1,1,0
223,1,22,25,0.0,0.0,0.0,0.0,0.0,0.0,1,1,0
224,1,22,26,0.0,0.0,0.0,0.0,0.0,0.0,1,1,0
301,1,31,31,74.28168510679956,16.325259517741017,0.0,0.0,0.0,0.0,1,1,0
302,1,31,32,71.27845046065576,12.919492100131697,0.0,0.0,0.0,0.0,1,1,0
303,1,31,31,89.20498790074232,25.15835048534344,0.0,0.0,0.0,0.0,1,1,0
304,1,31,31,61.028224028831715,8.628312945079989,0.0,0.0,0.0,0.0,1,1,0
305,1,31,31,46.1465823123822,11.12028868308887,0.0,0.0,0.0,0.0,1,1,0
306,1,31,32,101.43155120883623,24.985590291759745,0.0,0.0,0.0,0.0,1,1,0
307,1,31,32,74.48261522363755,16.540586274320958,0.0,0.0,0.0,0.0,1,1,0
308,1,31,32,103.83309631890356,28.99759954518615,0.0,0.0,0.0,0.0,1,1,0
309,1,31,33,111.51319989762968,31.14906755357478,0.0,0.0,0.0,0.0,1,1,0
310,1,31,33,172.10186101454474,30.747839737571773,0.0,0.0,0.0,0.0,1,1,0
311,1,31,33,0.0,0.0,0.0,0.0,0.0,0.0,1,1,0
312,1,31,33,0.0,0.0,0.0,0.0,0.0,0.0,1,1,0
313,1,32,34,236.31629094152248,39.76669708503206,0.0,0.0,0.0,0.0,1,1,0
314,1,32,36,134.04563992934862,25.71352652652869,0.0,0.0,0.0,0.0,1,1,0
315,1,32,36,238.25170664739858,34.05943693574667,0.0,0.0,0.0,0.0,1,1,0
