% From Raw File 
%% RTS 96 System Bus Data %% 
all_busdata96 = [ 
101,138,2,1,1,1,1.00,0.00,1.1,0.9,1.1,0.9
102,138,2,1,1,1,1.00,0.00,1.1,0.9,1.1,0.9
103,138,1,1,1,1,1.00,0.00,1.1,0.9,1.1,0.9
104,138,1,1,1,1,1.00,0.00,1.1,0.9,1.1,0.9
105,138,1,1,1,1,1.00,0.00,1.1,0.9,1.1,0.9
106,138,1,1,1,1,1.00,0.00,1.1,0.9,1.1,0.9
107,138,2,1,1,1,1.00,0.00,1.1,0.9,1.1,0.9
108,138,1,1,1,1,1.00,0.00,1.1,0.9,1.1,0.9
109,138,1,1,1,1,1.00,0.00,1.1,0.9,1.1,0.9
110,138,1,1,1,1,1.00,0.00,1.1,0.9,1.1,0.9
111,230,1,1,1,1,1.00,0.00,1.1,0.9,1.1,0.9
112,230,1,1,1,1,1.00,0.00,1.1,0.9,1.1,0.9
113,230,3,1,1,1,1.00,0.00,1.1,0.9,1.1,0.9
114,230,2,1,1,1,1.00,0.00,1.1,0.9,1.1,0.9
115,230,2,1,1,1,1.00,0.00,1.1,0.9,1.1,0.9
116,230,2,1,1,1,1.00,0.00,1.1,0.9,1.1,0.9
117,230,1,1,1,1,1.00,0.00,1.1,0.9,1.1,0.9
118,230,2,1,1,1,1.00,0.00,1.1,0.9,1.1,0.9
119,230,1,1,1,1,1.00,0.00,1.1,0.9,1.1,0.9
120,230,1,1,1,1,1.00,0.00,1.1,0.9,1.1,0.9
121,230,2,1,1,1,1.00,0.00,1.1,0.9,1.1,0.9
122,230,2,1,1,1,1.00,0.00,1.1,0.9,1.1,0.9
123,230,2,1,1,1,1.00,0.00,1.1,0.9,1.1,0.9
124,230,1,1,1,1,1.00,0.00,1.1,0.9,1.1,0.9
201,138,2,1,1,1,1.00,0.00,1.1,0.9,1.1,0.9
202,138,2,1,1,1,1.00,0.00,1.1,0.9,1.1,0.9
203,138,1,1,1,1,1.00,0.00,1.1,0.9,1.1,0.9
204,138,1,1,1,1,1.00,0.00,1.1,0.9,1.1,0.9
205,138,1,1,1,1,1.00,0.00,1.1,0.9,1.1,0.9
206,138,1,1,1,1,1.00,0.00,1.1,0.9,1.1,0.9
207,138,2,1,1,1,1.00,0.00,1.1,0.9,1.1,0.9
208,138,1,1,1,1,1.00,0.00,1.1,0.9,1.1,0.9
209,138,1,1,1,1,1.00,0.00,1.1,0.9,1.1,0.9
210,138,1,1,1,1,1.00,0.00,1.1,0.9,1.1,0.9
211,230,1,1,1,1,1.00,0.00,1.1,0.9,1.1,0.9
212,230,1,1,1,1,1.00,0.00,1.1,0.9,1.1,0.9
213,230,2,1,1,1,1.00,0.00,1.1,0.9,1.1,0.9
214,230,2,1,1,1,1.00,0.00,1.1,0.9,1.1,0.9
215,230,2,1,1,1,1.00,0.00,1.1,0.9,1.1,0.9
216,230,2,1,1,1,1.00,0.00,1.1,0.9,1.1,0.9
217,230,1,1,1,1,1.00,0.00,1.1,0.9,1.1,0.9
218,230,2,1,1,1,1.00,0.00,1.1,0.9,1.1,0.9
219,230,1,1,1,1,1.00,0.00,1.1,0.9,1.1,0.9
220,230,1,1,1,1,1.00,0.00,1.1,0.9,1.1,0.9
221,230,2,1,1,1,1.00,0.00,1.1,0.9,1.1,0.9
222,230,2,1,1,1,1.00,0.00,1.1,0.9,1.1,0.9
223,230,2,1,1,1,1.00,0.00,1.1,0.9,1.1,0.9
224,230,1,1,1,1,1.00,0.00,1.1,0.9,1.1,0.9
301,138,2,1,1,1,1.00,0.00,1.1,0.9,1.1,0.9
302,138,2,1,1,1,1.00,0.00,1.1,0.9,1.1,0.9
303,138,1,1,1,1,1.00,0.00,1.1,0.9,1.1,0.9
304,138,1,1,1,1,1.00,0.00,1.1,0.9,1.1,0.9
305,138,1,1,1,1,1.00,0.00,1.1,0.9,1.1,0.9
306,138,1,1,1,1,1.00,0.00,1.1,0.9,1.1,0.9
307,138,2,1,1,1,1.00,0.00,1.1,0.9,1.1,0.9
308,138,1,1,1,1,1.00,0.00,1.1,0.9,1.1,0.9
309,138,1,1,1,1,1.00,0.00,1.1,0.9,1.1,0.9
310,138,1,1,1,1,1.00,0.00,1.1,0.9,1.1,0.9
311,230,1,1,1,1,1.00,0.00,1.1,0.9,1.1,0.9
312,230,1,1,1,1,1.00,0.00,1.1,0.9,1.1,0.9
313,230,2,1,1,1,1.00,0.00,1.1,0.9,1.1,0.9
314,230,2,1,1,1,1.00,0.00,1.1,0.9,1.1,0.9
315,230,2,1,1,1,1.00,0.00,1.1,0.9,1.1,0.9
316,230,2,1,1,1,1.00,0.00,1.1,0.9,1.1,0.9
317,230,1,1,1,1,1.00,0.00,1.1,0.9,1.1,0.9
318,230,2,1,1,1,1.00,0.00,1.1,0.9,1.1,0.9
319,230,1,1,1,1,1.00,0.00,1.1,0.9,1.1,0.9
320,230,1,1,1,1,1.00,0.00,1.1,0.9,1.1,0.9
321,230,2,1,1,1,1.00,0.00,1.1,0.9,1.1,0.9
322,230,2,1,1,1,1.00,0.00,1.1,0.9,1.1,0.9
323,230,2,1,1,1,1.00,0.00,1.1,0.9,1.1,0.9
324,230,1,1,1,1,1.00,0.00,1.1,0.9,1.1,0.9
325,230,1,1,1,1,1.00,0.00,1.1,0.9,1.1,0.9
]; 
all_busName96 = [   ' 101 ';  ' 102 ';  ' 103 ';  ' 104 ';  ' 105 ';  ' 106 ';  ' 107 ';  ' 108 ';  ' 109 ';  ' 110 ';  ' 111 ';  ' 112 ';  ' 113 ';  ' 114 ';  ' 115 ';  ' 116 ';  ' 117 ';  ' 118 ';  ' 119 ';  ' 120 ';  ' 121 ';  ' 122 ';  ' 123 ';  ' 124 ';  ' 201 ';  ' 202 ';  ' 203 ';  ' 204 ';  ' 205 ';  ' 206 ';  ' 207 ';  ' 208 ';  ' 209 ';  ' 210 ';  ' 211 ';  ' 212 ';  ' 213 ';  ' 214 ';  ' 215 ';  ' 216 ';  ' 217 ';  ' 218 ';  ' 219 ';  ' 220 ';  ' 221 ';  ' 222 ';  ' 223 ';  ' 224 ';  ' 301 ';  ' 302 ';  ' 303 ';  ' 304 ';  ' 305 ';  ' 306 ';  ' 307 ';  ' 308 ';  ' 309 ';  ' 310 ';  ' 311 ';  ' 312 ';  ' 313 ';  ' 314 ';  ' 315 ';  ' 316 ';  ' 317 ';  ' 318 ';  ' 319 ';  ' 320 ';  ' 321 ';  ' 322 ';  ' 323 ';  ' 324 ';  ' 325 '; ];
%% RTS 96 System Load Data %% 
all_loaddata96 = [ 
101,1,11,11,59.60691102553624,18.7998903457325,0.0,0.0,0.0,0.0,1,1,0
102,1,11,12,52.52651457176576,12.989551845350302,0.0,0.0,0.0,0.0,1,1,0
103,1,11,11,135.75143562109116,19.841536340240665,0.0,0.0,0.0,0.0,1,1,0
104,1,11,11,39.869415712982786,9.05127412977512,0.0,0.0,0.0,0.0,1,1,0
105,1,11,11,41.23588217144874,8.482582511199173,0.0,0.0,0.0,0.0,1,1,0
106,1,11,12,118.17165026650652,13.861067901930772,0.0,0.0,0.0,0.0,1,1,0
107,1,11,12,67.97882708455435,14.514467141259228,0.0,0.0,0.0,0.0,1,1,0
108,1,11,12,90.00759207529113,22.497619589983483,0.0,0.0,0.0,0.0,1,1,0
109,1,11,13,93.0259089249163,24.344025280878693,0.0,0.0,0.0,0.0,1,1,0
110,1,11,13,99.39583994809746,20.7212046358902,0.0,0.0,0.0,0.0,1,1,0
111,1,11,13,0.0,0.0,0.0,0.0,0.0,0.0,1,1,0
112,1,11,13,0.0,0.0,0.0,0.0,0.0,0.0,1,1,0
113,1,12,14,173.2294553417587,31.217182032949005,0.0,0.0,0.0,0.0,1,1,0
114,1,12,16,162.29733515516847,33.327873461049286,0.0,0.0,0.0,0.0,1,1,0
115,1,12,16,226.16161640245775,31.9688325364083,0.0,0.0,0.0,0.0,1,1,0
116,1,12,16,69.19355193047784,16.6334005483361,0.0,0.0,0.0,0.0,1,1,0
117,1,12,17,0.0,0.0,0.0,0.0,0.0,0.0,1,1,0
118,1,12,17,223.2615707240256,59.22946139025204,0.0,0.0,0.0,0.0,1,1,0
119,1,12,15,141.27241295966255,18.40732630211622,0.0,0.0,0.0,0.0,1,1,0
120,1,12,15,86.92704015097618,19.413336522579566,0.0,0.0,0.0,0.0,1,1,0
121,1,12,17,0.0,0.0,0.0,0.0,0.0,0.0,1,1,0
122,1,12,17,0.0,0.0,0.0,0.0,0.0,0.0,1,1,0
123,1,12,15,0.0,0.0,0.0,0.0,0.0,0.0,1,1,0
124,1,12,16,0.0,0.0,0.0,0.0,0.0,0.0,1,1,0
201,1,21,21,94.70886559494863,15.240827091848105,0.0,0.0,0.0,0.0,1,1,0
202,1,21,22,56.636552598002325,10.565752732330932,0.0,0.0,0.0,0.0,1,1,0
203,1,21,21,138.11008774541224,23.562646329862808,0.0,0.0,0.0,0.0,1,1,0
204,1,21,21,45.04352484324826,10.621407895273295,0.0,0.0,0.0,0.0,1,1,0
205,1,21,21,42.82487358561005,9.119845059793722,0.0,0.0,0.0,0.0,1,1,0
206,1,21,22,107.41402571261042,14.057700530275515,0.0,0.0,0.0,0.0,1,1,0
207,1,21,22,83.00304054990993,17.703411045038376,0.0,0.0,0.0,0.0,1,1,0
208,1,21,22,104.4277722815706,30.745344857261514,0.0,0.0,0.0,0.0,1,1,0
209,1,21,23,99.05272642769852,20.66548017109707,0.0,0.0,0.0,0.0,1,1,0
210,1,21,23,172.3189547891705,35.00232273134217,0.0,0.0,0.0,0.0,1,1,0
211,1,21,23,0.0,0.0,0.0,0.0,0.0,0.0,1,1,0
212,1,21,23,0.0,0.0,0.0,0.0,0.0,0.0,1,1,0
213,1,22,24,229.0202179838168,44.247338349573496,0.0,0.0,0.0,0.0,1,1,0
214,1,22,26,111.4181072017841,31.123265061974575,0.0,0.0,0.0,0.0,1,1,0
215,1,22,26,262.1589541621005,36.46190679386258,0.0,0.0,0.0,0.0,1,1,0
216,1,22,26,76.70684291922021,13.609043097901157,0.0,0.0,0.0,0.0,1,1,0
217,1,22,27,0.0,0.0,0.0,0.0,0.0,0.0,1,1,0
218,1,22,27,161.74484284731548,52.41667971465458,0.0,0.0,0.0,0.0,1,1,0
219,1,22,25,124.72650433101319,33.17459283400532,0.0,0.0,0.0,0.0,1,1,0
220,1,22,25,84.4875290296018,22.873134570035994,0.0,0.0,0.0,0.0,1,1,0
221,1,22,27,0.0,0.0,0.0,0.0,0.0,0.0,1,1,0
222,1,22,27,0.0,0.0,0.0,0.0,0.0,0.0,1,1,0
223,1,22,25,0.0,0.0,0.0,0.0,0.0,0.0,1,1,0
224,1,22,26,0.0,0.0,0.0,0.0,0.0,0.0,1,1,0
301,1,31,31,76.09886202511098,16.883000844667944,0.0,0.0,0.0,0.0,1,1,0
302,1,31,32,56.31232909146845,14.511054449762216,0.0,0.0,0.0,0.0,1,1,0
303,1,31,31,161.83847674017213,29.858965684033137,0.0,0.0,0.0,0.0,1,1,0
304,1,31,31,64.83724452739767,10.017988080821699,0.0,0.0,0.0,0.0,1,1,0
305,1,31,31,52.28803338968698,7.574595898615568,0.0,0.0,0.0,0.0,1,1,0
306,1,31,32,98.18872407328561,24.656209248818456,0.0,0.0,0.0,0.0,1,1,0
307,1,31,32,99.30611888998537,14.421155397399561,0.0,0.0,0.0,0.0,1,1,0
308,1,31,32,104.76431870131614,31.09672346290131,0.0,0.0,0.0,0.0,1,1,0
309,1,31,33,112.19185077707401,27.852069633434528,0.0,0.0,0.0,0.0,1,1,0
310,1,31,33,115.45247475711861,33.263373751703654,0.0,0.0,0.0,0.0,1,1,0
311,1,31,33,0.0,0.0,0.0,0.0,0.0,0.0,1,1,0
312,1,31,33,0.0,0.0,0.0,0.0,0.0,0.0,1,1,0
313,1,32,34,188.10350905703288,47.560007429643164,0.0,0.0,0.0,0.0,1,1,0
314,1,32,36,124.40298719706153,25.036572999366978,0.0,0.0,0.0,0.0,1,1,0
315,1,32,36,233.93126729433754,32.425621550130835,0.0,0.0,0.0,0.0,1,1,0
