% From Raw File 
%% RTS 96 System Bus Data %% 
all_busdata96 = [ 
101,138,2,1,1,1,1.00,0.00,1.1,0.9,1.1,0.9
102,138,2,1,1,1,1.00,0.00,1.1,0.9,1.1,0.9
103,138,1,1,1,1,1.00,0.00,1.1,0.9,1.1,0.9
104,138,1,1,1,1,1.00,0.00,1.1,0.9,1.1,0.9
105,138,1,1,1,1,1.00,0.00,1.1,0.9,1.1,0.9
106,138,1,1,1,1,1.00,0.00,1.1,0.9,1.1,0.9
107,138,2,1,1,1,1.00,0.00,1.1,0.9,1.1,0.9
108,138,1,1,1,1,1.00,0.00,1.1,0.9,1.1,0.9
109,138,1,1,1,1,1.00,0.00,1.1,0.9,1.1,0.9
110,138,1,1,1,1,1.00,0.00,1.1,0.9,1.1,0.9
111,230,1,1,1,1,1.00,0.00,1.1,0.9,1.1,0.9
112,230,1,1,1,1,1.00,0.00,1.1,0.9,1.1,0.9
113,230,3,1,1,1,1.00,0.00,1.1,0.9,1.1,0.9
114,230,2,1,1,1,1.00,0.00,1.1,0.9,1.1,0.9
115,230,2,1,1,1,1.00,0.00,1.1,0.9,1.1,0.9
116,230,2,1,1,1,1.00,0.00,1.1,0.9,1.1,0.9
117,230,1,1,1,1,1.00,0.00,1.1,0.9,1.1,0.9
118,230,2,1,1,1,1.00,0.00,1.1,0.9,1.1,0.9
119,230,1,1,1,1,1.00,0.00,1.1,0.9,1.1,0.9
120,230,1,1,1,1,1.00,0.00,1.1,0.9,1.1,0.9
121,230,2,1,1,1,1.00,0.00,1.1,0.9,1.1,0.9
122,230,2,1,1,1,1.00,0.00,1.1,0.9,1.1,0.9
123,230,2,1,1,1,1.00,0.00,1.1,0.9,1.1,0.9
124,230,1,1,1,1,1.00,0.00,1.1,0.9,1.1,0.9
201,138,2,1,1,1,1.00,0.00,1.1,0.9,1.1,0.9
202,138,2,1,1,1,1.00,0.00,1.1,0.9,1.1,0.9
203,138,1,1,1,1,1.00,0.00,1.1,0.9,1.1,0.9
204,138,1,1,1,1,1.00,0.00,1.1,0.9,1.1,0.9
205,138,1,1,1,1,1.00,0.00,1.1,0.9,1.1,0.9
206,138,1,1,1,1,1.00,0.00,1.1,0.9,1.1,0.9
207,138,2,1,1,1,1.00,0.00,1.1,0.9,1.1,0.9
208,138,1,1,1,1,1.00,0.00,1.1,0.9,1.1,0.9
209,138,1,1,1,1,1.00,0.00,1.1,0.9,1.1,0.9
210,138,1,1,1,1,1.00,0.00,1.1,0.9,1.1,0.9
211,230,1,1,1,1,1.00,0.00,1.1,0.9,1.1,0.9
212,230,1,1,1,1,1.00,0.00,1.1,0.9,1.1,0.9
213,230,2,1,1,1,1.00,0.00,1.1,0.9,1.1,0.9
214,230,2,1,1,1,1.00,0.00,1.1,0.9,1.1,0.9
215,230,2,1,1,1,1.00,0.00,1.1,0.9,1.1,0.9
216,230,2,1,1,1,1.00,0.00,1.1,0.9,1.1,0.9
217,230,1,1,1,1,1.00,0.00,1.1,0.9,1.1,0.9
218,230,2,1,1,1,1.00,0.00,1.1,0.9,1.1,0.9
219,230,1,1,1,1,1.00,0.00,1.1,0.9,1.1,0.9
220,230,1,1,1,1,1.00,0.00,1.1,0.9,1.1,0.9
221,230,2,1,1,1,1.00,0.00,1.1,0.9,1.1,0.9
222,230,2,1,1,1,1.00,0.00,1.1,0.9,1.1,0.9
223,230,2,1,1,1,1.00,0.00,1.1,0.9,1.1,0.9
224,230,1,1,1,1,1.00,0.00,1.1,0.9,1.1,0.9
301,138,2,1,1,1,1.00,0.00,1.1,0.9,1.1,0.9
302,138,2,1,1,1,1.00,0.00,1.1,0.9,1.1,0.9
303,138,1,1,1,1,1.00,0.00,1.1,0.9,1.1,0.9
304,138,1,1,1,1,1.00,0.00,1.1,0.9,1.1,0.9
305,138,1,1,1,1,1.00,0.00,1.1,0.9,1.1,0.9
306,138,1,1,1,1,1.00,0.00,1.1,0.9,1.1,0.9
307,138,2,1,1,1,1.00,0.00,1.1,0.9,1.1,0.9
308,138,1,1,1,1,1.00,0.00,1.1,0.9,1.1,0.9
309,138,1,1,1,1,1.00,0.00,1.1,0.9,1.1,0.9
310,138,1,1,1,1,1.00,0.00,1.1,0.9,1.1,0.9
311,230,1,1,1,1,1.00,0.00,1.1,0.9,1.1,0.9
312,230,1,1,1,1,1.00,0.00,1.1,0.9,1.1,0.9
313,230,2,1,1,1,1.00,0.00,1.1,0.9,1.1,0.9
314,230,2,1,1,1,1.00,0.00,1.1,0.9,1.1,0.9
315,230,2,1,1,1,1.00,0.00,1.1,0.9,1.1,0.9
316,230,2,1,1,1,1.00,0.00,1.1,0.9,1.1,0.9
317,230,1,1,1,1,1.00,0.00,1.1,0.9,1.1,0.9
318,230,2,1,1,1,1.00,0.00,1.1,0.9,1.1,0.9
319,230,1,1,1,1,1.00,0.00,1.1,0.9,1.1,0.9
320,230,1,1,1,1,1.00,0.00,1.1,0.9,1.1,0.9
321,230,2,1,1,1,1.00,0.00,1.1,0.9,1.1,0.9
322,230,2,1,1,1,1.00,0.00,1.1,0.9,1.1,0.9
323,230,2,1,1,1,1.00,0.00,1.1,0.9,1.1,0.9
324,230,1,1,1,1,1.00,0.00,1.1,0.9,1.1,0.9
325,230,1,1,1,1,1.00,0.00,1.1,0.9,1.1,0.9
]; 
all_busName96 = [   ' 101 ';  ' 102 ';  ' 103 ';  ' 104 ';  ' 105 ';  ' 106 ';  ' 107 ';  ' 108 ';  ' 109 ';  ' 110 ';  ' 111 ';  ' 112 ';  ' 113 ';  ' 114 ';  ' 115 ';  ' 116 ';  ' 117 ';  ' 118 ';  ' 119 ';  ' 120 ';  ' 121 ';  ' 122 ';  ' 123 ';  ' 124 ';  ' 201 ';  ' 202 ';  ' 203 ';  ' 204 ';  ' 205 ';  ' 206 ';  ' 207 ';  ' 208 ';  ' 209 ';  ' 210 ';  ' 211 ';  ' 212 ';  ' 213 ';  ' 214 ';  ' 215 ';  ' 216 ';  ' 217 ';  ' 218 ';  ' 219 ';  ' 220 ';  ' 221 ';  ' 222 ';  ' 223 ';  ' 224 ';  ' 301 ';  ' 302 ';  ' 303 ';  ' 304 ';  ' 305 ';  ' 306 ';  ' 307 ';  ' 308 ';  ' 309 ';  ' 310 ';  ' 311 ';  ' 312 ';  ' 313 ';  ' 314 ';  ' 315 ';  ' 316 ';  ' 317 ';  ' 318 ';  ' 319 ';  ' 320 ';  ' 321 ';  ' 322 ';  ' 323 ';  ' 324 ';  ' 325 '; ];
%% RTS 96 System Load Data %% 
all_loaddata96 = [ 
101,1,11,11,93.1739237229824,13.014998101613672,0.0,0.0,0.0,0.0,1,1,0
102,1,11,12,83.58943606420785,10.156225028313695,0.0,0.0,0.0,0.0,1,1,0
103,1,11,11,93.75657963233068,29.580762941217603,0.0,0.0,0.0,0.0,1,1,0
104,1,11,11,52.35444044185336,8.400785825792932,0.0,0.0,0.0,0.0,1,1,0
105,1,11,11,63.645193012060645,11.922908890794778,0.0,0.0,0.0,0.0,1,1,0
106,1,11,12,107.7436165635366,16.685240390266475,0.0,0.0,0.0,0.0,1,1,0
107,1,11,12,108.81848722625874,18.086235739033437,0.0,0.0,0.0,0.0,1,1,0
108,1,11,12,121.14760483811838,24.39259552552644,0.0,0.0,0.0,0.0,1,1,0
109,1,11,13,134.28399908980123,19.03476705505047,0.0,0.0,0.0,0.0,1,1,0
110,1,11,13,151.81608995413686,20.9511164086014,0.0,0.0,0.0,0.0,1,1,0
111,1,11,13,0.0,0.0,0.0,0.0,0.0,0.0,1,1,0
112,1,11,13,0.0,0.0,0.0,0.0,0.0,0.0,1,1,0
113,1,12,14,168.6332158729427,40.67235234454236,0.0,0.0,0.0,0.0,1,1,0
114,1,12,16,148.91150865078438,25.419407310855387,0.0,0.0,0.0,0.0,1,1,0
115,1,12,16,283.0535649048918,57.409267966961856,0.0,0.0,0.0,0.0,1,1,0
116,1,12,16,57.04486653811298,17.219779207809825,0.0,0.0,0.0,0.0,1,1,0
117,1,12,17,0.0,0.0,0.0,0.0,0.0,0.0,1,1,0
118,1,12,17,207.6700963870992,57.227139196521236,0.0,0.0,0.0,0.0,1,1,0
119,1,12,15,100.46781396477422,30.344286508559158,0.0,0.0,0.0,0.0,1,1,0
120,1,12,15,78.63502300379275,21.641877685437073,0.0,0.0,0.0,0.0,1,1,0
121,1,12,17,0.0,0.0,0.0,0.0,0.0,0.0,1,1,0
122,1,12,17,0.0,0.0,0.0,0.0,0.0,0.0,1,1,0
123,1,12,15,0.0,0.0,0.0,0.0,0.0,0.0,1,1,0
124,1,12,16,0.0,0.0,0.0,0.0,0.0,0.0,1,1,0
201,1,21,21,55.38277225092798,14.701383389549889,0.0,0.0,0.0,0.0,1,1,0
202,1,21,22,69.03461606528735,10.801378819702192,0.0,0.0,0.0,0.0,1,1,0
203,1,21,21,131.12450436958764,23.271048677994308,0.0,0.0,0.0,0.0,1,1,0
204,1,21,21,51.129649075564735,7.743517398111987,0.0,0.0,0.0,0.0,1,1,0
205,1,21,21,57.522283780285065,9.85616683802912,0.0,0.0,0.0,0.0,1,1,0
206,1,21,22,75.44705368525833,15.250969015317969,0.0,0.0,0.0,0.0,1,1,0
207,1,21,22,95.90582201420911,17.93006538718706,0.0,0.0,0.0,0.0,1,1,0
208,1,21,22,109.49699252199429,27.340884618927493,0.0,0.0,0.0,0.0,1,1,0
209,1,21,23,107.97940195850913,25.863452784883417,0.0,0.0,0.0,0.0,1,1,0
210,1,21,23,172.58673956390984,25.783946127137167,0.0,0.0,0.0,0.0,1,1,0
211,1,21,23,0.0,0.0,0.0,0.0,0.0,0.0,1,1,0
212,1,21,23,0.0,0.0,0.0,0.0,0.0,0.0,1,1,0
213,1,22,24,148.5802957802019,46.627466519417055,0.0,0.0,0.0,0.0,1,1,0
214,1,22,26,160.82098273707564,32.577962736091294,0.0,0.0,0.0,0.0,1,1,0
215,1,22,26,275.64078656615317,49.64367739454805,0.0,0.0,0.0,0.0,1,1,0
216,1,22,26,88.43540630109608,17.42580247000605,0.0,0.0,0.0,0.0,1,1,0
217,1,22,27,0.0,0.0,0.0,0.0,0.0,0.0,1,1,0
218,1,22,27,209.7599119509066,39.311173087369276,0.0,0.0,0.0,0.0,1,1,0
219,1,22,25,136.15867220955113,32.57624495220599,0.0,0.0,0.0,0.0,1,1,0
220,1,22,25,114.36009207510352,15.381685087497253,0.0,0.0,0.0,0.0,1,1,0
221,1,22,27,0.0,0.0,0.0,0.0,0.0,0.0,1,1,0
222,1,22,27,0.0,0.0,0.0,0.0,0.0,0.0,1,1,0
223,1,22,25,0.0,0.0,0.0,0.0,0.0,0.0,1,1,0
224,1,22,26,0.0,0.0,0.0,0.0,0.0,0.0,1,1,0
301,1,31,31,85.21335305818599,18.31655033652736,0.0,0.0,0.0,0.0,1,1,0
302,1,31,32,54.67825608437606,15.466341320464387,0.0,0.0,0.0,0.0,1,1,0
303,1,31,31,96.26330650169122,18.490129196009782,0.0,0.0,0.0,0.0,1,1,0
304,1,31,31,66.62881802178669,8.212908549699698,0.0,0.0,0.0,0.0,1,1,0
305,1,31,31,44.593031824352735,12.250791722998024,0.0,0.0,0.0,0.0,1,1,0
306,1,31,32,117.04494863680713,14.104569199422933,0.0,0.0,0.0,0.0,1,1,0
307,1,31,32,68.02351837365423,21.454125039477365,0.0,0.0,0.0,0.0,1,1,0
308,1,31,32,128.3106288829417,29.490806415595817,0.0,0.0,0.0,0.0,1,1,0
309,1,31,33,148.70761285040876,20.718823016554488,0.0,0.0,0.0,0.0,1,1,0
310,1,31,33,146.9680872803761,29.419559929255392,0.0,0.0,0.0,0.0,1,1,0
311,1,31,33,0.0,0.0,0.0,0.0,0.0,0.0,1,1,0
312,1,31,33,0.0,0.0,0.0,0.0,0.0,0.0,1,1,0
313,1,32,34,186.8490205098109,40.548758979501294,0.0,0.0,0.0,0.0,1,1,0
314,1,32,36,156.10617781359406,33.218166230661936,0.0,0.0,0.0,0.0,1,1,0
315,1,32,36,234.19046027684897,33.38536003876626,0.0,0.0,0.0,0.0,1,1,0
