% From Raw File 
%% RTS 96 System Bus Data %% 
all_busdata96 = [ 
101,138,2,1,1,1,1.00,0.00,1.1,0.9,1.1,0.9
102,138,2,1,1,1,1.00,0.00,1.1,0.9,1.1,0.9
103,138,1,1,1,1,1.00,0.00,1.1,0.9,1.1,0.9
104,138,1,1,1,1,1.00,0.00,1.1,0.9,1.1,0.9
105,138,1,1,1,1,1.00,0.00,1.1,0.9,1.1,0.9
106,138,1,1,1,1,1.00,0.00,1.1,0.9,1.1,0.9
107,138,2,1,1,1,1.00,0.00,1.1,0.9,1.1,0.9
108,138,1,1,1,1,1.00,0.00,1.1,0.9,1.1,0.9
109,138,1,1,1,1,1.00,0.00,1.1,0.9,1.1,0.9
110,138,1,1,1,1,1.00,0.00,1.1,0.9,1.1,0.9
111,230,1,1,1,1,1.00,0.00,1.1,0.9,1.1,0.9
112,230,1,1,1,1,1.00,0.00,1.1,0.9,1.1,0.9
113,230,3,1,1,1,1.00,0.00,1.1,0.9,1.1,0.9
114,230,2,1,1,1,1.00,0.00,1.1,0.9,1.1,0.9
115,230,2,1,1,1,1.00,0.00,1.1,0.9,1.1,0.9
116,230,2,1,1,1,1.00,0.00,1.1,0.9,1.1,0.9
117,230,1,1,1,1,1.00,0.00,1.1,0.9,1.1,0.9
118,230,2,1,1,1,1.00,0.00,1.1,0.9,1.1,0.9
119,230,1,1,1,1,1.00,0.00,1.1,0.9,1.1,0.9
120,230,1,1,1,1,1.00,0.00,1.1,0.9,1.1,0.9
121,230,2,1,1,1,1.00,0.00,1.1,0.9,1.1,0.9
122,230,2,1,1,1,1.00,0.00,1.1,0.9,1.1,0.9
123,230,2,1,1,1,1.00,0.00,1.1,0.9,1.1,0.9
124,230,1,1,1,1,1.00,0.00,1.1,0.9,1.1,0.9
201,138,2,1,1,1,1.00,0.00,1.1,0.9,1.1,0.9
202,138,2,1,1,1,1.00,0.00,1.1,0.9,1.1,0.9
203,138,1,1,1,1,1.00,0.00,1.1,0.9,1.1,0.9
204,138,1,1,1,1,1.00,0.00,1.1,0.9,1.1,0.9
205,138,1,1,1,1,1.00,0.00,1.1,0.9,1.1,0.9
206,138,1,1,1,1,1.00,0.00,1.1,0.9,1.1,0.9
207,138,2,1,1,1,1.00,0.00,1.1,0.9,1.1,0.9
208,138,1,1,1,1,1.00,0.00,1.1,0.9,1.1,0.9
209,138,1,1,1,1,1.00,0.00,1.1,0.9,1.1,0.9
210,138,1,1,1,1,1.00,0.00,1.1,0.9,1.1,0.9
211,230,1,1,1,1,1.00,0.00,1.1,0.9,1.1,0.9
212,230,1,1,1,1,1.00,0.00,1.1,0.9,1.1,0.9
213,230,2,1,1,1,1.00,0.00,1.1,0.9,1.1,0.9
214,230,2,1,1,1,1.00,0.00,1.1,0.9,1.1,0.9
215,230,2,1,1,1,1.00,0.00,1.1,0.9,1.1,0.9
216,230,2,1,1,1,1.00,0.00,1.1,0.9,1.1,0.9
217,230,1,1,1,1,1.00,0.00,1.1,0.9,1.1,0.9
218,230,2,1,1,1,1.00,0.00,1.1,0.9,1.1,0.9
219,230,1,1,1,1,1.00,0.00,1.1,0.9,1.1,0.9
220,230,1,1,1,1,1.00,0.00,1.1,0.9,1.1,0.9
221,230,2,1,1,1,1.00,0.00,1.1,0.9,1.1,0.9
222,230,2,1,1,1,1.00,0.00,1.1,0.9,1.1,0.9
223,230,2,1,1,1,1.00,0.00,1.1,0.9,1.1,0.9
224,230,1,1,1,1,1.00,0.00,1.1,0.9,1.1,0.9
301,138,2,1,1,1,1.00,0.00,1.1,0.9,1.1,0.9
302,138,2,1,1,1,1.00,0.00,1.1,0.9,1.1,0.9
303,138,1,1,1,1,1.00,0.00,1.1,0.9,1.1,0.9
304,138,1,1,1,1,1.00,0.00,1.1,0.9,1.1,0.9
305,138,1,1,1,1,1.00,0.00,1.1,0.9,1.1,0.9
306,138,1,1,1,1,1.00,0.00,1.1,0.9,1.1,0.9
307,138,2,1,1,1,1.00,0.00,1.1,0.9,1.1,0.9
308,138,1,1,1,1,1.00,0.00,1.1,0.9,1.1,0.9
309,138,1,1,1,1,1.00,0.00,1.1,0.9,1.1,0.9
310,138,1,1,1,1,1.00,0.00,1.1,0.9,1.1,0.9
311,230,1,1,1,1,1.00,0.00,1.1,0.9,1.1,0.9
312,230,1,1,1,1,1.00,0.00,1.1,0.9,1.1,0.9
313,230,2,1,1,1,1.00,0.00,1.1,0.9,1.1,0.9
314,230,2,1,1,1,1.00,0.00,1.1,0.9,1.1,0.9
315,230,2,1,1,1,1.00,0.00,1.1,0.9,1.1,0.9
316,230,2,1,1,1,1.00,0.00,1.1,0.9,1.1,0.9
317,230,1,1,1,1,1.00,0.00,1.1,0.9,1.1,0.9
318,230,2,1,1,1,1.00,0.00,1.1,0.9,1.1,0.9
319,230,1,1,1,1,1.00,0.00,1.1,0.9,1.1,0.9
320,230,1,1,1,1,1.00,0.00,1.1,0.9,1.1,0.9
321,230,2,1,1,1,1.00,0.00,1.1,0.9,1.1,0.9
322,230,2,1,1,1,1.00,0.00,1.1,0.9,1.1,0.9
323,230,2,1,1,1,1.00,0.00,1.1,0.9,1.1,0.9
324,230,1,1,1,1,1.00,0.00,1.1,0.9,1.1,0.9
325,230,1,1,1,1,1.00,0.00,1.1,0.9,1.1,0.9
]; 
all_busName96 = [   ' 101 ';  ' 102 ';  ' 103 ';  ' 104 ';  ' 105 ';  ' 106 ';  ' 107 ';  ' 108 ';  ' 109 ';  ' 110 ';  ' 111 ';  ' 112 ';  ' 113 ';  ' 114 ';  ' 115 ';  ' 116 ';  ' 117 ';  ' 118 ';  ' 119 ';  ' 120 ';  ' 121 ';  ' 122 ';  ' 123 ';  ' 124 ';  ' 201 ';  ' 202 ';  ' 203 ';  ' 204 ';  ' 205 ';  ' 206 ';  ' 207 ';  ' 208 ';  ' 209 ';  ' 210 ';  ' 211 ';  ' 212 ';  ' 213 ';  ' 214 ';  ' 215 ';  ' 216 ';  ' 217 ';  ' 218 ';  ' 219 ';  ' 220 ';  ' 221 ';  ' 222 ';  ' 223 ';  ' 224 ';  ' 301 ';  ' 302 ';  ' 303 ';  ' 304 ';  ' 305 ';  ' 306 ';  ' 307 ';  ' 308 ';  ' 309 ';  ' 310 ';  ' 311 ';  ' 312 ';  ' 313 ';  ' 314 ';  ' 315 ';  ' 316 ';  ' 317 ';  ' 318 ';  ' 319 ';  ' 320 ';  ' 321 ';  ' 322 ';  ' 323 ';  ' 324 ';  ' 325 '; ];
%% RTS 96 System Load Data %% 
all_loaddata96 = [ 
101,1,11,11,54.333528086606215,14.387246015575714,0.0,0.0,0.0,0.0,1,1,0
102,1,11,12,72.74823269982865,15.449248727875762,0.0,0.0,0.0,0.0,1,1,0
103,1,11,11,137.9409265230149,18.43768117648861,0.0,0.0,0.0,0.0,1,1,0
104,1,11,11,41.51621817367505,11.48837758004316,0.0,0.0,0.0,0.0,1,1,0
105,1,11,11,60.111475050137805,7.7426129623627284,0.0,0.0,0.0,0.0,1,1,0
106,1,11,12,94.59004441346191,20.39206253949031,0.0,0.0,0.0,0.0,1,1,0
107,1,11,12,98.36481160538388,14.722413254943675,0.0,0.0,0.0,0.0,1,1,0
108,1,11,12,152.47928987952338,22.386845888176698,0.0,0.0,0.0,0.0,1,1,0
109,1,11,13,87.76909178849193,22.959028212185203,0.0,0.0,0.0,0.0,1,1,0
110,1,11,13,97.3307863745007,33.38143546020426,0.0,0.0,0.0,0.0,1,1,0
111,1,11,13,0.0,0.0,0.0,0.0,0.0,0.0,1,1,0
112,1,11,13,0.0,0.0,0.0,0.0,0.0,0.0,1,1,0
113,1,12,14,158.64102484739735,40.44713672152496,0.0,0.0,0.0,0.0,1,1,0
114,1,12,16,125.88115462414642,31.948784540511113,0.0,0.0,0.0,0.0,1,1,0
115,1,12,16,251.3068030812121,41.30712463690638,0.0,0.0,0.0,0.0,1,1,0
116,1,12,16,55.63639158345759,12.14862421686016,0.0,0.0,0.0,0.0,1,1,0
117,1,12,17,0.0,0.0,0.0,0.0,0.0,0.0,1,1,0
118,1,12,17,221.03349761099432,57.06770852875785,0.0,0.0,0.0,0.0,1,1,0
119,1,12,15,97.18721999776605,28.667258752573137,0.0,0.0,0.0,0.0,1,1,0
120,1,12,15,108.7210015304625,13.851155476121418,0.0,0.0,0.0,0.0,1,1,0
121,1,12,17,0.0,0.0,0.0,0.0,0.0,0.0,1,1,0
122,1,12,17,0.0,0.0,0.0,0.0,0.0,0.0,1,1,0
123,1,12,15,0.0,0.0,0.0,0.0,0.0,0.0,1,1,0
124,1,12,16,0.0,0.0,0.0,0.0,0.0,0.0,1,1,0
201,1,21,21,59.209707149981696,16.136433612524442,0.0,0.0,0.0,0.0,1,1,0
202,1,21,22,61.00625493198247,13.178784985380245,0.0,0.0,0.0,0.0,1,1,0
203,1,21,21,98.47255734592304,22.172972214508846,0.0,0.0,0.0,0.0,1,1,0
204,1,21,21,36.02047721419455,8.146684784730663,0.0,0.0,0.0,0.0,1,1,0
205,1,21,21,53.53527916456545,12.129341470789445,0.0,0.0,0.0,0.0,1,1,0
206,1,21,22,95.28686271576807,21.921408973324297,0.0,0.0,0.0,0.0,1,1,0
207,1,21,22,72.72307234091568,15.558275988455861,0.0,0.0,0.0,0.0,1,1,0
208,1,21,22,143.6383797040486,30.581619399159216,0.0,0.0,0.0,0.0,1,1,0
209,1,21,23,88.52563218765543,29.275003854984977,0.0,0.0,0.0,0.0,1,1,0
210,1,21,23,129.80723069439804,23.130569849202406,0.0,0.0,0.0,0.0,1,1,0
211,1,21,23,0.0,0.0,0.0,0.0,0.0,0.0,1,1,0
212,1,21,23,0.0,0.0,0.0,0.0,0.0,0.0,1,1,0
213,1,22,24,128.5687163175072,30.289251184025776,0.0,0.0,0.0,0.0,1,1,0
214,1,22,26,107.18978430011467,23.169444833983015,0.0,0.0,0.0,0.0,1,1,0
215,1,22,26,158.52131069816434,55.5434618826449,0.0,0.0,0.0,0.0,1,1,0
216,1,22,26,81.22325662641786,15.018467824436723,0.0,0.0,0.0,0.0,1,1,0
217,1,22,27,0.0,0.0,0.0,0.0,0.0,0.0,1,1,0
218,1,22,27,174.97823072803544,51.96115091619976,0.0,0.0,0.0,0.0,1,1,0
219,1,22,25,89.76175727190761,20.020556770353576,0.0,0.0,0.0,0.0,1,1,0
220,1,22,25,100.15469405772686,18.730726982170346,0.0,0.0,0.0,0.0,1,1,0
221,1,22,27,0.0,0.0,0.0,0.0,0.0,0.0,1,1,0
222,1,22,27,0.0,0.0,0.0,0.0,0.0,0.0,1,1,0
223,1,22,25,0.0,0.0,0.0,0.0,0.0,0.0,1,1,0
224,1,22,26,0.0,0.0,0.0,0.0,0.0,0.0,1,1,0
301,1,31,31,68.07977575308345,18.606825648940355,0.0,0.0,0.0,0.0,1,1,0
302,1,31,32,84.2170541310696,10.255802455385215,0.0,0.0,0.0,0.0,1,1,0
303,1,31,31,88.01716294578462,29.178297383099558,0.0,0.0,0.0,0.0,1,1,0
304,1,31,31,50.32813805896332,12.423430747440783,0.0,0.0,0.0,0.0,1,1,0
305,1,31,31,48.41677089289706,8.204572426012717,0.0,0.0,0.0,0.0,1,1,0
306,1,31,32,111.90270522083827,22.035027702916413,0.0,0.0,0.0,0.0,1,1,0
307,1,31,32,98.79780711908244,12.611583898204843,0.0,0.0,0.0,0.0,1,1,0
308,1,31,32,132.22471477354912,30.23622646258422,0.0,0.0,0.0,0.0,1,1,0
309,1,31,33,121.38150830531492,27.759000510093014,0.0,0.0,0.0,0.0,1,1,0
310,1,31,33,111.97003890457538,34.23550575838052,0.0,0.0,0.0,0.0,1,1,0
311,1,31,33,0.0,0.0,0.0,0.0,0.0,0.0,1,1,0
312,1,31,33,0.0,0.0,0.0,0.0,0.0,0.0,1,1,0
313,1,32,34,214.46973861842974,45.99147439984242,0.0,0.0,0.0,0.0,1,1,0
314,1,32,36,103.63487039607614,20.095049315612716,0.0,0.0,0.0,0.0,1,1,0
315,1,32,36,208.75815204794705,47.71996120534837,0.0,0.0,0.0,0.0,1,1,0
