% From Raw File 
%% RTS 96 System Bus Data %% 
all_busdata96 = [ 
101,138,2,1,1,1,1.00,0.00,1.1,0.9,1.1,0.9
102,138,2,1,1,1,1.00,0.00,1.1,0.9,1.1,0.9
103,138,1,1,1,1,1.00,0.00,1.1,0.9,1.1,0.9
104,138,1,1,1,1,1.00,0.00,1.1,0.9,1.1,0.9
105,138,1,1,1,1,1.00,0.00,1.1,0.9,1.1,0.9
106,138,1,1,1,1,1.00,0.00,1.1,0.9,1.1,0.9
107,138,2,1,1,1,1.00,0.00,1.1,0.9,1.1,0.9
108,138,1,1,1,1,1.00,0.00,1.1,0.9,1.1,0.9
109,138,1,1,1,1,1.00,0.00,1.1,0.9,1.1,0.9
110,138,1,1,1,1,1.00,0.00,1.1,0.9,1.1,0.9
111,230,1,1,1,1,1.00,0.00,1.1,0.9,1.1,0.9
112,230,1,1,1,1,1.00,0.00,1.1,0.9,1.1,0.9
113,230,3,1,1,1,1.00,0.00,1.1,0.9,1.1,0.9
114,230,2,1,1,1,1.00,0.00,1.1,0.9,1.1,0.9
115,230,2,1,1,1,1.00,0.00,1.1,0.9,1.1,0.9
116,230,2,1,1,1,1.00,0.00,1.1,0.9,1.1,0.9
117,230,1,1,1,1,1.00,0.00,1.1,0.9,1.1,0.9
118,230,2,1,1,1,1.00,0.00,1.1,0.9,1.1,0.9
119,230,1,1,1,1,1.00,0.00,1.1,0.9,1.1,0.9
120,230,1,1,1,1,1.00,0.00,1.1,0.9,1.1,0.9
121,230,2,1,1,1,1.00,0.00,1.1,0.9,1.1,0.9
122,230,2,1,1,1,1.00,0.00,1.1,0.9,1.1,0.9
123,230,2,1,1,1,1.00,0.00,1.1,0.9,1.1,0.9
124,230,1,1,1,1,1.00,0.00,1.1,0.9,1.1,0.9
201,138,2,1,1,1,1.00,0.00,1.1,0.9,1.1,0.9
202,138,2,1,1,1,1.00,0.00,1.1,0.9,1.1,0.9
203,138,1,1,1,1,1.00,0.00,1.1,0.9,1.1,0.9
204,138,1,1,1,1,1.00,0.00,1.1,0.9,1.1,0.9
205,138,1,1,1,1,1.00,0.00,1.1,0.9,1.1,0.9
206,138,1,1,1,1,1.00,0.00,1.1,0.9,1.1,0.9
207,138,2,1,1,1,1.00,0.00,1.1,0.9,1.1,0.9
208,138,1,1,1,1,1.00,0.00,1.1,0.9,1.1,0.9
209,138,1,1,1,1,1.00,0.00,1.1,0.9,1.1,0.9
210,138,1,1,1,1,1.00,0.00,1.1,0.9,1.1,0.9
211,230,1,1,1,1,1.00,0.00,1.1,0.9,1.1,0.9
212,230,1,1,1,1,1.00,0.00,1.1,0.9,1.1,0.9
213,230,2,1,1,1,1.00,0.00,1.1,0.9,1.1,0.9
214,230,2,1,1,1,1.00,0.00,1.1,0.9,1.1,0.9
215,230,2,1,1,1,1.00,0.00,1.1,0.9,1.1,0.9
216,230,2,1,1,1,1.00,0.00,1.1,0.9,1.1,0.9
217,230,1,1,1,1,1.00,0.00,1.1,0.9,1.1,0.9
218,230,2,1,1,1,1.00,0.00,1.1,0.9,1.1,0.9
219,230,1,1,1,1,1.00,0.00,1.1,0.9,1.1,0.9
220,230,1,1,1,1,1.00,0.00,1.1,0.9,1.1,0.9
221,230,2,1,1,1,1.00,0.00,1.1,0.9,1.1,0.9
222,230,2,1,1,1,1.00,0.00,1.1,0.9,1.1,0.9
223,230,2,1,1,1,1.00,0.00,1.1,0.9,1.1,0.9
224,230,1,1,1,1,1.00,0.00,1.1,0.9,1.1,0.9
301,138,2,1,1,1,1.00,0.00,1.1,0.9,1.1,0.9
302,138,2,1,1,1,1.00,0.00,1.1,0.9,1.1,0.9
303,138,1,1,1,1,1.00,0.00,1.1,0.9,1.1,0.9
304,138,1,1,1,1,1.00,0.00,1.1,0.9,1.1,0.9
305,138,1,1,1,1,1.00,0.00,1.1,0.9,1.1,0.9
306,138,1,1,1,1,1.00,0.00,1.1,0.9,1.1,0.9
307,138,2,1,1,1,1.00,0.00,1.1,0.9,1.1,0.9
308,138,1,1,1,1,1.00,0.00,1.1,0.9,1.1,0.9
309,138,1,1,1,1,1.00,0.00,1.1,0.9,1.1,0.9
310,138,1,1,1,1,1.00,0.00,1.1,0.9,1.1,0.9
311,230,1,1,1,1,1.00,0.00,1.1,0.9,1.1,0.9
312,230,1,1,1,1,1.00,0.00,1.1,0.9,1.1,0.9
313,230,2,1,1,1,1.00,0.00,1.1,0.9,1.1,0.9
314,230,2,1,1,1,1.00,0.00,1.1,0.9,1.1,0.9
315,230,2,1,1,1,1.00,0.00,1.1,0.9,1.1,0.9
316,230,2,1,1,1,1.00,0.00,1.1,0.9,1.1,0.9
317,230,1,1,1,1,1.00,0.00,1.1,0.9,1.1,0.9
318,230,2,1,1,1,1.00,0.00,1.1,0.9,1.1,0.9
319,230,1,1,1,1,1.00,0.00,1.1,0.9,1.1,0.9
320,230,1,1,1,1,1.00,0.00,1.1,0.9,1.1,0.9
321,230,2,1,1,1,1.00,0.00,1.1,0.9,1.1,0.9
322,230,2,1,1,1,1.00,0.00,1.1,0.9,1.1,0.9
323,230,2,1,1,1,1.00,0.00,1.1,0.9,1.1,0.9
324,230,1,1,1,1,1.00,0.00,1.1,0.9,1.1,0.9
325,230,1,1,1,1,1.00,0.00,1.1,0.9,1.1,0.9
]; 
all_busName96 = [   ' 101 ';  ' 102 ';  ' 103 ';  ' 104 ';  ' 105 ';  ' 106 ';  ' 107 ';  ' 108 ';  ' 109 ';  ' 110 ';  ' 111 ';  ' 112 ';  ' 113 ';  ' 114 ';  ' 115 ';  ' 116 ';  ' 117 ';  ' 118 ';  ' 119 ';  ' 120 ';  ' 121 ';  ' 122 ';  ' 123 ';  ' 124 ';  ' 201 ';  ' 202 ';  ' 203 ';  ' 204 ';  ' 205 ';  ' 206 ';  ' 207 ';  ' 208 ';  ' 209 ';  ' 210 ';  ' 211 ';  ' 212 ';  ' 213 ';  ' 214 ';  ' 215 ';  ' 216 ';  ' 217 ';  ' 218 ';  ' 219 ';  ' 220 ';  ' 221 ';  ' 222 ';  ' 223 ';  ' 224 ';  ' 301 ';  ' 302 ';  ' 303 ';  ' 304 ';  ' 305 ';  ' 306 ';  ' 307 ';  ' 308 ';  ' 309 ';  ' 310 ';  ' 311 ';  ' 312 ';  ' 313 ';  ' 314 ';  ' 315 ';  ' 316 ';  ' 317 ';  ' 318 ';  ' 319 ';  ' 320 ';  ' 321 ';  ' 322 ';  ' 323 ';  ' 324 ';  ' 325 '; ];
%% RTS 96 System Load Data %% 
all_loaddata96 = [ 
101,1,11,11,86.90785732513311,12.72833030211674,0.0,0.0,0.0,0.0,1,1,0
102,1,11,12,60.668792315373295,15.822225825277156,0.0,0.0,0.0,0.0,1,1,0
103,1,11,11,87.80081792907323,28.303096694878626,0.0,0.0,0.0,0.0,1,1,0
104,1,11,11,35.91182749043293,8.910818967105355,0.0,0.0,0.0,0.0,1,1,0
105,1,11,11,40.587335842124794,11.34131120563522,0.0,0.0,0.0,0.0,1,1,0
106,1,11,12,72.16460854057856,22.759669462755692,0.0,0.0,0.0,0.0,1,1,0
107,1,11,12,89.81008409108618,20.273748106212587,0.0,0.0,0.0,0.0,1,1,0
108,1,11,12,92.45914515008046,21.452246351868148,0.0,0.0,0.0,0.0,1,1,0
109,1,11,13,152.3212548140553,24.541491437060014,0.0,0.0,0.0,0.0,1,1,0
110,1,11,13,104.25578293303631,23.08631964061595,0.0,0.0,0.0,0.0,1,1,0
111,1,11,13,0.0,0.0,0.0,0.0,0.0,0.0,1,1,0
112,1,11,13,0.0,0.0,0.0,0.0,0.0,0.0,1,1,0
113,1,12,14,218.97764043256757,30.7895351974206,0.0,0.0,0.0,0.0,1,1,0
114,1,12,16,120.85287212954415,27.201053915325787,0.0,0.0,0.0,0.0,1,1,0
115,1,12,16,184.40600955747175,50.81420187276005,0.0,0.0,0.0,0.0,1,1,0
116,1,12,16,63.31770694711245,16.647926811528393,0.0,0.0,0.0,0.0,1,1,0
117,1,12,17,0.0,0.0,0.0,0.0,0.0,0.0,1,1,0
118,1,12,17,171.63235408989885,43.72545786954146,0.0,0.0,0.0,0.0,1,1,0
119,1,12,15,125.10151986601898,30.989641850923935,0.0,0.0,0.0,0.0,1,1,0
120,1,12,15,106.96099308915137,19.075254472618553,0.0,0.0,0.0,0.0,1,1,0
121,1,12,17,0.0,0.0,0.0,0.0,0.0,0.0,1,1,0
122,1,12,17,0.0,0.0,0.0,0.0,0.0,0.0,1,1,0
123,1,12,15,0.0,0.0,0.0,0.0,0.0,0.0,1,1,0
124,1,12,16,0.0,0.0,0.0,0.0,0.0,0.0,1,1,0
201,1,21,21,77.05532406147178,15.901033244991023,0.0,0.0,0.0,0.0,1,1,0
202,1,21,22,63.048555631927776,11.777468660674987,0.0,0.0,0.0,0.0,1,1,0
203,1,21,21,153.6017741776407,31.9670899101797,0.0,0.0,0.0,0.0,1,1,0
204,1,21,21,44.72080319577427,9.640683856858173,0.0,0.0,0.0,0.0,1,1,0
205,1,21,21,35.98384666145733,8.593850062571558,0.0,0.0,0.0,0.0,1,1,0
206,1,21,22,66.79772526128366,14.350430894250982,0.0,0.0,0.0,0.0,1,1,0
207,1,21,22,106.08461575280525,20.009255283863748,0.0,0.0,0.0,0.0,1,1,0
208,1,21,22,148.27271426848156,17.585772607864346,0.0,0.0,0.0,0.0,1,1,0
209,1,21,23,100.98223888418404,20.956229424187725,0.0,0.0,0.0,0.0,1,1,0
210,1,21,23,158.4035630895698,31.05761068379134,0.0,0.0,0.0,0.0,1,1,0
211,1,21,23,0.0,0.0,0.0,0.0,0.0,0.0,1,1,0
212,1,21,23,0.0,0.0,0.0,0.0,0.0,0.0,1,1,0
213,1,22,24,140.01006704158243,26.707409378054734,0.0,0.0,0.0,0.0,1,1,0
214,1,22,26,125.75166080655177,24.76941552261324,0.0,0.0,0.0,0.0,1,1,0
215,1,22,26,208.53010921936837,42.62497548455,0.0,0.0,0.0,0.0,1,1,0
216,1,22,26,56.56312232414726,17.23234174349718,0.0,0.0,0.0,0.0,1,1,0
217,1,22,27,0.0,0.0,0.0,0.0,0.0,0.0,1,1,0
218,1,22,27,218.73828548846004,49.00826318664383,0.0,0.0,0.0,0.0,1,1,0
219,1,22,25,130.5740101854069,18.918861223200334,0.0,0.0,0.0,0.0,1,1,0
220,1,22,25,107.57035518760084,19.784422623081323,0.0,0.0,0.0,0.0,1,1,0
221,1,22,27,0.0,0.0,0.0,0.0,0.0,0.0,1,1,0
222,1,22,27,0.0,0.0,0.0,0.0,0.0,0.0,1,1,0
223,1,22,25,0.0,0.0,0.0,0.0,0.0,0.0,1,1,0
224,1,22,26,0.0,0.0,0.0,0.0,0.0,0.0,1,1,0
301,1,31,31,63.352676042303806,18.392412150526702,0.0,0.0,0.0,0.0,1,1,0
302,1,31,32,65.87574948518579,13.741975416574627,0.0,0.0,0.0,0.0,1,1,0
303,1,31,31,136.72108947381378,26.4449734990844,0.0,0.0,0.0,0.0,1,1,0
304,1,31,31,41.66738540979372,12.450363321955315,0.0,0.0,0.0,0.0,1,1,0
305,1,31,31,52.35048170334287,10.86589220647104,0.0,0.0,0.0,0.0,1,1,0
306,1,31,32,82.01825819982402,21.637018138878418,0.0,0.0,0.0,0.0,1,1,0
307,1,31,32,89.56029012122308,16.653618006112517,0.0,0.0,0.0,0.0,1,1,0
308,1,31,32,146.74807740640946,30.507394291752014,0.0,0.0,0.0,0.0,1,1,0
309,1,31,33,144.4578461115528,20.984043206818587,0.0,0.0,0.0,0.0,1,1,0
310,1,31,33,130.96157208676217,20.042171159930525,0.0,0.0,0.0,0.0,1,1,0
311,1,31,33,0.0,0.0,0.0,0.0,0.0,0.0,1,1,0
312,1,31,33,0.0,0.0,0.0,0.0,0.0,0.0,1,1,0
313,1,32,34,177.97774802517077,42.89668307660138,0.0,0.0,0.0,0.0,1,1,0
314,1,32,36,113.22147954443415,25.982480873865775,0.0,0.0,0.0,0.0,1,1,0
315,1,32,36,159.77724526425925,41.48637997441292,0.0,0.0,0.0,0.0,1,1,0
