% From Raw File 
%% RTS 96 System Bus Data %% 
all_busdata96 = [ 
101,138,2,1,1,1,1.00,0.00,1.1,0.9,1.1,0.9
102,138,2,1,1,1,1.00,0.00,1.1,0.9,1.1,0.9
103,138,1,1,1,1,1.00,0.00,1.1,0.9,1.1,0.9
104,138,1,1,1,1,1.00,0.00,1.1,0.9,1.1,0.9
105,138,1,1,1,1,1.00,0.00,1.1,0.9,1.1,0.9
106,138,1,1,1,1,1.00,0.00,1.1,0.9,1.1,0.9
107,138,2,1,1,1,1.00,0.00,1.1,0.9,1.1,0.9
108,138,1,1,1,1,1.00,0.00,1.1,0.9,1.1,0.9
109,138,1,1,1,1,1.00,0.00,1.1,0.9,1.1,0.9
110,138,1,1,1,1,1.00,0.00,1.1,0.9,1.1,0.9
111,230,1,1,1,1,1.00,0.00,1.1,0.9,1.1,0.9
112,230,1,1,1,1,1.00,0.00,1.1,0.9,1.1,0.9
113,230,3,1,1,1,1.00,0.00,1.1,0.9,1.1,0.9
114,230,2,1,1,1,1.00,0.00,1.1,0.9,1.1,0.9
115,230,2,1,1,1,1.00,0.00,1.1,0.9,1.1,0.9
116,230,2,1,1,1,1.00,0.00,1.1,0.9,1.1,0.9
117,230,1,1,1,1,1.00,0.00,1.1,0.9,1.1,0.9
118,230,2,1,1,1,1.00,0.00,1.1,0.9,1.1,0.9
119,230,1,1,1,1,1.00,0.00,1.1,0.9,1.1,0.9
120,230,1,1,1,1,1.00,0.00,1.1,0.9,1.1,0.9
121,230,2,1,1,1,1.00,0.00,1.1,0.9,1.1,0.9
122,230,2,1,1,1,1.00,0.00,1.1,0.9,1.1,0.9
123,230,2,1,1,1,1.00,0.00,1.1,0.9,1.1,0.9
124,230,1,1,1,1,1.00,0.00,1.1,0.9,1.1,0.9
201,138,2,1,1,1,1.00,0.00,1.1,0.9,1.1,0.9
202,138,2,1,1,1,1.00,0.00,1.1,0.9,1.1,0.9
203,138,1,1,1,1,1.00,0.00,1.1,0.9,1.1,0.9
204,138,1,1,1,1,1.00,0.00,1.1,0.9,1.1,0.9
205,138,1,1,1,1,1.00,0.00,1.1,0.9,1.1,0.9
206,138,1,1,1,1,1.00,0.00,1.1,0.9,1.1,0.9
207,138,2,1,1,1,1.00,0.00,1.1,0.9,1.1,0.9
208,138,1,1,1,1,1.00,0.00,1.1,0.9,1.1,0.9
209,138,1,1,1,1,1.00,0.00,1.1,0.9,1.1,0.9
210,138,1,1,1,1,1.00,0.00,1.1,0.9,1.1,0.9
211,230,1,1,1,1,1.00,0.00,1.1,0.9,1.1,0.9
212,230,1,1,1,1,1.00,0.00,1.1,0.9,1.1,0.9
213,230,2,1,1,1,1.00,0.00,1.1,0.9,1.1,0.9
214,230,2,1,1,1,1.00,0.00,1.1,0.9,1.1,0.9
215,230,2,1,1,1,1.00,0.00,1.1,0.9,1.1,0.9
216,230,2,1,1,1,1.00,0.00,1.1,0.9,1.1,0.9
217,230,1,1,1,1,1.00,0.00,1.1,0.9,1.1,0.9
218,230,2,1,1,1,1.00,0.00,1.1,0.9,1.1,0.9
219,230,1,1,1,1,1.00,0.00,1.1,0.9,1.1,0.9
220,230,1,1,1,1,1.00,0.00,1.1,0.9,1.1,0.9
221,230,2,1,1,1,1.00,0.00,1.1,0.9,1.1,0.9
222,230,2,1,1,1,1.00,0.00,1.1,0.9,1.1,0.9
223,230,2,1,1,1,1.00,0.00,1.1,0.9,1.1,0.9
224,230,1,1,1,1,1.00,0.00,1.1,0.9,1.1,0.9
301,138,2,1,1,1,1.00,0.00,1.1,0.9,1.1,0.9
302,138,2,1,1,1,1.00,0.00,1.1,0.9,1.1,0.9
303,138,1,1,1,1,1.00,0.00,1.1,0.9,1.1,0.9
304,138,1,1,1,1,1.00,0.00,1.1,0.9,1.1,0.9
305,138,1,1,1,1,1.00,0.00,1.1,0.9,1.1,0.9
306,138,1,1,1,1,1.00,0.00,1.1,0.9,1.1,0.9
307,138,2,1,1,1,1.00,0.00,1.1,0.9,1.1,0.9
308,138,1,1,1,1,1.00,0.00,1.1,0.9,1.1,0.9
309,138,1,1,1,1,1.00,0.00,1.1,0.9,1.1,0.9
310,138,1,1,1,1,1.00,0.00,1.1,0.9,1.1,0.9
311,230,1,1,1,1,1.00,0.00,1.1,0.9,1.1,0.9
312,230,1,1,1,1,1.00,0.00,1.1,0.9,1.1,0.9
313,230,2,1,1,1,1.00,0.00,1.1,0.9,1.1,0.9
314,230,2,1,1,1,1.00,0.00,1.1,0.9,1.1,0.9
315,230,2,1,1,1,1.00,0.00,1.1,0.9,1.1,0.9
316,230,2,1,1,1,1.00,0.00,1.1,0.9,1.1,0.9
317,230,1,1,1,1,1.00,0.00,1.1,0.9,1.1,0.9
318,230,2,1,1,1,1.00,0.00,1.1,0.9,1.1,0.9
319,230,1,1,1,1,1.00,0.00,1.1,0.9,1.1,0.9
320,230,1,1,1,1,1.00,0.00,1.1,0.9,1.1,0.9
321,230,2,1,1,1,1.00,0.00,1.1,0.9,1.1,0.9
322,230,2,1,1,1,1.00,0.00,1.1,0.9,1.1,0.9
323,230,2,1,1,1,1.00,0.00,1.1,0.9,1.1,0.9
324,230,1,1,1,1,1.00,0.00,1.1,0.9,1.1,0.9
325,230,1,1,1,1,1.00,0.00,1.1,0.9,1.1,0.9
]; 
all_busName96 = [   ' 101 ';  ' 102 ';  ' 103 ';  ' 104 ';  ' 105 ';  ' 106 ';  ' 107 ';  ' 108 ';  ' 109 ';  ' 110 ';  ' 111 ';  ' 112 ';  ' 113 ';  ' 114 ';  ' 115 ';  ' 116 ';  ' 117 ';  ' 118 ';  ' 119 ';  ' 120 ';  ' 121 ';  ' 122 ';  ' 123 ';  ' 124 ';  ' 201 ';  ' 202 ';  ' 203 ';  ' 204 ';  ' 205 ';  ' 206 ';  ' 207 ';  ' 208 ';  ' 209 ';  ' 210 ';  ' 211 ';  ' 212 ';  ' 213 ';  ' 214 ';  ' 215 ';  ' 216 ';  ' 217 ';  ' 218 ';  ' 219 ';  ' 220 ';  ' 221 ';  ' 222 ';  ' 223 ';  ' 224 ';  ' 301 ';  ' 302 ';  ' 303 ';  ' 304 ';  ' 305 ';  ' 306 ';  ' 307 ';  ' 308 ';  ' 309 ';  ' 310 ';  ' 311 ';  ' 312 ';  ' 313 ';  ' 314 ';  ' 315 ';  ' 316 ';  ' 317 ';  ' 318 ';  ' 319 ';  ' 320 ';  ' 321 ';  ' 322 ';  ' 323 ';  ' 324 ';  ' 325 '; ];
%% RTS 96 System Load Data %% 
all_loaddata96 = [ 
101,1,11,11,93.88598795227502,14.01202162394654,0.0,0.0,0.0,0.0,1,1,0
102,1,11,12,63.696700453388786,16.465473032810724,0.0,0.0,0.0,0.0,1,1,0
103,1,11,11,113.43782900038082,23.49059778667702,0.0,0.0,0.0,0.0,1,1,0
104,1,11,11,53.39435164552973,12.582084239491028,0.0,0.0,0.0,0.0,1,1,0
105,1,11,11,38.58717092535077,11.08470631156275,0.0,0.0,0.0,0.0,1,1,0
106,1,11,12,83.59186529163458,15.347629713390022,0.0,0.0,0.0,0.0,1,1,0
107,1,11,12,103.83338936548681,15.45187284406973,0.0,0.0,0.0,0.0,1,1,0
108,1,11,12,115.53203546450044,20.34200220383517,0.0,0.0,0.0,0.0,1,1,0
109,1,11,13,94.35657095186063,28.374206239826606,0.0,0.0,0.0,0.0,1,1,0
110,1,11,13,126.67398573035769,21.523619188802314,0.0,0.0,0.0,0.0,1,1,0
111,1,11,13,0.0,0.0,0.0,0.0,0.0,0.0,1,1,0
112,1,11,13,0.0,0.0,0.0,0.0,0.0,0.0,1,1,0
113,1,12,14,131.0849676051701,33.314358729237966,0.0,0.0,0.0,0.0,1,1,0
114,1,12,16,110.39165764778015,26.372609004482538,0.0,0.0,0.0,0.0,1,1,0
115,1,12,16,168.94096350417544,48.71708579640984,0.0,0.0,0.0,0.0,1,1,0
116,1,12,16,87.71560769765172,13.951784241797403,0.0,0.0,0.0,0.0,1,1,0
117,1,12,17,0.0,0.0,0.0,0.0,0.0,0.0,1,1,0
118,1,12,17,238.51646001740045,37.49455797441434,0.0,0.0,0.0,0.0,1,1,0
119,1,12,15,94.26637091189717,19.93593031644439,0.0,0.0,0.0,0.0,1,1,0
120,1,12,15,113.34248923832773,19.562451699498297,0.0,0.0,0.0,0.0,1,1,0
121,1,12,17,0.0,0.0,0.0,0.0,0.0,0.0,1,1,0
122,1,12,17,0.0,0.0,0.0,0.0,0.0,0.0,1,1,0
123,1,12,15,0.0,0.0,0.0,0.0,0.0,0.0,1,1,0
124,1,12,16,0.0,0.0,0.0,0.0,0.0,0.0,1,1,0
201,1,21,21,96.81767350334543,10.989596879292836,0.0,0.0,0.0,0.0,1,1,0
202,1,21,22,82.63599271565528,16.56115769224707,0.0,0.0,0.0,0.0,1,1,0
203,1,21,21,91.60154250022674,24.17658677472481,0.0,0.0,0.0,0.0,1,1,0
204,1,21,21,44.73268735425957,11.314989929510281,0.0,0.0,0.0,0.0,1,1,0
205,1,21,21,58.10748374901871,11.427804025019611,0.0,0.0,0.0,0.0,1,1,0
206,1,21,22,77.56754444938748,19.15092130671926,0.0,0.0,0.0,0.0,1,1,0
207,1,21,22,65.63566810567863,13.270307055133161,0.0,0.0,0.0,0.0,1,1,0
208,1,21,22,101.96875063008392,24.65899562344467,0.0,0.0,0.0,0.0,1,1,0
209,1,21,23,136.16036705868902,26.906012926573123,0.0,0.0,0.0,0.0,1,1,0
210,1,21,23,120.60975949422712,28.983582771889864,0.0,0.0,0.0,0.0,1,1,0
211,1,21,23,0.0,0.0,0.0,0.0,0.0,0.0,1,1,0
212,1,21,23,0.0,0.0,0.0,0.0,0.0,0.0,1,1,0
213,1,22,24,152.3517840970899,44.542571022424006,0.0,0.0,0.0,0.0,1,1,0
214,1,22,26,147.35582826897792,27.56441100268071,0.0,0.0,0.0,0.0,1,1,0
215,1,22,26,170.44043909966703,37.18607754659056,0.0,0.0,0.0,0.0,1,1,0
216,1,22,26,56.42682146543171,17.487572548384776,0.0,0.0,0.0,0.0,1,1,0
217,1,22,27,0.0,0.0,0.0,0.0,0.0,0.0,1,1,0
218,1,22,27,246.45444791812236,35.17264558548108,0.0,0.0,0.0,0.0,1,1,0
219,1,22,25,133.85128908630597,32.446712328607035,0.0,0.0,0.0,0.0,1,1,0
220,1,22,25,76.84016255952714,14.892409719571006,0.0,0.0,0.0,0.0,1,1,0
221,1,22,27,0.0,0.0,0.0,0.0,0.0,0.0,1,1,0
222,1,22,27,0.0,0.0,0.0,0.0,0.0,0.0,1,1,0
223,1,22,25,0.0,0.0,0.0,0.0,0.0,0.0,1,1,0
224,1,22,26,0.0,0.0,0.0,0.0,0.0,0.0,1,1,0
301,1,31,31,67.96427720206417,11.808933052533957,0.0,0.0,0.0,0.0,1,1,0
302,1,31,32,59.87073172154222,17.3352959182458,0.0,0.0,0.0,0.0,1,1,0
303,1,31,31,143.03291080907732,27.13886533514256,0.0,0.0,0.0,0.0,1,1,0
304,1,31,31,44.66170494152493,11.337007953112945,0.0,0.0,0.0,0.0,1,1,0
305,1,31,31,57.3486657353961,12.605429765317496,0.0,0.0,0.0,0.0,1,1,0
306,1,31,32,77.93134064618424,21.10115764103327,0.0,0.0,0.0,0.0,1,1,0
307,1,31,32,100.30208200020134,20.708711767805507,0.0,0.0,0.0,0.0,1,1,0
308,1,31,32,87.89952454523743,24.99262655288726,0.0,0.0,0.0,0.0,1,1,0
309,1,31,33,91.78678435550769,27.48625554609932,0.0,0.0,0.0,0.0,1,1,0
310,1,31,33,109.34513250726553,28.45833015186712,0.0,0.0,0.0,0.0,1,1,0
311,1,31,33,0.0,0.0,0.0,0.0,0.0,0.0,1,1,0
312,1,31,33,0.0,0.0,0.0,0.0,0.0,0.0,1,1,0
313,1,32,34,162.54670763676964,32.7626082960709,0.0,0.0,0.0,0.0,1,1,0
314,1,32,36,162.45687808726962,33.03566944414973,0.0,0.0,0.0,0.0,1,1,0
315,1,32,36,210.09398812270217,51.02948632942736,0.0,0.0,0.0,0.0,1,1,0
