% From Raw File 
%% RTS 96 System Bus Data %% 
all_busdata96 = [ 
101,138,2,1,1,1,1.00,0.00,1.1,0.9,1.1,0.9
102,138,2,1,1,1,1.00,0.00,1.1,0.9,1.1,0.9
103,138,1,1,1,1,1.00,0.00,1.1,0.9,1.1,0.9
104,138,1,1,1,1,1.00,0.00,1.1,0.9,1.1,0.9
105,138,1,1,1,1,1.00,0.00,1.1,0.9,1.1,0.9
106,138,1,1,1,1,1.00,0.00,1.1,0.9,1.1,0.9
107,138,2,1,1,1,1.00,0.00,1.1,0.9,1.1,0.9
108,138,1,1,1,1,1.00,0.00,1.1,0.9,1.1,0.9
109,138,1,1,1,1,1.00,0.00,1.1,0.9,1.1,0.9
110,138,1,1,1,1,1.00,0.00,1.1,0.9,1.1,0.9
111,230,1,1,1,1,1.00,0.00,1.1,0.9,1.1,0.9
112,230,1,1,1,1,1.00,0.00,1.1,0.9,1.1,0.9
113,230,3,1,1,1,1.00,0.00,1.1,0.9,1.1,0.9
114,230,2,1,1,1,1.00,0.00,1.1,0.9,1.1,0.9
115,230,2,1,1,1,1.00,0.00,1.1,0.9,1.1,0.9
116,230,2,1,1,1,1.00,0.00,1.1,0.9,1.1,0.9
117,230,1,1,1,1,1.00,0.00,1.1,0.9,1.1,0.9
118,230,2,1,1,1,1.00,0.00,1.1,0.9,1.1,0.9
119,230,1,1,1,1,1.00,0.00,1.1,0.9,1.1,0.9
120,230,1,1,1,1,1.00,0.00,1.1,0.9,1.1,0.9
121,230,2,1,1,1,1.00,0.00,1.1,0.9,1.1,0.9
122,230,2,1,1,1,1.00,0.00,1.1,0.9,1.1,0.9
123,230,2,1,1,1,1.00,0.00,1.1,0.9,1.1,0.9
124,230,1,1,1,1,1.00,0.00,1.1,0.9,1.1,0.9
201,138,2,1,1,1,1.00,0.00,1.1,0.9,1.1,0.9
202,138,2,1,1,1,1.00,0.00,1.1,0.9,1.1,0.9
203,138,1,1,1,1,1.00,0.00,1.1,0.9,1.1,0.9
204,138,1,1,1,1,1.00,0.00,1.1,0.9,1.1,0.9
205,138,1,1,1,1,1.00,0.00,1.1,0.9,1.1,0.9
206,138,1,1,1,1,1.00,0.00,1.1,0.9,1.1,0.9
207,138,2,1,1,1,1.00,0.00,1.1,0.9,1.1,0.9
208,138,1,1,1,1,1.00,0.00,1.1,0.9,1.1,0.9
209,138,1,1,1,1,1.00,0.00,1.1,0.9,1.1,0.9
210,138,1,1,1,1,1.00,0.00,1.1,0.9,1.1,0.9
211,230,1,1,1,1,1.00,0.00,1.1,0.9,1.1,0.9
212,230,1,1,1,1,1.00,0.00,1.1,0.9,1.1,0.9
213,230,2,1,1,1,1.00,0.00,1.1,0.9,1.1,0.9
214,230,2,1,1,1,1.00,0.00,1.1,0.9,1.1,0.9
215,230,2,1,1,1,1.00,0.00,1.1,0.9,1.1,0.9
216,230,2,1,1,1,1.00,0.00,1.1,0.9,1.1,0.9
217,230,1,1,1,1,1.00,0.00,1.1,0.9,1.1,0.9
218,230,2,1,1,1,1.00,0.00,1.1,0.9,1.1,0.9
219,230,1,1,1,1,1.00,0.00,1.1,0.9,1.1,0.9
220,230,1,1,1,1,1.00,0.00,1.1,0.9,1.1,0.9
221,230,2,1,1,1,1.00,0.00,1.1,0.9,1.1,0.9
222,230,2,1,1,1,1.00,0.00,1.1,0.9,1.1,0.9
223,230,2,1,1,1,1.00,0.00,1.1,0.9,1.1,0.9
224,230,1,1,1,1,1.00,0.00,1.1,0.9,1.1,0.9
301,138,2,1,1,1,1.00,0.00,1.1,0.9,1.1,0.9
302,138,2,1,1,1,1.00,0.00,1.1,0.9,1.1,0.9
303,138,1,1,1,1,1.00,0.00,1.1,0.9,1.1,0.9
304,138,1,1,1,1,1.00,0.00,1.1,0.9,1.1,0.9
305,138,1,1,1,1,1.00,0.00,1.1,0.9,1.1,0.9
306,138,1,1,1,1,1.00,0.00,1.1,0.9,1.1,0.9
307,138,2,1,1,1,1.00,0.00,1.1,0.9,1.1,0.9
308,138,1,1,1,1,1.00,0.00,1.1,0.9,1.1,0.9
309,138,1,1,1,1,1.00,0.00,1.1,0.9,1.1,0.9
310,138,1,1,1,1,1.00,0.00,1.1,0.9,1.1,0.9
311,230,1,1,1,1,1.00,0.00,1.1,0.9,1.1,0.9
312,230,1,1,1,1,1.00,0.00,1.1,0.9,1.1,0.9
313,230,2,1,1,1,1.00,0.00,1.1,0.9,1.1,0.9
314,230,2,1,1,1,1.00,0.00,1.1,0.9,1.1,0.9
315,230,2,1,1,1,1.00,0.00,1.1,0.9,1.1,0.9
316,230,2,1,1,1,1.00,0.00,1.1,0.9,1.1,0.9
317,230,1,1,1,1,1.00,0.00,1.1,0.9,1.1,0.9
318,230,2,1,1,1,1.00,0.00,1.1,0.9,1.1,0.9
319,230,1,1,1,1,1.00,0.00,1.1,0.9,1.1,0.9
320,230,1,1,1,1,1.00,0.00,1.1,0.9,1.1,0.9
321,230,2,1,1,1,1.00,0.00,1.1,0.9,1.1,0.9
322,230,2,1,1,1,1.00,0.00,1.1,0.9,1.1,0.9
323,230,2,1,1,1,1.00,0.00,1.1,0.9,1.1,0.9
324,230,1,1,1,1,1.00,0.00,1.1,0.9,1.1,0.9
325,230,1,1,1,1,1.00,0.00,1.1,0.9,1.1,0.9
]; 
all_busName96 = [   ' 101 ';  ' 102 ';  ' 103 ';  ' 104 ';  ' 105 ';  ' 106 ';  ' 107 ';  ' 108 ';  ' 109 ';  ' 110 ';  ' 111 ';  ' 112 ';  ' 113 ';  ' 114 ';  ' 115 ';  ' 116 ';  ' 117 ';  ' 118 ';  ' 119 ';  ' 120 ';  ' 121 ';  ' 122 ';  ' 123 ';  ' 124 ';  ' 201 ';  ' 202 ';  ' 203 ';  ' 204 ';  ' 205 ';  ' 206 ';  ' 207 ';  ' 208 ';  ' 209 ';  ' 210 ';  ' 211 ';  ' 212 ';  ' 213 ';  ' 214 ';  ' 215 ';  ' 216 ';  ' 217 ';  ' 218 ';  ' 219 ';  ' 220 ';  ' 221 ';  ' 222 ';  ' 223 ';  ' 224 ';  ' 301 ';  ' 302 ';  ' 303 ';  ' 304 ';  ' 305 ';  ' 306 ';  ' 307 ';  ' 308 ';  ' 309 ';  ' 310 ';  ' 311 ';  ' 312 ';  ' 313 ';  ' 314 ';  ' 315 ';  ' 316 ';  ' 317 ';  ' 318 ';  ' 319 ';  ' 320 ';  ' 321 ';  ' 322 ';  ' 323 ';  ' 324 ';  ' 325 '; ];
%% RTS 96 System Load Data %% 
all_loaddata96 = [ 
101,1,11,11,64.2068342889972,19.560218859279153,0.0,0.0,0.0,0.0,1,1,0
102,1,11,12,49.830922684099896,11.411039176521822,0.0,0.0,0.0,0.0,1,1,0
103,1,11,11,124.36107940342929,27.51686698648268,0.0,0.0,0.0,0.0,1,1,0
104,1,11,11,64.92192448931728,9.61279630542104,0.0,0.0,0.0,0.0,1,1,0
105,1,11,11,41.88404989025589,10.098684804695193,0.0,0.0,0.0,0.0,1,1,0
106,1,11,12,88.67345572765656,22.189985605355723,0.0,0.0,0.0,0.0,1,1,0
107,1,11,12,72.56675330676372,16.37636845638044,0.0,0.0,0.0,0.0,1,1,0
108,1,11,12,83.87457520517079,23.56766484392574,0.0,0.0,0.0,0.0,1,1,0
109,1,11,13,125.30641152536846,28.18670235071685,0.0,0.0,0.0,0.0,1,1,0
110,1,11,13,144.77496241319412,24.604094964148477,0.0,0.0,0.0,0.0,1,1,0
111,1,11,13,0.0,0.0,0.0,0.0,0.0,0.0,1,1,0
112,1,11,13,0.0,0.0,0.0,0.0,0.0,0.0,1,1,0
113,1,12,14,220.01428202928022,45.40134555149395,0.0,0.0,0.0,0.0,1,1,0
114,1,12,16,110.77052459944971,33.57955024641277,0.0,0.0,0.0,0.0,1,1,0
115,1,12,16,243.15456031413075,56.75652151256204,0.0,0.0,0.0,0.0,1,1,0
116,1,12,16,77.09946677721105,12.787926746710204,0.0,0.0,0.0,0.0,1,1,0
117,1,12,17,0.0,0.0,0.0,0.0,0.0,0.0,1,1,0
118,1,12,17,277.2966577715083,33.48980680172927,0.0,0.0,0.0,0.0,1,1,0
119,1,12,15,137.49700797347612,22.43345134407752,0.0,0.0,0.0,0.0,1,1,0
120,1,12,15,113.79968820396064,19.32942743029939,0.0,0.0,0.0,0.0,1,1,0
121,1,12,17,0.0,0.0,0.0,0.0,0.0,0.0,1,1,0
122,1,12,17,0.0,0.0,0.0,0.0,0.0,0.0,1,1,0
123,1,12,15,0.0,0.0,0.0,0.0,0.0,0.0,1,1,0
124,1,12,16,0.0,0.0,0.0,0.0,0.0,0.0,1,1,0
201,1,21,21,62.18823371594901,17.569668822828124,0.0,0.0,0.0,0.0,1,1,0
202,1,21,22,69.83668018142092,14.54740893669147,0.0,0.0,0.0,0.0,1,1,0
203,1,21,21,105.95576219228188,30.13630918950056,0.0,0.0,0.0,0.0,1,1,0
204,1,21,21,60.180988386334384,9.612089905699483,0.0,0.0,0.0,0.0,1,1,0
205,1,21,21,44.35045683195242,12.242379942271112,0.0,0.0,0.0,0.0,1,1,0
206,1,21,22,82.8677039682962,21.83912523345072,0.0,0.0,0.0,0.0,1,1,0
207,1,21,22,94.97173298060079,22.16547445481876,0.0,0.0,0.0,0.0,1,1,0
208,1,21,22,100.28360047233473,29.924806338388244,0.0,0.0,0.0,0.0,1,1,0
209,1,21,23,150.17312242655436,18.834856804567202,0.0,0.0,0.0,0.0,1,1,0
210,1,21,23,141.26742386181,34.012263654330745,0.0,0.0,0.0,0.0,1,1,0
211,1,21,23,0.0,0.0,0.0,0.0,0.0,0.0,1,1,0
212,1,21,23,0.0,0.0,0.0,0.0,0.0,0.0,1,1,0
213,1,22,24,132.75409637706565,37.94323246481912,0.0,0.0,0.0,0.0,1,1,0
214,1,22,26,125.68286593882414,32.44099511458715,0.0,0.0,0.0,0.0,1,1,0
215,1,22,26,199.83999353449835,32.04359987747669,0.0,0.0,0.0,0.0,1,1,0
216,1,22,26,75.67665506492368,16.257143053418957,0.0,0.0,0.0,0.0,1,1,0
217,1,22,27,0.0,0.0,0.0,0.0,0.0,0.0,1,1,0
218,1,22,27,261.6441514091465,51.51098650020529,0.0,0.0,0.0,0.0,1,1,0
219,1,22,25,155.4285277607855,29.34932452670652,0.0,0.0,0.0,0.0,1,1,0
220,1,22,25,100.28987094946503,14.32176101159323,0.0,0.0,0.0,0.0,1,1,0
221,1,22,27,0.0,0.0,0.0,0.0,0.0,0.0,1,1,0
222,1,22,27,0.0,0.0,0.0,0.0,0.0,0.0,1,1,0
223,1,22,25,0.0,0.0,0.0,0.0,0.0,0.0,1,1,0
224,1,22,26,0.0,0.0,0.0,0.0,0.0,0.0,1,1,0
301,1,31,31,67.15222964358664,16.413965837737454,0.0,0.0,0.0,0.0,1,1,0
302,1,31,32,49.293976081955485,16.349811103966086,0.0,0.0,0.0,0.0,1,1,0
303,1,31,31,122.7477608729219,28.480351177965566,0.0,0.0,0.0,0.0,1,1,0
304,1,31,31,65.23846517712911,10.052763291659765,0.0,0.0,0.0,0.0,1,1,0
305,1,31,31,34.927558649770454,8.07013266683584,0.0,0.0,0.0,0.0,1,1,0
306,1,31,32,92.81229853594154,16.430973829726316,0.0,0.0,0.0,0.0,1,1,0
307,1,31,32,83.88990585225402,20.514941945130705,0.0,0.0,0.0,0.0,1,1,0
308,1,31,32,134.25235275870875,29.717836607986595,0.0,0.0,0.0,0.0,1,1,0
309,1,31,33,87.33618035029038,21.97050345214829,0.0,0.0,0.0,0.0,1,1,0
310,1,31,33,133.80710018688788,26.33232664670795,0.0,0.0,0.0,0.0,1,1,0
311,1,31,33,0.0,0.0,0.0,0.0,0.0,0.0,1,1,0
312,1,31,33,0.0,0.0,0.0,0.0,0.0,0.0,1,1,0
313,1,32,34,140.73844701158325,44.45982140564667,0.0,0.0,0.0,0.0,1,1,0
314,1,32,36,119.65812164611789,22.178750415252008,0.0,0.0,0.0,0.0,1,1,0
315,1,32,36,255.1912969776635,47.61754792555869,0.0,0.0,0.0,0.0,1,1,0
