% From Raw File 
%% RTS 96 System Bus Data %% 
all_busdata96 = [ 
101,138,2,1,1,1,1.00,0.00,1.1,0.9,1.1,0.9
102,138,2,1,1,1,1.00,0.00,1.1,0.9,1.1,0.9
103,138,1,1,1,1,1.00,0.00,1.1,0.9,1.1,0.9
104,138,1,1,1,1,1.00,0.00,1.1,0.9,1.1,0.9
105,138,1,1,1,1,1.00,0.00,1.1,0.9,1.1,0.9
106,138,1,1,1,1,1.00,0.00,1.1,0.9,1.1,0.9
107,138,2,1,1,1,1.00,0.00,1.1,0.9,1.1,0.9
108,138,1,1,1,1,1.00,0.00,1.1,0.9,1.1,0.9
109,138,1,1,1,1,1.00,0.00,1.1,0.9,1.1,0.9
110,138,1,1,1,1,1.00,0.00,1.1,0.9,1.1,0.9
111,230,1,1,1,1,1.00,0.00,1.1,0.9,1.1,0.9
112,230,1,1,1,1,1.00,0.00,1.1,0.9,1.1,0.9
113,230,3,1,1,1,1.00,0.00,1.1,0.9,1.1,0.9
114,230,2,1,1,1,1.00,0.00,1.1,0.9,1.1,0.9
115,230,2,1,1,1,1.00,0.00,1.1,0.9,1.1,0.9
116,230,2,1,1,1,1.00,0.00,1.1,0.9,1.1,0.9
117,230,1,1,1,1,1.00,0.00,1.1,0.9,1.1,0.9
118,230,2,1,1,1,1.00,0.00,1.1,0.9,1.1,0.9
119,230,1,1,1,1,1.00,0.00,1.1,0.9,1.1,0.9
120,230,1,1,1,1,1.00,0.00,1.1,0.9,1.1,0.9
121,230,2,1,1,1,1.00,0.00,1.1,0.9,1.1,0.9
122,230,2,1,1,1,1.00,0.00,1.1,0.9,1.1,0.9
123,230,2,1,1,1,1.00,0.00,1.1,0.9,1.1,0.9
124,230,1,1,1,1,1.00,0.00,1.1,0.9,1.1,0.9
201,138,2,1,1,1,1.00,0.00,1.1,0.9,1.1,0.9
202,138,2,1,1,1,1.00,0.00,1.1,0.9,1.1,0.9
203,138,1,1,1,1,1.00,0.00,1.1,0.9,1.1,0.9
204,138,1,1,1,1,1.00,0.00,1.1,0.9,1.1,0.9
205,138,1,1,1,1,1.00,0.00,1.1,0.9,1.1,0.9
206,138,1,1,1,1,1.00,0.00,1.1,0.9,1.1,0.9
207,138,2,1,1,1,1.00,0.00,1.1,0.9,1.1,0.9
208,138,1,1,1,1,1.00,0.00,1.1,0.9,1.1,0.9
209,138,1,1,1,1,1.00,0.00,1.1,0.9,1.1,0.9
210,138,1,1,1,1,1.00,0.00,1.1,0.9,1.1,0.9
211,230,1,1,1,1,1.00,0.00,1.1,0.9,1.1,0.9
212,230,1,1,1,1,1.00,0.00,1.1,0.9,1.1,0.9
213,230,2,1,1,1,1.00,0.00,1.1,0.9,1.1,0.9
214,230,2,1,1,1,1.00,0.00,1.1,0.9,1.1,0.9
215,230,2,1,1,1,1.00,0.00,1.1,0.9,1.1,0.9
216,230,2,1,1,1,1.00,0.00,1.1,0.9,1.1,0.9
217,230,1,1,1,1,1.00,0.00,1.1,0.9,1.1,0.9
218,230,2,1,1,1,1.00,0.00,1.1,0.9,1.1,0.9
219,230,1,1,1,1,1.00,0.00,1.1,0.9,1.1,0.9
220,230,1,1,1,1,1.00,0.00,1.1,0.9,1.1,0.9
221,230,2,1,1,1,1.00,0.00,1.1,0.9,1.1,0.9
222,230,2,1,1,1,1.00,0.00,1.1,0.9,1.1,0.9
223,230,2,1,1,1,1.00,0.00,1.1,0.9,1.1,0.9
224,230,1,1,1,1,1.00,0.00,1.1,0.9,1.1,0.9
301,138,2,1,1,1,1.00,0.00,1.1,0.9,1.1,0.9
302,138,2,1,1,1,1.00,0.00,1.1,0.9,1.1,0.9
303,138,1,1,1,1,1.00,0.00,1.1,0.9,1.1,0.9
304,138,1,1,1,1,1.00,0.00,1.1,0.9,1.1,0.9
305,138,1,1,1,1,1.00,0.00,1.1,0.9,1.1,0.9
306,138,1,1,1,1,1.00,0.00,1.1,0.9,1.1,0.9
307,138,2,1,1,1,1.00,0.00,1.1,0.9,1.1,0.9
308,138,1,1,1,1,1.00,0.00,1.1,0.9,1.1,0.9
309,138,1,1,1,1,1.00,0.00,1.1,0.9,1.1,0.9
310,138,1,1,1,1,1.00,0.00,1.1,0.9,1.1,0.9
311,230,1,1,1,1,1.00,0.00,1.1,0.9,1.1,0.9
312,230,1,1,1,1,1.00,0.00,1.1,0.9,1.1,0.9
313,230,2,1,1,1,1.00,0.00,1.1,0.9,1.1,0.9
314,230,2,1,1,1,1.00,0.00,1.1,0.9,1.1,0.9
315,230,2,1,1,1,1.00,0.00,1.1,0.9,1.1,0.9
316,230,2,1,1,1,1.00,0.00,1.1,0.9,1.1,0.9
317,230,1,1,1,1,1.00,0.00,1.1,0.9,1.1,0.9
318,230,2,1,1,1,1.00,0.00,1.1,0.9,1.1,0.9
319,230,1,1,1,1,1.00,0.00,1.1,0.9,1.1,0.9
320,230,1,1,1,1,1.00,0.00,1.1,0.9,1.1,0.9
321,230,2,1,1,1,1.00,0.00,1.1,0.9,1.1,0.9
322,230,2,1,1,1,1.00,0.00,1.1,0.9,1.1,0.9
323,230,2,1,1,1,1.00,0.00,1.1,0.9,1.1,0.9
324,230,1,1,1,1,1.00,0.00,1.1,0.9,1.1,0.9
325,230,1,1,1,1,1.00,0.00,1.1,0.9,1.1,0.9
]; 
all_busName96 = [   ' 101 ';  ' 102 ';  ' 103 ';  ' 104 ';  ' 105 ';  ' 106 ';  ' 107 ';  ' 108 ';  ' 109 ';  ' 110 ';  ' 111 ';  ' 112 ';  ' 113 ';  ' 114 ';  ' 115 ';  ' 116 ';  ' 117 ';  ' 118 ';  ' 119 ';  ' 120 ';  ' 121 ';  ' 122 ';  ' 123 ';  ' 124 ';  ' 201 ';  ' 202 ';  ' 203 ';  ' 204 ';  ' 205 ';  ' 206 ';  ' 207 ';  ' 208 ';  ' 209 ';  ' 210 ';  ' 211 ';  ' 212 ';  ' 213 ';  ' 214 ';  ' 215 ';  ' 216 ';  ' 217 ';  ' 218 ';  ' 219 ';  ' 220 ';  ' 221 ';  ' 222 ';  ' 223 ';  ' 224 ';  ' 301 ';  ' 302 ';  ' 303 ';  ' 304 ';  ' 305 ';  ' 306 ';  ' 307 ';  ' 308 ';  ' 309 ';  ' 310 ';  ' 311 ';  ' 312 ';  ' 313 ';  ' 314 ';  ' 315 ';  ' 316 ';  ' 317 ';  ' 318 ';  ' 319 ';  ' 320 ';  ' 321 ';  ' 322 ';  ' 323 ';  ' 324 ';  ' 325 '; ];
%% RTS 96 System Load Data %% 
all_loaddata96 = [ 
101,1,11,11,77.05635582915544,14.034491271746624,0.0,0.0,0.0,0.0,1,1,0
102,1,11,12,85.24542968233783,11.583375582260079,0.0,0.0,0.0,0.0,1,1,0
103,1,11,11,146.49010326544382,33.043514349012725,0.0,0.0,0.0,0.0,1,1,0
104,1,11,11,43.66893365026172,7.85316413393081,0.0,0.0,0.0,0.0,1,1,0
105,1,11,11,53.92828483374095,12.185749656299036,0.0,0.0,0.0,0.0,1,1,0
106,1,11,12,112.78106363002249,20.224408230751006,0.0,0.0,0.0,0.0,1,1,0
107,1,11,12,92.76794645506307,12.324736841751726,0.0,0.0,0.0,0.0,1,1,0
108,1,11,12,145.4310686021932,17.932196152037008,0.0,0.0,0.0,0.0,1,1,0
109,1,11,13,125.06427952753148,26.71461232768502,0.0,0.0,0.0,0.0,1,1,0
110,1,11,13,171.72096979994745,29.90290596029721,0.0,0.0,0.0,0.0,1,1,0
111,1,11,13,0.0,0.0,0.0,0.0,0.0,0.0,1,1,0
112,1,11,13,0.0,0.0,0.0,0.0,0.0,0.0,1,1,0
113,1,12,14,170.64066353860616,37.75914678036589,0.0,0.0,0.0,0.0,1,1,0
114,1,12,16,149.61580824165065,31.52974018678875,0.0,0.0,0.0,0.0,1,1,0
115,1,12,16,221.72942871397203,40.48618744489252,0.0,0.0,0.0,0.0,1,1,0
116,1,12,16,82.07716565298847,13.36011307117436,0.0,0.0,0.0,0.0,1,1,0
117,1,12,17,0.0,0.0,0.0,0.0,0.0,0.0,1,1,0
118,1,12,17,193.30224251590738,60.70466473014783,0.0,0.0,0.0,0.0,1,1,0
119,1,12,15,151.7179975491143,29.49409777050116,0.0,0.0,0.0,0.0,1,1,0
120,1,12,15,90.69832306206821,14.460637505176663,0.0,0.0,0.0,0.0,1,1,0
121,1,12,17,0.0,0.0,0.0,0.0,0.0,0.0,1,1,0
122,1,12,17,0.0,0.0,0.0,0.0,0.0,0.0,1,1,0
123,1,12,15,0.0,0.0,0.0,0.0,0.0,0.0,1,1,0
124,1,12,16,0.0,0.0,0.0,0.0,0.0,0.0,1,1,0
201,1,21,21,55.78456108915116,19.528878589489686,0.0,0.0,0.0,0.0,1,1,0
202,1,21,22,58.53765319917058,12.254418651550077,0.0,0.0,0.0,0.0,1,1,0
203,1,21,21,102.21926398579683,29.209392668924384,0.0,0.0,0.0,0.0,1,1,0
204,1,21,21,63.07967753357626,13.022212535091676,0.0,0.0,0.0,0.0,1,1,0
205,1,21,21,36.4028031252332,9.858850198542326,0.0,0.0,0.0,0.0,1,1,0
206,1,21,22,67.34594579954558,14.541843713782914,0.0,0.0,0.0,0.0,1,1,0
207,1,21,22,65.97680474938242,20.688124443028354,0.0,0.0,0.0,0.0,1,1,0
208,1,21,22,114.34334246500921,30.118208811793245,0.0,0.0,0.0,0.0,1,1,0
209,1,21,23,101.6234578580875,32.42327785669081,0.0,0.0,0.0,0.0,1,1,0
210,1,21,23,102.19775308522301,21.144053283143787,0.0,0.0,0.0,0.0,1,1,0
211,1,21,23,0.0,0.0,0.0,0.0,0.0,0.0,1,1,0
212,1,21,23,0.0,0.0,0.0,0.0,0.0,0.0,1,1,0
213,1,22,24,234.130857565003,48.337167546731884,0.0,0.0,0.0,0.0,1,1,0
214,1,22,26,170.16015042997543,28.57178344004327,0.0,0.0,0.0,0.0,1,1,0
215,1,22,26,258.1641177356549,54.29470219177007,0.0,0.0,0.0,0.0,1,1,0
216,1,22,26,72.48244063092861,13.755334447187371,0.0,0.0,0.0,0.0,1,1,0
217,1,22,27,0.0,0.0,0.0,0.0,0.0,0.0,1,1,0
218,1,22,27,171.54210300489314,49.199530518245325,0.0,0.0,0.0,0.0,1,1,0
219,1,22,25,118.87307344385447,30.017328655040497,0.0,0.0,0.0,0.0,1,1,0
220,1,22,25,67.95533825817704,20.313788178467288,0.0,0.0,0.0,0.0,1,1,0
221,1,22,27,0.0,0.0,0.0,0.0,0.0,0.0,1,1,0
222,1,22,27,0.0,0.0,0.0,0.0,0.0,0.0,1,1,0
223,1,22,25,0.0,0.0,0.0,0.0,0.0,0.0,1,1,0
224,1,22,26,0.0,0.0,0.0,0.0,0.0,0.0,1,1,0
301,1,31,31,58.98507165515441,11.316388739056606,0.0,0.0,0.0,0.0,1,1,0
302,1,31,32,71.01831008374826,11.809529661890119,0.0,0.0,0.0,0.0,1,1,0
303,1,31,31,122.10003243994619,23.929114175173826,0.0,0.0,0.0,0.0,1,1,0
304,1,31,31,65.85118218056839,12.954185604114784,0.0,0.0,0.0,0.0,1,1,0
305,1,31,31,55.362881625831555,12.605705631307606,0.0,0.0,0.0,0.0,1,1,0
306,1,31,32,114.9485675416846,22.603345556203838,0.0,0.0,0.0,0.0,1,1,0
307,1,31,32,89.68047421445372,15.897838020905619,0.0,0.0,0.0,0.0,1,1,0
308,1,31,32,142.77742211222326,19.98837305024732,0.0,0.0,0.0,0.0,1,1,0
309,1,31,33,132.18457720095407,29.486222982314786,0.0,0.0,0.0,0.0,1,1,0
310,1,31,33,164.20248196721565,29.713796426592396,0.0,0.0,0.0,0.0,1,1,0
311,1,31,33,0.0,0.0,0.0,0.0,0.0,0.0,1,1,0
312,1,31,33,0.0,0.0,0.0,0.0,0.0,0.0,1,1,0
313,1,32,34,148.9653545594376,40.69133647365504,0.0,0.0,0.0,0.0,1,1,0
314,1,32,36,133.46358580209633,20.718966365736723,0.0,0.0,0.0,0.0,1,1,0
315,1,32,36,165.59855162506335,55.93056519935131,0.0,0.0,0.0,0.0,1,1,0
