% From Raw File 
%% RTS 96 System Bus Data %% 
all_busdata96 = [ 
101,138,2,1,1,1,1.00,0.00,1.1,0.9,1.1,0.9
102,138,2,1,1,1,1.00,0.00,1.1,0.9,1.1,0.9
103,138,1,1,1,1,1.00,0.00,1.1,0.9,1.1,0.9
104,138,1,1,1,1,1.00,0.00,1.1,0.9,1.1,0.9
105,138,1,1,1,1,1.00,0.00,1.1,0.9,1.1,0.9
106,138,1,1,1,1,1.00,0.00,1.1,0.9,1.1,0.9
107,138,2,1,1,1,1.00,0.00,1.1,0.9,1.1,0.9
108,138,1,1,1,1,1.00,0.00,1.1,0.9,1.1,0.9
109,138,1,1,1,1,1.00,0.00,1.1,0.9,1.1,0.9
110,138,1,1,1,1,1.00,0.00,1.1,0.9,1.1,0.9
111,230,1,1,1,1,1.00,0.00,1.1,0.9,1.1,0.9
112,230,1,1,1,1,1.00,0.00,1.1,0.9,1.1,0.9
113,230,3,1,1,1,1.00,0.00,1.1,0.9,1.1,0.9
114,230,2,1,1,1,1.00,0.00,1.1,0.9,1.1,0.9
115,230,2,1,1,1,1.00,0.00,1.1,0.9,1.1,0.9
116,230,2,1,1,1,1.00,0.00,1.1,0.9,1.1,0.9
117,230,1,1,1,1,1.00,0.00,1.1,0.9,1.1,0.9
118,230,2,1,1,1,1.00,0.00,1.1,0.9,1.1,0.9
119,230,1,1,1,1,1.00,0.00,1.1,0.9,1.1,0.9
120,230,1,1,1,1,1.00,0.00,1.1,0.9,1.1,0.9
121,230,2,1,1,1,1.00,0.00,1.1,0.9,1.1,0.9
122,230,2,1,1,1,1.00,0.00,1.1,0.9,1.1,0.9
123,230,2,1,1,1,1.00,0.00,1.1,0.9,1.1,0.9
124,230,1,1,1,1,1.00,0.00,1.1,0.9,1.1,0.9
201,138,2,1,1,1,1.00,0.00,1.1,0.9,1.1,0.9
202,138,2,1,1,1,1.00,0.00,1.1,0.9,1.1,0.9
203,138,1,1,1,1,1.00,0.00,1.1,0.9,1.1,0.9
204,138,1,1,1,1,1.00,0.00,1.1,0.9,1.1,0.9
205,138,1,1,1,1,1.00,0.00,1.1,0.9,1.1,0.9
206,138,1,1,1,1,1.00,0.00,1.1,0.9,1.1,0.9
207,138,2,1,1,1,1.00,0.00,1.1,0.9,1.1,0.9
208,138,1,1,1,1,1.00,0.00,1.1,0.9,1.1,0.9
209,138,1,1,1,1,1.00,0.00,1.1,0.9,1.1,0.9
210,138,1,1,1,1,1.00,0.00,1.1,0.9,1.1,0.9
211,230,1,1,1,1,1.00,0.00,1.1,0.9,1.1,0.9
212,230,1,1,1,1,1.00,0.00,1.1,0.9,1.1,0.9
213,230,2,1,1,1,1.00,0.00,1.1,0.9,1.1,0.9
214,230,2,1,1,1,1.00,0.00,1.1,0.9,1.1,0.9
215,230,2,1,1,1,1.00,0.00,1.1,0.9,1.1,0.9
216,230,2,1,1,1,1.00,0.00,1.1,0.9,1.1,0.9
217,230,1,1,1,1,1.00,0.00,1.1,0.9,1.1,0.9
218,230,2,1,1,1,1.00,0.00,1.1,0.9,1.1,0.9
219,230,1,1,1,1,1.00,0.00,1.1,0.9,1.1,0.9
220,230,1,1,1,1,1.00,0.00,1.1,0.9,1.1,0.9
221,230,2,1,1,1,1.00,0.00,1.1,0.9,1.1,0.9
222,230,2,1,1,1,1.00,0.00,1.1,0.9,1.1,0.9
223,230,2,1,1,1,1.00,0.00,1.1,0.9,1.1,0.9
224,230,1,1,1,1,1.00,0.00,1.1,0.9,1.1,0.9
301,138,2,1,1,1,1.00,0.00,1.1,0.9,1.1,0.9
302,138,2,1,1,1,1.00,0.00,1.1,0.9,1.1,0.9
303,138,1,1,1,1,1.00,0.00,1.1,0.9,1.1,0.9
304,138,1,1,1,1,1.00,0.00,1.1,0.9,1.1,0.9
305,138,1,1,1,1,1.00,0.00,1.1,0.9,1.1,0.9
306,138,1,1,1,1,1.00,0.00,1.1,0.9,1.1,0.9
307,138,2,1,1,1,1.00,0.00,1.1,0.9,1.1,0.9
308,138,1,1,1,1,1.00,0.00,1.1,0.9,1.1,0.9
309,138,1,1,1,1,1.00,0.00,1.1,0.9,1.1,0.9
310,138,1,1,1,1,1.00,0.00,1.1,0.9,1.1,0.9
311,230,1,1,1,1,1.00,0.00,1.1,0.9,1.1,0.9
312,230,1,1,1,1,1.00,0.00,1.1,0.9,1.1,0.9
313,230,2,1,1,1,1.00,0.00,1.1,0.9,1.1,0.9
314,230,2,1,1,1,1.00,0.00,1.1,0.9,1.1,0.9
315,230,2,1,1,1,1.00,0.00,1.1,0.9,1.1,0.9
316,230,2,1,1,1,1.00,0.00,1.1,0.9,1.1,0.9
317,230,1,1,1,1,1.00,0.00,1.1,0.9,1.1,0.9
318,230,2,1,1,1,1.00,0.00,1.1,0.9,1.1,0.9
319,230,1,1,1,1,1.00,0.00,1.1,0.9,1.1,0.9
320,230,1,1,1,1,1.00,0.00,1.1,0.9,1.1,0.9
321,230,2,1,1,1,1.00,0.00,1.1,0.9,1.1,0.9
322,230,2,1,1,1,1.00,0.00,1.1,0.9,1.1,0.9
323,230,2,1,1,1,1.00,0.00,1.1,0.9,1.1,0.9
324,230,1,1,1,1,1.00,0.00,1.1,0.9,1.1,0.9
325,230,1,1,1,1,1.00,0.00,1.1,0.9,1.1,0.9
]; 
all_busName96 = [   ' 101 ';  ' 102 ';  ' 103 ';  ' 104 ';  ' 105 ';  ' 106 ';  ' 107 ';  ' 108 ';  ' 109 ';  ' 110 ';  ' 111 ';  ' 112 ';  ' 113 ';  ' 114 ';  ' 115 ';  ' 116 ';  ' 117 ';  ' 118 ';  ' 119 ';  ' 120 ';  ' 121 ';  ' 122 ';  ' 123 ';  ' 124 ';  ' 201 ';  ' 202 ';  ' 203 ';  ' 204 ';  ' 205 ';  ' 206 ';  ' 207 ';  ' 208 ';  ' 209 ';  ' 210 ';  ' 211 ';  ' 212 ';  ' 213 ';  ' 214 ';  ' 215 ';  ' 216 ';  ' 217 ';  ' 218 ';  ' 219 ';  ' 220 ';  ' 221 ';  ' 222 ';  ' 223 ';  ' 224 ';  ' 301 ';  ' 302 ';  ' 303 ';  ' 304 ';  ' 305 ';  ' 306 ';  ' 307 ';  ' 308 ';  ' 309 ';  ' 310 ';  ' 311 ';  ' 312 ';  ' 313 ';  ' 314 ';  ' 315 ';  ' 316 ';  ' 317 ';  ' 318 ';  ' 319 ';  ' 320 ';  ' 321 ';  ' 322 ';  ' 323 ';  ' 324 ';  ' 325 '; ];
%% RTS 96 System Load Data %% 
all_loaddata96 = [ 
101,1,11,11,56.39170346049349,13.641393055629173,0.0,0.0,0.0,0.0,1,1,0
102,1,11,12,58.4307179005018,16.98498478872981,0.0,0.0,0.0,0.0,1,1,0
103,1,11,11,89.4074269009223,18.751872666349353,0.0,0.0,0.0,0.0,1,1,0
104,1,11,11,45.97469888638872,13.293536833556368,0.0,0.0,0.0,0.0,1,1,0
105,1,11,11,41.93306885822453,6.985499033064767,0.0,0.0,0.0,0.0,1,1,0
106,1,11,12,94.09338916338086,22.26561116183549,0.0,0.0,0.0,0.0,1,1,0
107,1,11,12,105.47710634334362,17.53903466523159,0.0,0.0,0.0,0.0,1,1,0
108,1,11,12,125.50267956813877,29.689072470867075,0.0,0.0,0.0,0.0,1,1,0
109,1,11,13,142.89052956256202,22.68830640757084,0.0,0.0,0.0,0.0,1,1,0
110,1,11,13,127.9830995651381,30.050054892238226,0.0,0.0,0.0,0.0,1,1,0
111,1,11,13,0.0,0.0,0.0,0.0,0.0,0.0,1,1,0
112,1,11,13,0.0,0.0,0.0,0.0,0.0,0.0,1,1,0
113,1,12,14,178.94851050642927,34.514308047958735,0.0,0.0,0.0,0.0,1,1,0
114,1,12,16,170.177403279397,23.677662731633568,0.0,0.0,0.0,0.0,1,1,0
115,1,12,16,157.93405800533296,35.7743706982702,0.0,0.0,0.0,0.0,1,1,0
116,1,12,16,62.10335758580826,11.83254718142934,0.0,0.0,0.0,0.0,1,1,0
117,1,12,17,0.0,0.0,0.0,0.0,0.0,0.0,1,1,0
118,1,12,17,168.4675454963861,48.6667295134563,0.0,0.0,0.0,0.0,1,1,0
119,1,12,15,142.1803453214051,32.36866765012122,0.0,0.0,0.0,0.0,1,1,0
120,1,12,15,90.16137537961005,20.78063947836533,0.0,0.0,0.0,0.0,1,1,0
121,1,12,17,0.0,0.0,0.0,0.0,0.0,0.0,1,1,0
122,1,12,17,0.0,0.0,0.0,0.0,0.0,0.0,1,1,0
123,1,12,15,0.0,0.0,0.0,0.0,0.0,0.0,1,1,0
124,1,12,16,0.0,0.0,0.0,0.0,0.0,0.0,1,1,0
201,1,21,21,86.2396204762688,12.26632520157639,0.0,0.0,0.0,0.0,1,1,0
202,1,21,22,56.66696310286908,17.880204114465975,0.0,0.0,0.0,0.0,1,1,0
203,1,21,21,159.88091166468524,18.6824025874292,0.0,0.0,0.0,0.0,1,1,0
204,1,21,21,56.425073961252714,10.790331434609367,0.0,0.0,0.0,0.0,1,1,0
205,1,21,21,49.28203507254432,11.192316388001293,0.0,0.0,0.0,0.0,1,1,0
206,1,21,22,78.13303359538168,16.78358908926118,0.0,0.0,0.0,0.0,1,1,0
207,1,21,22,65.30384746172349,15.80651655109017,0.0,0.0,0.0,0.0,1,1,0
208,1,21,22,129.20671843136168,28.91849782418646,0.0,0.0,0.0,0.0,1,1,0
209,1,21,23,135.21783410833567,31.852495416540098,0.0,0.0,0.0,0.0,1,1,0
210,1,21,23,124.85612386195943,34.127399041799826,0.0,0.0,0.0,0.0,1,1,0
211,1,21,23,0.0,0.0,0.0,0.0,0.0,0.0,1,1,0
212,1,21,23,0.0,0.0,0.0,0.0,0.0,0.0,1,1,0
213,1,22,24,171.7811516706152,27.91311040351549,0.0,0.0,0.0,0.0,1,1,0
214,1,22,26,160.49790075041503,31.873900598069795,0.0,0.0,0.0,0.0,1,1,0
215,1,22,26,171.65404553572486,37.86283912826478,0.0,0.0,0.0,0.0,1,1,0
216,1,22,26,54.51135642275679,11.396595551183447,0.0,0.0,0.0,0.0,1,1,0
217,1,22,27,0.0,0.0,0.0,0.0,0.0,0.0,1,1,0
218,1,22,27,179.84754591962994,39.179441694207675,0.0,0.0,0.0,0.0,1,1,0
219,1,22,25,126.6350460972366,24.15991067624227,0.0,0.0,0.0,0.0,1,1,0
220,1,22,25,66.3907811700046,23.23841713468339,0.0,0.0,0.0,0.0,1,1,0
221,1,22,27,0.0,0.0,0.0,0.0,0.0,0.0,1,1,0
222,1,22,27,0.0,0.0,0.0,0.0,0.0,0.0,1,1,0
223,1,22,25,0.0,0.0,0.0,0.0,0.0,0.0,1,1,0
224,1,22,26,0.0,0.0,0.0,0.0,0.0,0.0,1,1,0
301,1,31,31,93.58014358628131,15.029122362183408,0.0,0.0,0.0,0.0,1,1,0
302,1,31,32,80.32921367734889,15.311752118001692,0.0,0.0,0.0,0.0,1,1,0
303,1,31,31,118.61959775607102,31.452405191239855,0.0,0.0,0.0,0.0,1,1,0
304,1,31,31,42.146113440644925,11.636694679757813,0.0,0.0,0.0,0.0,1,1,0
305,1,31,31,47.89396787843183,11.734273768462614,0.0,0.0,0.0,0.0,1,1,0
306,1,31,32,70.96341225923896,21.679671541325188,0.0,0.0,0.0,0.0,1,1,0
307,1,31,32,92.14941411092877,18.084336564122932,0.0,0.0,0.0,0.0,1,1,0
308,1,31,32,121.48150292327344,17.13812082689465,0.0,0.0,0.0,0.0,1,1,0
309,1,31,33,111.48698139268673,20.514694815382917,0.0,0.0,0.0,0.0,1,1,0
310,1,31,33,138.21042227405263,24.149139880349857,0.0,0.0,0.0,0.0,1,1,0
311,1,31,33,0.0,0.0,0.0,0.0,0.0,0.0,1,1,0
312,1,31,33,0.0,0.0,0.0,0.0,0.0,0.0,1,1,0
313,1,32,34,157.44172165378416,30.838137518515435,0.0,0.0,0.0,0.0,1,1,0
314,1,32,36,152.10293986044715,23.902624209559942,0.0,0.0,0.0,0.0,1,1,0
315,1,32,36,262.6339851711191,33.347707221311325,0.0,0.0,0.0,0.0,1,1,0
