% From Raw File 
%% RTS 96 System Bus Data %% 
all_busdata96 = [ 
101,138,2,1,1,1,1.00,0.00,1.1,0.9,1.1,0.9
102,138,2,1,1,1,1.00,0.00,1.1,0.9,1.1,0.9
103,138,1,1,1,1,1.00,0.00,1.1,0.9,1.1,0.9
104,138,1,1,1,1,1.00,0.00,1.1,0.9,1.1,0.9
105,138,1,1,1,1,1.00,0.00,1.1,0.9,1.1,0.9
106,138,1,1,1,1,1.00,0.00,1.1,0.9,1.1,0.9
107,138,2,1,1,1,1.00,0.00,1.1,0.9,1.1,0.9
108,138,1,1,1,1,1.00,0.00,1.1,0.9,1.1,0.9
109,138,1,1,1,1,1.00,0.00,1.1,0.9,1.1,0.9
110,138,1,1,1,1,1.00,0.00,1.1,0.9,1.1,0.9
111,230,1,1,1,1,1.00,0.00,1.1,0.9,1.1,0.9
112,230,1,1,1,1,1.00,0.00,1.1,0.9,1.1,0.9
113,230,3,1,1,1,1.00,0.00,1.1,0.9,1.1,0.9
114,230,2,1,1,1,1.00,0.00,1.1,0.9,1.1,0.9
115,230,2,1,1,1,1.00,0.00,1.1,0.9,1.1,0.9
116,230,2,1,1,1,1.00,0.00,1.1,0.9,1.1,0.9
117,230,1,1,1,1,1.00,0.00,1.1,0.9,1.1,0.9
118,230,2,1,1,1,1.00,0.00,1.1,0.9,1.1,0.9
119,230,1,1,1,1,1.00,0.00,1.1,0.9,1.1,0.9
120,230,1,1,1,1,1.00,0.00,1.1,0.9,1.1,0.9
121,230,2,1,1,1,1.00,0.00,1.1,0.9,1.1,0.9
122,230,2,1,1,1,1.00,0.00,1.1,0.9,1.1,0.9
123,230,2,1,1,1,1.00,0.00,1.1,0.9,1.1,0.9
124,230,1,1,1,1,1.00,0.00,1.1,0.9,1.1,0.9
201,138,2,1,1,1,1.00,0.00,1.1,0.9,1.1,0.9
202,138,2,1,1,1,1.00,0.00,1.1,0.9,1.1,0.9
203,138,1,1,1,1,1.00,0.00,1.1,0.9,1.1,0.9
204,138,1,1,1,1,1.00,0.00,1.1,0.9,1.1,0.9
205,138,1,1,1,1,1.00,0.00,1.1,0.9,1.1,0.9
206,138,1,1,1,1,1.00,0.00,1.1,0.9,1.1,0.9
207,138,2,1,1,1,1.00,0.00,1.1,0.9,1.1,0.9
208,138,1,1,1,1,1.00,0.00,1.1,0.9,1.1,0.9
209,138,1,1,1,1,1.00,0.00,1.1,0.9,1.1,0.9
210,138,1,1,1,1,1.00,0.00,1.1,0.9,1.1,0.9
211,230,1,1,1,1,1.00,0.00,1.1,0.9,1.1,0.9
212,230,1,1,1,1,1.00,0.00,1.1,0.9,1.1,0.9
213,230,2,1,1,1,1.00,0.00,1.1,0.9,1.1,0.9
214,230,2,1,1,1,1.00,0.00,1.1,0.9,1.1,0.9
215,230,2,1,1,1,1.00,0.00,1.1,0.9,1.1,0.9
216,230,2,1,1,1,1.00,0.00,1.1,0.9,1.1,0.9
217,230,1,1,1,1,1.00,0.00,1.1,0.9,1.1,0.9
218,230,2,1,1,1,1.00,0.00,1.1,0.9,1.1,0.9
219,230,1,1,1,1,1.00,0.00,1.1,0.9,1.1,0.9
220,230,1,1,1,1,1.00,0.00,1.1,0.9,1.1,0.9
221,230,2,1,1,1,1.00,0.00,1.1,0.9,1.1,0.9
222,230,2,1,1,1,1.00,0.00,1.1,0.9,1.1,0.9
223,230,2,1,1,1,1.00,0.00,1.1,0.9,1.1,0.9
224,230,1,1,1,1,1.00,0.00,1.1,0.9,1.1,0.9
301,138,2,1,1,1,1.00,0.00,1.1,0.9,1.1,0.9
302,138,2,1,1,1,1.00,0.00,1.1,0.9,1.1,0.9
303,138,1,1,1,1,1.00,0.00,1.1,0.9,1.1,0.9
304,138,1,1,1,1,1.00,0.00,1.1,0.9,1.1,0.9
305,138,1,1,1,1,1.00,0.00,1.1,0.9,1.1,0.9
306,138,1,1,1,1,1.00,0.00,1.1,0.9,1.1,0.9
307,138,2,1,1,1,1.00,0.00,1.1,0.9,1.1,0.9
308,138,1,1,1,1,1.00,0.00,1.1,0.9,1.1,0.9
309,138,1,1,1,1,1.00,0.00,1.1,0.9,1.1,0.9
310,138,1,1,1,1,1.00,0.00,1.1,0.9,1.1,0.9
311,230,1,1,1,1,1.00,0.00,1.1,0.9,1.1,0.9
312,230,1,1,1,1,1.00,0.00,1.1,0.9,1.1,0.9
313,230,2,1,1,1,1.00,0.00,1.1,0.9,1.1,0.9
314,230,2,1,1,1,1.00,0.00,1.1,0.9,1.1,0.9
315,230,2,1,1,1,1.00,0.00,1.1,0.9,1.1,0.9
316,230,2,1,1,1,1.00,0.00,1.1,0.9,1.1,0.9
317,230,1,1,1,1,1.00,0.00,1.1,0.9,1.1,0.9
318,230,2,1,1,1,1.00,0.00,1.1,0.9,1.1,0.9
319,230,1,1,1,1,1.00,0.00,1.1,0.9,1.1,0.9
320,230,1,1,1,1,1.00,0.00,1.1,0.9,1.1,0.9
321,230,2,1,1,1,1.00,0.00,1.1,0.9,1.1,0.9
322,230,2,1,1,1,1.00,0.00,1.1,0.9,1.1,0.9
323,230,2,1,1,1,1.00,0.00,1.1,0.9,1.1,0.9
324,230,1,1,1,1,1.00,0.00,1.1,0.9,1.1,0.9
325,230,1,1,1,1,1.00,0.00,1.1,0.9,1.1,0.9
]; 
all_busName96 = [   ' 101 ';  ' 102 ';  ' 103 ';  ' 104 ';  ' 105 ';  ' 106 ';  ' 107 ';  ' 108 ';  ' 109 ';  ' 110 ';  ' 111 ';  ' 112 ';  ' 113 ';  ' 114 ';  ' 115 ';  ' 116 ';  ' 117 ';  ' 118 ';  ' 119 ';  ' 120 ';  ' 121 ';  ' 122 ';  ' 123 ';  ' 124 ';  ' 201 ';  ' 202 ';  ' 203 ';  ' 204 ';  ' 205 ';  ' 206 ';  ' 207 ';  ' 208 ';  ' 209 ';  ' 210 ';  ' 211 ';  ' 212 ';  ' 213 ';  ' 214 ';  ' 215 ';  ' 216 ';  ' 217 ';  ' 218 ';  ' 219 ';  ' 220 ';  ' 221 ';  ' 222 ';  ' 223 ';  ' 224 ';  ' 301 ';  ' 302 ';  ' 303 ';  ' 304 ';  ' 305 ';  ' 306 ';  ' 307 ';  ' 308 ';  ' 309 ';  ' 310 ';  ' 311 ';  ' 312 ';  ' 313 ';  ' 314 ';  ' 315 ';  ' 316 ';  ' 317 ';  ' 318 ';  ' 319 ';  ' 320 ';  ' 321 ';  ' 322 ';  ' 323 ';  ' 324 ';  ' 325 '; ];
%% RTS 96 System Load Data %% 
all_loaddata96 = [ 
101,1,11,11,86.50368137206658,14.97776889952831,0.0,0.0,0.0,0.0,1,1,0
102,1,11,12,49.36029034912172,10.394680476645938,0.0,0.0,0.0,0.0,1,1,0
103,1,11,11,111.99188857920561,24.16615195330884,0.0,0.0,0.0,0.0,1,1,0
104,1,11,11,53.29081303643854,9.438624128704424,0.0,0.0,0.0,0.0,1,1,0
105,1,11,11,42.856171420338754,7.191064571584481,0.0,0.0,0.0,0.0,1,1,0
106,1,11,12,96.9307892037224,23.39374408110101,0.0,0.0,0.0,0.0,1,1,0
107,1,11,12,90.6783411852317,20.95759518198087,0.0,0.0,0.0,0.0,1,1,0
108,1,11,12,141.2224452768283,30.33291001192038,0.0,0.0,0.0,0.0,1,1,0
109,1,11,13,114.3841257145093,23.38275789203681,0.0,0.0,0.0,0.0,1,1,0
110,1,11,13,132.51858504733443,21.246765397522598,0.0,0.0,0.0,0.0,1,1,0
111,1,11,13,0.0,0.0,0.0,0.0,0.0,0.0,1,1,0
112,1,11,13,0.0,0.0,0.0,0.0,0.0,0.0,1,1,0
113,1,12,14,175.28756568257862,30.340527333043696,0.0,0.0,0.0,0.0,1,1,0
114,1,12,16,173.82072888786544,33.89047253330202,0.0,0.0,0.0,0.0,1,1,0
115,1,12,16,245.93286735367084,41.70556387208998,0.0,0.0,0.0,0.0,1,1,0
116,1,12,16,73.76437488087917,17.445931233110837,0.0,0.0,0.0,0.0,1,1,0
117,1,12,17,0.0,0.0,0.0,0.0,0.0,0.0,1,1,0
118,1,12,17,197.56192109338184,45.068985266120734,0.0,0.0,0.0,0.0,1,1,0
119,1,12,15,143.74339431327653,23.81294847799446,0.0,0.0,0.0,0.0,1,1,0
120,1,12,15,99.22791992209554,15.365285114942305,0.0,0.0,0.0,0.0,1,1,0
121,1,12,17,0.0,0.0,0.0,0.0,0.0,0.0,1,1,0
122,1,12,17,0.0,0.0,0.0,0.0,0.0,0.0,1,1,0
123,1,12,15,0.0,0.0,0.0,0.0,0.0,0.0,1,1,0
124,1,12,16,0.0,0.0,0.0,0.0,0.0,0.0,1,1,0
201,1,21,21,89.27203501755203,14.229665670352523,0.0,0.0,0.0,0.0,1,1,0
202,1,21,22,63.364659039638106,14.431848572247661,0.0,0.0,0.0,0.0,1,1,0
203,1,21,21,131.6618447119659,24.381430268093848,0.0,0.0,0.0,0.0,1,1,0
204,1,21,21,45.1109612774821,12.013019738090922,0.0,0.0,0.0,0.0,1,1,0
205,1,21,21,51.984245478983084,11.273658692388329,0.0,0.0,0.0,0.0,1,1,0
206,1,21,22,83.66303343972267,21.004222117882783,0.0,0.0,0.0,0.0,1,1,0
207,1,21,22,89.7259849117021,14.55004553278908,0.0,0.0,0.0,0.0,1,1,0
208,1,21,22,132.3285518217566,30.78890548606636,0.0,0.0,0.0,0.0,1,1,0
209,1,21,23,144.4435748465499,17.73237968648225,0.0,0.0,0.0,0.0,1,1,0
210,1,21,23,129.25964796411546,21.39378260456957,0.0,0.0,0.0,0.0,1,1,0
211,1,21,23,0.0,0.0,0.0,0.0,0.0,0.0,1,1,0
212,1,21,23,0.0,0.0,0.0,0.0,0.0,0.0,1,1,0
213,1,22,24,223.37683377242513,45.3021621269172,0.0,0.0,0.0,0.0,1,1,0
214,1,22,26,103.1417986627604,20.918348483078276,0.0,0.0,0.0,0.0,1,1,0
215,1,22,26,249.59410017934906,54.550834723958374,0.0,0.0,0.0,0.0,1,1,0
216,1,22,26,56.92435085516888,16.73627604092751,0.0,0.0,0.0,0.0,1,1,0
217,1,22,27,0.0,0.0,0.0,0.0,0.0,0.0,1,1,0
218,1,22,27,248.50018180770883,34.84956055566408,0.0,0.0,0.0,0.0,1,1,0
219,1,22,25,154.49096639772748,26.897919337371594,0.0,0.0,0.0,0.0,1,1,0
220,1,22,25,111.90625953328014,21.46499762550155,0.0,0.0,0.0,0.0,1,1,0
221,1,22,27,0.0,0.0,0.0,0.0,0.0,0.0,1,1,0
222,1,22,27,0.0,0.0,0.0,0.0,0.0,0.0,1,1,0
223,1,22,25,0.0,0.0,0.0,0.0,0.0,0.0,1,1,0
224,1,22,26,0.0,0.0,0.0,0.0,0.0,0.0,1,1,0
301,1,31,31,78.01725190180073,13.703594932478016,0.0,0.0,0.0,0.0,1,1,0
302,1,31,32,81.3322839495056,11.624250282349996,0.0,0.0,0.0,0.0,1,1,0
303,1,31,31,116.45034116639289,23.320030422237327,0.0,0.0,0.0,0.0,1,1,0
304,1,31,31,48.001821405445874,8.773535096943144,0.0,0.0,0.0,0.0,1,1,0
305,1,31,31,58.92001258112169,9.825449228204693,0.0,0.0,0.0,0.0,1,1,0
306,1,31,32,85.99721936187744,16.73574954769928,0.0,0.0,0.0,0.0,1,1,0
307,1,31,32,88.90344283438172,14.541046119472012,0.0,0.0,0.0,0.0,1,1,0
308,1,31,32,110.77054885608656,18.755000852863766,0.0,0.0,0.0,0.0,1,1,0
309,1,31,33,89.22935946626937,27.161386119116287,0.0,0.0,0.0,0.0,1,1,0
310,1,31,33,126.0262879119187,20.1954128212966,0.0,0.0,0.0,0.0,1,1,0
311,1,31,33,0.0,0.0,0.0,0.0,0.0,0.0,1,1,0
312,1,31,33,0.0,0.0,0.0,0.0,0.0,0.0,1,1,0
313,1,32,34,234.17243350188483,38.429697936600355,0.0,0.0,0.0,0.0,1,1,0
314,1,32,36,121.27709141157317,20.732635404958902,0.0,0.0,0.0,0.0,1,1,0
315,1,32,36,262.88682990236543,45.84133629375994,0.0,0.0,0.0,0.0,1,1,0
