% From Raw File 
%% RTS 96 System Bus Data %% 
all_busdata96 = [ 
101,138,2,1,1,1,1.00,0.00,1.1,0.9,1.1,0.9
102,138,2,1,1,1,1.00,0.00,1.1,0.9,1.1,0.9
103,138,1,1,1,1,1.00,0.00,1.1,0.9,1.1,0.9
104,138,1,1,1,1,1.00,0.00,1.1,0.9,1.1,0.9
105,138,1,1,1,1,1.00,0.00,1.1,0.9,1.1,0.9
106,138,1,1,1,1,1.00,0.00,1.1,0.9,1.1,0.9
107,138,2,1,1,1,1.00,0.00,1.1,0.9,1.1,0.9
108,138,1,1,1,1,1.00,0.00,1.1,0.9,1.1,0.9
109,138,1,1,1,1,1.00,0.00,1.1,0.9,1.1,0.9
110,138,1,1,1,1,1.00,0.00,1.1,0.9,1.1,0.9
111,230,1,1,1,1,1.00,0.00,1.1,0.9,1.1,0.9
112,230,1,1,1,1,1.00,0.00,1.1,0.9,1.1,0.9
113,230,3,1,1,1,1.00,0.00,1.1,0.9,1.1,0.9
114,230,2,1,1,1,1.00,0.00,1.1,0.9,1.1,0.9
115,230,2,1,1,1,1.00,0.00,1.1,0.9,1.1,0.9
116,230,2,1,1,1,1.00,0.00,1.1,0.9,1.1,0.9
117,230,1,1,1,1,1.00,0.00,1.1,0.9,1.1,0.9
118,230,2,1,1,1,1.00,0.00,1.1,0.9,1.1,0.9
119,230,1,1,1,1,1.00,0.00,1.1,0.9,1.1,0.9
120,230,1,1,1,1,1.00,0.00,1.1,0.9,1.1,0.9
121,230,2,1,1,1,1.00,0.00,1.1,0.9,1.1,0.9
122,230,2,1,1,1,1.00,0.00,1.1,0.9,1.1,0.9
123,230,2,1,1,1,1.00,0.00,1.1,0.9,1.1,0.9
124,230,1,1,1,1,1.00,0.00,1.1,0.9,1.1,0.9
201,138,2,1,1,1,1.00,0.00,1.1,0.9,1.1,0.9
202,138,2,1,1,1,1.00,0.00,1.1,0.9,1.1,0.9
203,138,1,1,1,1,1.00,0.00,1.1,0.9,1.1,0.9
204,138,1,1,1,1,1.00,0.00,1.1,0.9,1.1,0.9
205,138,1,1,1,1,1.00,0.00,1.1,0.9,1.1,0.9
206,138,1,1,1,1,1.00,0.00,1.1,0.9,1.1,0.9
207,138,2,1,1,1,1.00,0.00,1.1,0.9,1.1,0.9
208,138,1,1,1,1,1.00,0.00,1.1,0.9,1.1,0.9
209,138,1,1,1,1,1.00,0.00,1.1,0.9,1.1,0.9
210,138,1,1,1,1,1.00,0.00,1.1,0.9,1.1,0.9
211,230,1,1,1,1,1.00,0.00,1.1,0.9,1.1,0.9
212,230,1,1,1,1,1.00,0.00,1.1,0.9,1.1,0.9
213,230,2,1,1,1,1.00,0.00,1.1,0.9,1.1,0.9
214,230,2,1,1,1,1.00,0.00,1.1,0.9,1.1,0.9
215,230,2,1,1,1,1.00,0.00,1.1,0.9,1.1,0.9
216,230,2,1,1,1,1.00,0.00,1.1,0.9,1.1,0.9
217,230,1,1,1,1,1.00,0.00,1.1,0.9,1.1,0.9
218,230,2,1,1,1,1.00,0.00,1.1,0.9,1.1,0.9
219,230,1,1,1,1,1.00,0.00,1.1,0.9,1.1,0.9
220,230,1,1,1,1,1.00,0.00,1.1,0.9,1.1,0.9
221,230,2,1,1,1,1.00,0.00,1.1,0.9,1.1,0.9
222,230,2,1,1,1,1.00,0.00,1.1,0.9,1.1,0.9
223,230,2,1,1,1,1.00,0.00,1.1,0.9,1.1,0.9
224,230,1,1,1,1,1.00,0.00,1.1,0.9,1.1,0.9
301,138,2,1,1,1,1.00,0.00,1.1,0.9,1.1,0.9
302,138,2,1,1,1,1.00,0.00,1.1,0.9,1.1,0.9
303,138,1,1,1,1,1.00,0.00,1.1,0.9,1.1,0.9
304,138,1,1,1,1,1.00,0.00,1.1,0.9,1.1,0.9
305,138,1,1,1,1,1.00,0.00,1.1,0.9,1.1,0.9
306,138,1,1,1,1,1.00,0.00,1.1,0.9,1.1,0.9
307,138,2,1,1,1,1.00,0.00,1.1,0.9,1.1,0.9
308,138,1,1,1,1,1.00,0.00,1.1,0.9,1.1,0.9
309,138,1,1,1,1,1.00,0.00,1.1,0.9,1.1,0.9
310,138,1,1,1,1,1.00,0.00,1.1,0.9,1.1,0.9
311,230,1,1,1,1,1.00,0.00,1.1,0.9,1.1,0.9
312,230,1,1,1,1,1.00,0.00,1.1,0.9,1.1,0.9
313,230,2,1,1,1,1.00,0.00,1.1,0.9,1.1,0.9
314,230,2,1,1,1,1.00,0.00,1.1,0.9,1.1,0.9
315,230,2,1,1,1,1.00,0.00,1.1,0.9,1.1,0.9
316,230,2,1,1,1,1.00,0.00,1.1,0.9,1.1,0.9
317,230,1,1,1,1,1.00,0.00,1.1,0.9,1.1,0.9
318,230,2,1,1,1,1.00,0.00,1.1,0.9,1.1,0.9
319,230,1,1,1,1,1.00,0.00,1.1,0.9,1.1,0.9
320,230,1,1,1,1,1.00,0.00,1.1,0.9,1.1,0.9
321,230,2,1,1,1,1.00,0.00,1.1,0.9,1.1,0.9
322,230,2,1,1,1,1.00,0.00,1.1,0.9,1.1,0.9
323,230,2,1,1,1,1.00,0.00,1.1,0.9,1.1,0.9
324,230,1,1,1,1,1.00,0.00,1.1,0.9,1.1,0.9
325,230,1,1,1,1,1.00,0.00,1.1,0.9,1.1,0.9
]; 
all_busName96 = [   ' 101 ';  ' 102 ';  ' 103 ';  ' 104 ';  ' 105 ';  ' 106 ';  ' 107 ';  ' 108 ';  ' 109 ';  ' 110 ';  ' 111 ';  ' 112 ';  ' 113 ';  ' 114 ';  ' 115 ';  ' 116 ';  ' 117 ';  ' 118 ';  ' 119 ';  ' 120 ';  ' 121 ';  ' 122 ';  ' 123 ';  ' 124 ';  ' 201 ';  ' 202 ';  ' 203 ';  ' 204 ';  ' 205 ';  ' 206 ';  ' 207 ';  ' 208 ';  ' 209 ';  ' 210 ';  ' 211 ';  ' 212 ';  ' 213 ';  ' 214 ';  ' 215 ';  ' 216 ';  ' 217 ';  ' 218 ';  ' 219 ';  ' 220 ';  ' 221 ';  ' 222 ';  ' 223 ';  ' 224 ';  ' 301 ';  ' 302 ';  ' 303 ';  ' 304 ';  ' 305 ';  ' 306 ';  ' 307 ';  ' 308 ';  ' 309 ';  ' 310 ';  ' 311 ';  ' 312 ';  ' 313 ';  ' 314 ';  ' 315 ';  ' 316 ';  ' 317 ';  ' 318 ';  ' 319 ';  ' 320 ';  ' 321 ';  ' 322 ';  ' 323 ';  ' 324 ';  ' 325 '; ];
%% RTS 96 System Load Data %% 
all_loaddata96 = [ 
101,1,11,11,75.62935713446383,18.32710394869661,0.0,0.0,0.0,0.0,1,1,0
102,1,11,12,71.99569134604062,15.178420610862783,0.0,0.0,0.0,0.0,1,1,0
103,1,11,11,87.62465930573455,26.07554834219129,0.0,0.0,0.0,0.0,1,1,0
104,1,11,11,56.26288695492194,11.369150572278304,0.0,0.0,0.0,0.0,1,1,0
105,1,11,11,54.996116245812466,11.826160540640819,0.0,0.0,0.0,0.0,1,1,0
106,1,11,12,73.40309098830409,23.40036581632197,0.0,0.0,0.0,0.0,1,1,0
107,1,11,12,86.91384555943078,19.34795232725912,0.0,0.0,0.0,0.0,1,1,0
108,1,11,12,151.55689089208946,21.179766753745497,0.0,0.0,0.0,0.0,1,1,0
109,1,11,13,115.70236216329388,27.91975478611663,0.0,0.0,0.0,0.0,1,1,0
110,1,11,13,121.7958834647478,26.767664642482995,0.0,0.0,0.0,0.0,1,1,0
111,1,11,13,0.0,0.0,0.0,0.0,0.0,0.0,1,1,0
112,1,11,13,0.0,0.0,0.0,0.0,0.0,0.0,1,1,0
113,1,12,14,235.31989997468915,47.59906362296026,0.0,0.0,0.0,0.0,1,1,0
114,1,12,16,160.56341202179846,22.860150469638317,0.0,0.0,0.0,0.0,1,1,0
115,1,12,16,237.44927350300233,52.69553306795954,0.0,0.0,0.0,0.0,1,1,0
116,1,12,16,74.96748805954121,14.63343672781717,0.0,0.0,0.0,0.0,1,1,0
117,1,12,17,0.0,0.0,0.0,0.0,0.0,0.0,1,1,0
118,1,12,17,182.000639082963,49.776253132689,0.0,0.0,0.0,0.0,1,1,0
119,1,12,15,140.73924030022576,25.73358337946897,0.0,0.0,0.0,0.0,1,1,0
120,1,12,15,91.17026137418746,16.161587169626912,0.0,0.0,0.0,0.0,1,1,0
121,1,12,17,0.0,0.0,0.0,0.0,0.0,0.0,1,1,0
122,1,12,17,0.0,0.0,0.0,0.0,0.0,0.0,1,1,0
123,1,12,15,0.0,0.0,0.0,0.0,0.0,0.0,1,1,0
124,1,12,16,0.0,0.0,0.0,0.0,0.0,0.0,1,1,0
201,1,21,21,68.60429989254231,17.688376447227785,0.0,0.0,0.0,0.0,1,1,0
202,1,21,22,74.79422550883648,10.95613497463893,0.0,0.0,0.0,0.0,1,1,0
203,1,21,21,92.54827431033644,20.900939167425502,0.0,0.0,0.0,0.0,1,1,0
204,1,21,21,54.049512457964006,10.896041385259943,0.0,0.0,0.0,0.0,1,1,0
205,1,21,21,58.48400082777101,9.764702226013318,0.0,0.0,0.0,0.0,1,1,0
206,1,21,22,105.8336989659179,14.51347499163039,0.0,0.0,0.0,0.0,1,1,0
207,1,21,22,69.78620444271947,18.400540076808536,0.0,0.0,0.0,0.0,1,1,0
208,1,21,22,118.80290985814432,18.98807332744519,0.0,0.0,0.0,0.0,1,1,0
209,1,21,23,117.38313596706489,19.630292290988937,0.0,0.0,0.0,0.0,1,1,0
210,1,21,23,129.76792908466163,25.86009017535299,0.0,0.0,0.0,0.0,1,1,0
211,1,21,23,0.0,0.0,0.0,0.0,0.0,0.0,1,1,0
212,1,21,23,0.0,0.0,0.0,0.0,0.0,0.0,1,1,0
213,1,22,24,201.3692111238877,30.467622608420342,0.0,0.0,0.0,0.0,1,1,0
214,1,22,26,168.56426641295403,25.117026333333182,0.0,0.0,0.0,0.0,1,1,0
215,1,22,26,246.77660692721366,39.37134709433913,0.0,0.0,0.0,0.0,1,1,0
216,1,22,26,70.33362031669357,12.039493323351255,0.0,0.0,0.0,0.0,1,1,0
217,1,22,27,0.0,0.0,0.0,0.0,0.0,0.0,1,1,0
218,1,22,27,206.80291712562587,49.92539723208211,0.0,0.0,0.0,0.0,1,1,0
219,1,22,25,149.17819697138827,25.39852673861221,0.0,0.0,0.0,0.0,1,1,0
220,1,22,25,107.33192056408524,16.39859511933038,0.0,0.0,0.0,0.0,1,1,0
221,1,22,27,0.0,0.0,0.0,0.0,0.0,0.0,1,1,0
222,1,22,27,0.0,0.0,0.0,0.0,0.0,0.0,1,1,0
223,1,22,25,0.0,0.0,0.0,0.0,0.0,0.0,1,1,0
224,1,22,26,0.0,0.0,0.0,0.0,0.0,0.0,1,1,0
301,1,31,31,54.48139985038395,14.306752795001026,0.0,0.0,0.0,0.0,1,1,0
302,1,31,32,58.877138189441155,10.75299088265374,0.0,0.0,0.0,0.0,1,1,0
303,1,31,31,124.57373900032975,23.785427790900922,0.0,0.0,0.0,0.0,1,1,0
304,1,31,31,38.73459660116387,12.067327216495062,0.0,0.0,0.0,0.0,1,1,0
305,1,31,31,53.724163024417635,12.355083629180118,0.0,0.0,0.0,0.0,1,1,0
306,1,31,32,103.2591250294447,23.269241251044722,0.0,0.0,0.0,0.0,1,1,0
307,1,31,32,81.43107297385578,13.089571173246949,0.0,0.0,0.0,0.0,1,1,0
308,1,31,32,91.37020669935391,27.20194367778953,0.0,0.0,0.0,0.0,1,1,0
309,1,31,33,117.7250823136163,20.671803625874965,0.0,0.0,0.0,0.0,1,1,0
310,1,31,33,151.4010682491786,28.686637592352927,0.0,0.0,0.0,0.0,1,1,0
311,1,31,33,0.0,0.0,0.0,0.0,0.0,0.0,1,1,0
312,1,31,33,0.0,0.0,0.0,0.0,0.0,0.0,1,1,0
313,1,32,34,157.50173131062368,28.200408170076734,0.0,0.0,0.0,0.0,1,1,0
314,1,32,36,166.32194607453877,22.11821216503135,0.0,0.0,0.0,0.0,1,1,0
315,1,32,36,219.36824376827795,43.93078482430279,0.0,0.0,0.0,0.0,1,1,0
