% From Raw File 
%% RTS 96 System Bus Data %% 
all_busdata96 = [ 
101,138,2,1,1,1,1.00,0.00,1.1,0.9,1.1,0.9
102,138,2,1,1,1,1.00,0.00,1.1,0.9,1.1,0.9
103,138,1,1,1,1,1.00,0.00,1.1,0.9,1.1,0.9
104,138,1,1,1,1,1.00,0.00,1.1,0.9,1.1,0.9
105,138,1,1,1,1,1.00,0.00,1.1,0.9,1.1,0.9
106,138,1,1,1,1,1.00,0.00,1.1,0.9,1.1,0.9
107,138,2,1,1,1,1.00,0.00,1.1,0.9,1.1,0.9
108,138,1,1,1,1,1.00,0.00,1.1,0.9,1.1,0.9
109,138,1,1,1,1,1.00,0.00,1.1,0.9,1.1,0.9
110,138,1,1,1,1,1.00,0.00,1.1,0.9,1.1,0.9
111,230,1,1,1,1,1.00,0.00,1.1,0.9,1.1,0.9
112,230,1,1,1,1,1.00,0.00,1.1,0.9,1.1,0.9
113,230,3,1,1,1,1.00,0.00,1.1,0.9,1.1,0.9
114,230,2,1,1,1,1.00,0.00,1.1,0.9,1.1,0.9
115,230,2,1,1,1,1.00,0.00,1.1,0.9,1.1,0.9
116,230,2,1,1,1,1.00,0.00,1.1,0.9,1.1,0.9
117,230,1,1,1,1,1.00,0.00,1.1,0.9,1.1,0.9
118,230,2,1,1,1,1.00,0.00,1.1,0.9,1.1,0.9
119,230,1,1,1,1,1.00,0.00,1.1,0.9,1.1,0.9
120,230,1,1,1,1,1.00,0.00,1.1,0.9,1.1,0.9
121,230,2,1,1,1,1.00,0.00,1.1,0.9,1.1,0.9
122,230,2,1,1,1,1.00,0.00,1.1,0.9,1.1,0.9
123,230,2,1,1,1,1.00,0.00,1.1,0.9,1.1,0.9
124,230,1,1,1,1,1.00,0.00,1.1,0.9,1.1,0.9
201,138,2,1,1,1,1.00,0.00,1.1,0.9,1.1,0.9
202,138,2,1,1,1,1.00,0.00,1.1,0.9,1.1,0.9
203,138,1,1,1,1,1.00,0.00,1.1,0.9,1.1,0.9
204,138,1,1,1,1,1.00,0.00,1.1,0.9,1.1,0.9
205,138,1,1,1,1,1.00,0.00,1.1,0.9,1.1,0.9
206,138,1,1,1,1,1.00,0.00,1.1,0.9,1.1,0.9
207,138,2,1,1,1,1.00,0.00,1.1,0.9,1.1,0.9
208,138,1,1,1,1,1.00,0.00,1.1,0.9,1.1,0.9
209,138,1,1,1,1,1.00,0.00,1.1,0.9,1.1,0.9
210,138,1,1,1,1,1.00,0.00,1.1,0.9,1.1,0.9
211,230,1,1,1,1,1.00,0.00,1.1,0.9,1.1,0.9
212,230,1,1,1,1,1.00,0.00,1.1,0.9,1.1,0.9
213,230,2,1,1,1,1.00,0.00,1.1,0.9,1.1,0.9
214,230,2,1,1,1,1.00,0.00,1.1,0.9,1.1,0.9
215,230,2,1,1,1,1.00,0.00,1.1,0.9,1.1,0.9
216,230,2,1,1,1,1.00,0.00,1.1,0.9,1.1,0.9
217,230,1,1,1,1,1.00,0.00,1.1,0.9,1.1,0.9
218,230,2,1,1,1,1.00,0.00,1.1,0.9,1.1,0.9
219,230,1,1,1,1,1.00,0.00,1.1,0.9,1.1,0.9
220,230,1,1,1,1,1.00,0.00,1.1,0.9,1.1,0.9
221,230,2,1,1,1,1.00,0.00,1.1,0.9,1.1,0.9
222,230,2,1,1,1,1.00,0.00,1.1,0.9,1.1,0.9
223,230,2,1,1,1,1.00,0.00,1.1,0.9,1.1,0.9
224,230,1,1,1,1,1.00,0.00,1.1,0.9,1.1,0.9
301,138,2,1,1,1,1.00,0.00,1.1,0.9,1.1,0.9
302,138,2,1,1,1,1.00,0.00,1.1,0.9,1.1,0.9
303,138,1,1,1,1,1.00,0.00,1.1,0.9,1.1,0.9
304,138,1,1,1,1,1.00,0.00,1.1,0.9,1.1,0.9
305,138,1,1,1,1,1.00,0.00,1.1,0.9,1.1,0.9
306,138,1,1,1,1,1.00,0.00,1.1,0.9,1.1,0.9
307,138,2,1,1,1,1.00,0.00,1.1,0.9,1.1,0.9
308,138,1,1,1,1,1.00,0.00,1.1,0.9,1.1,0.9
309,138,1,1,1,1,1.00,0.00,1.1,0.9,1.1,0.9
310,138,1,1,1,1,1.00,0.00,1.1,0.9,1.1,0.9
311,230,1,1,1,1,1.00,0.00,1.1,0.9,1.1,0.9
312,230,1,1,1,1,1.00,0.00,1.1,0.9,1.1,0.9
313,230,2,1,1,1,1.00,0.00,1.1,0.9,1.1,0.9
314,230,2,1,1,1,1.00,0.00,1.1,0.9,1.1,0.9
315,230,2,1,1,1,1.00,0.00,1.1,0.9,1.1,0.9
316,230,2,1,1,1,1.00,0.00,1.1,0.9,1.1,0.9
317,230,1,1,1,1,1.00,0.00,1.1,0.9,1.1,0.9
318,230,2,1,1,1,1.00,0.00,1.1,0.9,1.1,0.9
319,230,1,1,1,1,1.00,0.00,1.1,0.9,1.1,0.9
320,230,1,1,1,1,1.00,0.00,1.1,0.9,1.1,0.9
321,230,2,1,1,1,1.00,0.00,1.1,0.9,1.1,0.9
322,230,2,1,1,1,1.00,0.00,1.1,0.9,1.1,0.9
323,230,2,1,1,1,1.00,0.00,1.1,0.9,1.1,0.9
324,230,1,1,1,1,1.00,0.00,1.1,0.9,1.1,0.9
325,230,1,1,1,1,1.00,0.00,1.1,0.9,1.1,0.9
]; 
all_busName96 = [   ' 101 ';  ' 102 ';  ' 103 ';  ' 104 ';  ' 105 ';  ' 106 ';  ' 107 ';  ' 108 ';  ' 109 ';  ' 110 ';  ' 111 ';  ' 112 ';  ' 113 ';  ' 114 ';  ' 115 ';  ' 116 ';  ' 117 ';  ' 118 ';  ' 119 ';  ' 120 ';  ' 121 ';  ' 122 ';  ' 123 ';  ' 124 ';  ' 201 ';  ' 202 ';  ' 203 ';  ' 204 ';  ' 205 ';  ' 206 ';  ' 207 ';  ' 208 ';  ' 209 ';  ' 210 ';  ' 211 ';  ' 212 ';  ' 213 ';  ' 214 ';  ' 215 ';  ' 216 ';  ' 217 ';  ' 218 ';  ' 219 ';  ' 220 ';  ' 221 ';  ' 222 ';  ' 223 ';  ' 224 ';  ' 301 ';  ' 302 ';  ' 303 ';  ' 304 ';  ' 305 ';  ' 306 ';  ' 307 ';  ' 308 ';  ' 309 ';  ' 310 ';  ' 311 ';  ' 312 ';  ' 313 ';  ' 314 ';  ' 315 ';  ' 316 ';  ' 317 ';  ' 318 ';  ' 319 ';  ' 320 ';  ' 321 ';  ' 322 ';  ' 323 ';  ' 324 ';  ' 325 '; ];
%% RTS 96 System Load Data %% 
all_loaddata96 = [ 
101,1,11,11,80.73370173898414,19.79549353634063,0.0,0.0,0.0,0.0,1,1,0
102,1,11,12,48.633477408429286,14.67668772896379,0.0,0.0,0.0,0.0,1,1,0
103,1,11,11,130.15886148877254,32.153651036717974,0.0,0.0,0.0,0.0,1,1,0
104,1,11,11,63.22801498470186,9.019009425669209,0.0,0.0,0.0,0.0,1,1,0
105,1,11,11,50.873456647680655,10.94809785492802,0.0,0.0,0.0,0.0,1,1,0
106,1,11,12,71.37937797175795,16.027702069542556,0.0,0.0,0.0,0.0,1,1,0
107,1,11,12,93.99259674442,13.947514022989198,0.0,0.0,0.0,0.0,1,1,0
108,1,11,12,116.17826833916538,24.48816350013879,0.0,0.0,0.0,0.0,1,1,0
109,1,11,13,127.90604024960545,19.405147570785505,0.0,0.0,0.0,0.0,1,1,0
110,1,11,13,103.92858560787349,29.53689732897095,0.0,0.0,0.0,0.0,1,1,0
111,1,11,13,0.0,0.0,0.0,0.0,0.0,0.0,1,1,0
112,1,11,13,0.0,0.0,0.0,0.0,0.0,0.0,1,1,0
113,1,12,14,223.3926096950029,47.803837921841904,0.0,0.0,0.0,0.0,1,1,0
114,1,12,16,162.4772733725558,30.0270911726268,0.0,0.0,0.0,0.0,1,1,0
115,1,12,16,275.76583251114107,31.11119644813835,0.0,0.0,0.0,0.0,1,1,0
116,1,12,16,83.56818707199767,11.115734404854475,0.0,0.0,0.0,0.0,1,1,0
117,1,12,17,0.0,0.0,0.0,0.0,0.0,0.0,1,1,0
118,1,12,17,253.31304690441652,57.38068960011229,0.0,0.0,0.0,0.0,1,1,0
119,1,12,15,101.24762751819854,27.326223665843482,0.0,0.0,0.0,0.0,1,1,0
120,1,12,15,70.78162397882937,20.162982063767966,0.0,0.0,0.0,0.0,1,1,0
121,1,12,17,0.0,0.0,0.0,0.0,0.0,0.0,1,1,0
122,1,12,17,0.0,0.0,0.0,0.0,0.0,0.0,1,1,0
123,1,12,15,0.0,0.0,0.0,0.0,0.0,0.0,1,1,0
124,1,12,16,0.0,0.0,0.0,0.0,0.0,0.0,1,1,0
201,1,21,21,94.12073061117007,12.697376775353774,0.0,0.0,0.0,0.0,1,1,0
202,1,21,22,80.10067678602684,17.620263323659074,0.0,0.0,0.0,0.0,1,1,0
203,1,21,21,116.76019364294875,21.167976201927427,0.0,0.0,0.0,0.0,1,1,0
204,1,21,21,51.17462736895177,13.051388120335293,0.0,0.0,0.0,0.0,1,1,0
205,1,21,21,45.621531616735695,7.532983947274088,0.0,0.0,0.0,0.0,1,1,0
206,1,21,22,68.81206573330387,23.684449451709913,0.0,0.0,0.0,0.0,1,1,0
207,1,21,22,87.23777033602819,16.35433426001924,0.0,0.0,0.0,0.0,1,1,0
208,1,21,22,127.92446124001626,27.554428878934583,0.0,0.0,0.0,0.0,1,1,0
209,1,21,23,108.55061653887272,25.119005542463064,0.0,0.0,0.0,0.0,1,1,0
210,1,21,23,147.50200693692918,27.22565293438174,0.0,0.0,0.0,0.0,1,1,0
211,1,21,23,0.0,0.0,0.0,0.0,0.0,0.0,1,1,0
212,1,21,23,0.0,0.0,0.0,0.0,0.0,0.0,1,1,0
213,1,22,24,134.76311686830456,33.95949148805346,0.0,0.0,0.0,0.0,1,1,0
214,1,22,26,168.8893830187035,22.94906443157075,0.0,0.0,0.0,0.0,1,1,0
215,1,22,26,154.00928674600502,50.676679236996165,0.0,0.0,0.0,0.0,1,1,0
216,1,22,26,55.13691831633914,17.919607179206796,0.0,0.0,0.0,0.0,1,1,0
217,1,22,27,0.0,0.0,0.0,0.0,0.0,0.0,1,1,0
218,1,22,27,268.24127225505526,54.94759371497333,0.0,0.0,0.0,0.0,1,1,0
219,1,22,25,161.06124331409706,33.32299173444933,0.0,0.0,0.0,0.0,1,1,0
220,1,22,25,83.763774170655,19.32319560227506,0.0,0.0,0.0,0.0,1,1,0
221,1,22,27,0.0,0.0,0.0,0.0,0.0,0.0,1,1,0
222,1,22,27,0.0,0.0,0.0,0.0,0.0,0.0,1,1,0
223,1,22,25,0.0,0.0,0.0,0.0,0.0,0.0,1,1,0
224,1,22,26,0.0,0.0,0.0,0.0,0.0,0.0,1,1,0
301,1,31,31,76.46938829520028,11.663624126180448,0.0,0.0,0.0,0.0,1,1,0
302,1,31,32,79.65456301779086,17.596384912465698,0.0,0.0,0.0,0.0,1,1,0
303,1,31,31,136.90252799383083,19.40026506650294,0.0,0.0,0.0,0.0,1,1,0
304,1,31,31,53.320263375410896,8.296546257273294,0.0,0.0,0.0,0.0,1,1,0
305,1,31,31,45.119954828119745,8.063839339248183,0.0,0.0,0.0,0.0,1,1,0
306,1,31,32,108.86475310379753,18.215784200521743,0.0,0.0,0.0,0.0,1,1,0
307,1,31,32,75.23158880870905,17.922490218307356,0.0,0.0,0.0,0.0,1,1,0
308,1,31,32,106.01752844236717,23.650907597546233,0.0,0.0,0.0,0.0,1,1,0
309,1,31,33,120.87011036489625,32.3956586664565,0.0,0.0,0.0,0.0,1,1,0
310,1,31,33,137.11328570898576,26.18180636139773,0.0,0.0,0.0,0.0,1,1,0
311,1,31,33,0.0,0.0,0.0,0.0,0.0,0.0,1,1,0
312,1,31,33,0.0,0.0,0.0,0.0,0.0,0.0,1,1,0
313,1,32,34,140.60094500546506,31.53984074825076,0.0,0.0,0.0,0.0,1,1,0
314,1,32,36,168.67531508592702,23.967329133661185,0.0,0.0,0.0,0.0,1,1,0
315,1,32,36,283.20986381223435,43.970638550359006,0.0,0.0,0.0,0.0,1,1,0
