% From Raw File 
%% RTS 96 System Bus Data %% 
all_busdata96 = [ 
101,138,2,1,1,1,1.00,0.00,1.1,0.9,1.1,0.9
102,138,2,1,1,1,1.00,0.00,1.1,0.9,1.1,0.9
103,138,1,1,1,1,1.00,0.00,1.1,0.9,1.1,0.9
104,138,1,1,1,1,1.00,0.00,1.1,0.9,1.1,0.9
105,138,1,1,1,1,1.00,0.00,1.1,0.9,1.1,0.9
106,138,1,1,1,1,1.00,0.00,1.1,0.9,1.1,0.9
107,138,2,1,1,1,1.00,0.00,1.1,0.9,1.1,0.9
108,138,1,1,1,1,1.00,0.00,1.1,0.9,1.1,0.9
109,138,1,1,1,1,1.00,0.00,1.1,0.9,1.1,0.9
110,138,1,1,1,1,1.00,0.00,1.1,0.9,1.1,0.9
111,230,1,1,1,1,1.00,0.00,1.1,0.9,1.1,0.9
112,230,1,1,1,1,1.00,0.00,1.1,0.9,1.1,0.9
113,230,3,1,1,1,1.00,0.00,1.1,0.9,1.1,0.9
114,230,2,1,1,1,1.00,0.00,1.1,0.9,1.1,0.9
115,230,2,1,1,1,1.00,0.00,1.1,0.9,1.1,0.9
116,230,2,1,1,1,1.00,0.00,1.1,0.9,1.1,0.9
117,230,1,1,1,1,1.00,0.00,1.1,0.9,1.1,0.9
118,230,2,1,1,1,1.00,0.00,1.1,0.9,1.1,0.9
119,230,1,1,1,1,1.00,0.00,1.1,0.9,1.1,0.9
120,230,1,1,1,1,1.00,0.00,1.1,0.9,1.1,0.9
121,230,2,1,1,1,1.00,0.00,1.1,0.9,1.1,0.9
122,230,2,1,1,1,1.00,0.00,1.1,0.9,1.1,0.9
123,230,2,1,1,1,1.00,0.00,1.1,0.9,1.1,0.9
124,230,1,1,1,1,1.00,0.00,1.1,0.9,1.1,0.9
201,138,2,1,1,1,1.00,0.00,1.1,0.9,1.1,0.9
202,138,2,1,1,1,1.00,0.00,1.1,0.9,1.1,0.9
203,138,1,1,1,1,1.00,0.00,1.1,0.9,1.1,0.9
204,138,1,1,1,1,1.00,0.00,1.1,0.9,1.1,0.9
205,138,1,1,1,1,1.00,0.00,1.1,0.9,1.1,0.9
206,138,1,1,1,1,1.00,0.00,1.1,0.9,1.1,0.9
207,138,2,1,1,1,1.00,0.00,1.1,0.9,1.1,0.9
208,138,1,1,1,1,1.00,0.00,1.1,0.9,1.1,0.9
209,138,1,1,1,1,1.00,0.00,1.1,0.9,1.1,0.9
210,138,1,1,1,1,1.00,0.00,1.1,0.9,1.1,0.9
211,230,1,1,1,1,1.00,0.00,1.1,0.9,1.1,0.9
212,230,1,1,1,1,1.00,0.00,1.1,0.9,1.1,0.9
213,230,2,1,1,1,1.00,0.00,1.1,0.9,1.1,0.9
214,230,2,1,1,1,1.00,0.00,1.1,0.9,1.1,0.9
215,230,2,1,1,1,1.00,0.00,1.1,0.9,1.1,0.9
216,230,2,1,1,1,1.00,0.00,1.1,0.9,1.1,0.9
217,230,1,1,1,1,1.00,0.00,1.1,0.9,1.1,0.9
218,230,2,1,1,1,1.00,0.00,1.1,0.9,1.1,0.9
219,230,1,1,1,1,1.00,0.00,1.1,0.9,1.1,0.9
220,230,1,1,1,1,1.00,0.00,1.1,0.9,1.1,0.9
221,230,2,1,1,1,1.00,0.00,1.1,0.9,1.1,0.9
222,230,2,1,1,1,1.00,0.00,1.1,0.9,1.1,0.9
223,230,2,1,1,1,1.00,0.00,1.1,0.9,1.1,0.9
224,230,1,1,1,1,1.00,0.00,1.1,0.9,1.1,0.9
301,138,2,1,1,1,1.00,0.00,1.1,0.9,1.1,0.9
302,138,2,1,1,1,1.00,0.00,1.1,0.9,1.1,0.9
303,138,1,1,1,1,1.00,0.00,1.1,0.9,1.1,0.9
304,138,1,1,1,1,1.00,0.00,1.1,0.9,1.1,0.9
305,138,1,1,1,1,1.00,0.00,1.1,0.9,1.1,0.9
306,138,1,1,1,1,1.00,0.00,1.1,0.9,1.1,0.9
307,138,2,1,1,1,1.00,0.00,1.1,0.9,1.1,0.9
308,138,1,1,1,1,1.00,0.00,1.1,0.9,1.1,0.9
309,138,1,1,1,1,1.00,0.00,1.1,0.9,1.1,0.9
310,138,1,1,1,1,1.00,0.00,1.1,0.9,1.1,0.9
311,230,1,1,1,1,1.00,0.00,1.1,0.9,1.1,0.9
312,230,1,1,1,1,1.00,0.00,1.1,0.9,1.1,0.9
313,230,2,1,1,1,1.00,0.00,1.1,0.9,1.1,0.9
314,230,2,1,1,1,1.00,0.00,1.1,0.9,1.1,0.9
315,230,2,1,1,1,1.00,0.00,1.1,0.9,1.1,0.9
316,230,2,1,1,1,1.00,0.00,1.1,0.9,1.1,0.9
317,230,1,1,1,1,1.00,0.00,1.1,0.9,1.1,0.9
318,230,2,1,1,1,1.00,0.00,1.1,0.9,1.1,0.9
319,230,1,1,1,1,1.00,0.00,1.1,0.9,1.1,0.9
320,230,1,1,1,1,1.00,0.00,1.1,0.9,1.1,0.9
321,230,2,1,1,1,1.00,0.00,1.1,0.9,1.1,0.9
322,230,2,1,1,1,1.00,0.00,1.1,0.9,1.1,0.9
323,230,2,1,1,1,1.00,0.00,1.1,0.9,1.1,0.9
324,230,1,1,1,1,1.00,0.00,1.1,0.9,1.1,0.9
325,230,1,1,1,1,1.00,0.00,1.1,0.9,1.1,0.9
]; 
all_busName96 = [   ' 101 ';  ' 102 ';  ' 103 ';  ' 104 ';  ' 105 ';  ' 106 ';  ' 107 ';  ' 108 ';  ' 109 ';  ' 110 ';  ' 111 ';  ' 112 ';  ' 113 ';  ' 114 ';  ' 115 ';  ' 116 ';  ' 117 ';  ' 118 ';  ' 119 ';  ' 120 ';  ' 121 ';  ' 122 ';  ' 123 ';  ' 124 ';  ' 201 ';  ' 202 ';  ' 203 ';  ' 204 ';  ' 205 ';  ' 206 ';  ' 207 ';  ' 208 ';  ' 209 ';  ' 210 ';  ' 211 ';  ' 212 ';  ' 213 ';  ' 214 ';  ' 215 ';  ' 216 ';  ' 217 ';  ' 218 ';  ' 219 ';  ' 220 ';  ' 221 ';  ' 222 ';  ' 223 ';  ' 224 ';  ' 301 ';  ' 302 ';  ' 303 ';  ' 304 ';  ' 305 ';  ' 306 ';  ' 307 ';  ' 308 ';  ' 309 ';  ' 310 ';  ' 311 ';  ' 312 ';  ' 313 ';  ' 314 ';  ' 315 ';  ' 316 ';  ' 317 ';  ' 318 ';  ' 319 ';  ' 320 ';  ' 321 ';  ' 322 ';  ' 323 ';  ' 324 ';  ' 325 '; ];
%% RTS 96 System Load Data %% 
all_loaddata96 = [ 
101,1,11,11,61.33289454218186,15.707188380832784,0.0,0.0,0.0,0.0,1,1,0
102,1,11,12,78.96796900031632,13.090823389087804,0.0,0.0,0.0,0.0,1,1,0
103,1,11,11,151.86247277117704,29.846312723113314,0.0,0.0,0.0,0.0,1,1,0
104,1,11,11,38.404891080147024,8.499098267816473,0.0,0.0,0.0,0.0,1,1,0
105,1,11,11,54.110074671322906,11.27029284078721,0.0,0.0,0.0,0.0,1,1,0
106,1,11,12,108.97379799236657,19.132803252327072,0.0,0.0,0.0,0.0,1,1,0
107,1,11,12,93.96892871026648,13.27451828926918,0.0,0.0,0.0,0.0,1,1,0
108,1,11,12,85.92300149528626,18.411207772458436,0.0,0.0,0.0,0.0,1,1,0
109,1,11,13,128.85052579032842,24.73717258771509,0.0,0.0,0.0,0.0,1,1,0
110,1,11,13,134.49566444308357,35.31983869550004,0.0,0.0,0.0,0.0,1,1,0
111,1,11,13,0.0,0.0,0.0,0.0,0.0,0.0,1,1,0
112,1,11,13,0.0,0.0,0.0,0.0,0.0,0.0,1,1,0
113,1,12,14,154.26667141248706,35.07496233793795,0.0,0.0,0.0,0.0,1,1,0
114,1,12,16,145.75283042864578,32.682800580213176,0.0,0.0,0.0,0.0,1,1,0
115,1,12,16,268.3357527425526,31.983716588205095,0.0,0.0,0.0,0.0,1,1,0
116,1,12,16,77.10560833035036,15.588249263433738,0.0,0.0,0.0,0.0,1,1,0
117,1,12,17,0.0,0.0,0.0,0.0,0.0,0.0,1,1,0
118,1,12,17,266.21794690985615,50.65207854449786,0.0,0.0,0.0,0.0,1,1,0
119,1,12,15,103.380802906344,27.40368556264699,0.0,0.0,0.0,0.0,1,1,0
120,1,12,15,104.27616829358338,23.205769916254656,0.0,0.0,0.0,0.0,1,1,0
121,1,12,17,0.0,0.0,0.0,0.0,0.0,0.0,1,1,0
122,1,12,17,0.0,0.0,0.0,0.0,0.0,0.0,1,1,0
123,1,12,15,0.0,0.0,0.0,0.0,0.0,0.0,1,1,0
124,1,12,16,0.0,0.0,0.0,0.0,0.0,0.0,1,1,0
201,1,21,21,77.68269961237125,11.662683630728536,0.0,0.0,0.0,0.0,1,1,0
202,1,21,22,54.15029636762682,15.238926393971777,0.0,0.0,0.0,0.0,1,1,0
203,1,21,21,134.2433991608983,29.94506180647951,0.0,0.0,0.0,0.0,1,1,0
204,1,21,21,58.45181561990585,11.559164328296434,0.0,0.0,0.0,0.0,1,1,0
205,1,21,21,40.671575953514505,10.349583856036606,0.0,0.0,0.0,0.0,1,1,0
206,1,21,22,104.8106454269126,21.471310597909053,0.0,0.0,0.0,0.0,1,1,0
207,1,21,22,66.06937390944803,17.273603945353532,0.0,0.0,0.0,0.0,1,1,0
208,1,21,22,148.55071576527538,26.98533547122753,0.0,0.0,0.0,0.0,1,1,0
209,1,21,23,128.19952488962446,21.019025485600345,0.0,0.0,0.0,0.0,1,1,0
210,1,21,23,119.05120768195715,21.81636294986866,0.0,0.0,0.0,0.0,1,1,0
211,1,21,23,0.0,0.0,0.0,0.0,0.0,0.0,1,1,0
212,1,21,23,0.0,0.0,0.0,0.0,0.0,0.0,1,1,0
213,1,22,24,187.69786572713872,40.545440041921005,0.0,0.0,0.0,0.0,1,1,0
214,1,22,26,135.98107738519934,34.29861783371685,0.0,0.0,0.0,0.0,1,1,0
215,1,22,26,161.74462847269206,32.0172995959103,0.0,0.0,0.0,0.0,1,1,0
216,1,22,26,86.1459147996828,11.862873922336847,0.0,0.0,0.0,0.0,1,1,0
217,1,22,27,0.0,0.0,0.0,0.0,0.0,0.0,1,1,0
218,1,22,27,193.85701827463083,57.92245837148299,0.0,0.0,0.0,0.0,1,1,0
219,1,22,25,150.4708986300086,19.636563636739645,0.0,0.0,0.0,0.0,1,1,0
220,1,22,25,110.32091148598194,16.34193332428811,0.0,0.0,0.0,0.0,1,1,0
221,1,22,27,0.0,0.0,0.0,0.0,0.0,0.0,1,1,0
222,1,22,27,0.0,0.0,0.0,0.0,0.0,0.0,1,1,0
223,1,22,25,0.0,0.0,0.0,0.0,0.0,0.0,1,1,0
224,1,22,26,0.0,0.0,0.0,0.0,0.0,0.0,1,1,0
301,1,31,31,74.10500055005829,17.01742955190316,0.0,0.0,0.0,0.0,1,1,0
302,1,31,32,70.22991488843705,13.073311709504575,0.0,0.0,0.0,0.0,1,1,0
303,1,31,31,125.57408001543583,28.9969493760257,0.0,0.0,0.0,0.0,1,1,0
304,1,31,31,63.080029580321444,9.50433727334789,0.0,0.0,0.0,0.0,1,1,0
305,1,31,31,47.66877519303393,10.981458319163696,0.0,0.0,0.0,0.0,1,1,0
306,1,31,32,106.61552712750435,24.84222191345785,0.0,0.0,0.0,0.0,1,1,0
307,1,31,32,94.0143483809894,21.791432136021324,0.0,0.0,0.0,0.0,1,1,0
308,1,31,32,98.0586013094339,24.53061379943881,0.0,0.0,0.0,0.0,1,1,0
309,1,31,33,112.16648404419072,29.235748095897588,0.0,0.0,0.0,0.0,1,1,0
310,1,31,33,103.07403117782435,34.039390757443385,0.0,0.0,0.0,0.0,1,1,0
311,1,31,33,0.0,0.0,0.0,0.0,0.0,0.0,1,1,0
312,1,31,33,0.0,0.0,0.0,0.0,0.0,0.0,1,1,0
313,1,32,34,179.0001407821763,30.940460630105807,0.0,0.0,0.0,0.0,1,1,0
314,1,32,36,116.21985888592154,31.278369030983562,0.0,0.0,0.0,0.0,1,1,0
315,1,32,36,261.86970730101416,44.51138736343681,0.0,0.0,0.0,0.0,1,1,0
