% From Raw File 
%% RTS 96 System Bus Data %% 
all_busdata96 = [ 
101,138,2,1,1,1,1.00,0.00,1.1,0.9,1.1,0.9
102,138,2,1,1,1,1.00,0.00,1.1,0.9,1.1,0.9
103,138,1,1,1,1,1.00,0.00,1.1,0.9,1.1,0.9
104,138,1,1,1,1,1.00,0.00,1.1,0.9,1.1,0.9
105,138,1,1,1,1,1.00,0.00,1.1,0.9,1.1,0.9
106,138,1,1,1,1,1.00,0.00,1.1,0.9,1.1,0.9
107,138,2,1,1,1,1.00,0.00,1.1,0.9,1.1,0.9
108,138,1,1,1,1,1.00,0.00,1.1,0.9,1.1,0.9
109,138,1,1,1,1,1.00,0.00,1.1,0.9,1.1,0.9
110,138,1,1,1,1,1.00,0.00,1.1,0.9,1.1,0.9
111,230,1,1,1,1,1.00,0.00,1.1,0.9,1.1,0.9
112,230,1,1,1,1,1.00,0.00,1.1,0.9,1.1,0.9
113,230,3,1,1,1,1.00,0.00,1.1,0.9,1.1,0.9
114,230,2,1,1,1,1.00,0.00,1.1,0.9,1.1,0.9
115,230,2,1,1,1,1.00,0.00,1.1,0.9,1.1,0.9
116,230,2,1,1,1,1.00,0.00,1.1,0.9,1.1,0.9
117,230,1,1,1,1,1.00,0.00,1.1,0.9,1.1,0.9
118,230,2,1,1,1,1.00,0.00,1.1,0.9,1.1,0.9
119,230,1,1,1,1,1.00,0.00,1.1,0.9,1.1,0.9
120,230,1,1,1,1,1.00,0.00,1.1,0.9,1.1,0.9
121,230,2,1,1,1,1.00,0.00,1.1,0.9,1.1,0.9
122,230,2,1,1,1,1.00,0.00,1.1,0.9,1.1,0.9
123,230,2,1,1,1,1.00,0.00,1.1,0.9,1.1,0.9
124,230,1,1,1,1,1.00,0.00,1.1,0.9,1.1,0.9
201,138,2,1,1,1,1.00,0.00,1.1,0.9,1.1,0.9
202,138,2,1,1,1,1.00,0.00,1.1,0.9,1.1,0.9
203,138,1,1,1,1,1.00,0.00,1.1,0.9,1.1,0.9
204,138,1,1,1,1,1.00,0.00,1.1,0.9,1.1,0.9
205,138,1,1,1,1,1.00,0.00,1.1,0.9,1.1,0.9
206,138,1,1,1,1,1.00,0.00,1.1,0.9,1.1,0.9
207,138,2,1,1,1,1.00,0.00,1.1,0.9,1.1,0.9
208,138,1,1,1,1,1.00,0.00,1.1,0.9,1.1,0.9
209,138,1,1,1,1,1.00,0.00,1.1,0.9,1.1,0.9
210,138,1,1,1,1,1.00,0.00,1.1,0.9,1.1,0.9
211,230,1,1,1,1,1.00,0.00,1.1,0.9,1.1,0.9
212,230,1,1,1,1,1.00,0.00,1.1,0.9,1.1,0.9
213,230,2,1,1,1,1.00,0.00,1.1,0.9,1.1,0.9
214,230,2,1,1,1,1.00,0.00,1.1,0.9,1.1,0.9
215,230,2,1,1,1,1.00,0.00,1.1,0.9,1.1,0.9
216,230,2,1,1,1,1.00,0.00,1.1,0.9,1.1,0.9
217,230,1,1,1,1,1.00,0.00,1.1,0.9,1.1,0.9
218,230,2,1,1,1,1.00,0.00,1.1,0.9,1.1,0.9
219,230,1,1,1,1,1.00,0.00,1.1,0.9,1.1,0.9
220,230,1,1,1,1,1.00,0.00,1.1,0.9,1.1,0.9
221,230,2,1,1,1,1.00,0.00,1.1,0.9,1.1,0.9
222,230,2,1,1,1,1.00,0.00,1.1,0.9,1.1,0.9
223,230,2,1,1,1,1.00,0.00,1.1,0.9,1.1,0.9
224,230,1,1,1,1,1.00,0.00,1.1,0.9,1.1,0.9
301,138,2,1,1,1,1.00,0.00,1.1,0.9,1.1,0.9
302,138,2,1,1,1,1.00,0.00,1.1,0.9,1.1,0.9
303,138,1,1,1,1,1.00,0.00,1.1,0.9,1.1,0.9
304,138,1,1,1,1,1.00,0.00,1.1,0.9,1.1,0.9
305,138,1,1,1,1,1.00,0.00,1.1,0.9,1.1,0.9
306,138,1,1,1,1,1.00,0.00,1.1,0.9,1.1,0.9
307,138,2,1,1,1,1.00,0.00,1.1,0.9,1.1,0.9
308,138,1,1,1,1,1.00,0.00,1.1,0.9,1.1,0.9
309,138,1,1,1,1,1.00,0.00,1.1,0.9,1.1,0.9
310,138,1,1,1,1,1.00,0.00,1.1,0.9,1.1,0.9
311,230,1,1,1,1,1.00,0.00,1.1,0.9,1.1,0.9
312,230,1,1,1,1,1.00,0.00,1.1,0.9,1.1,0.9
313,230,2,1,1,1,1.00,0.00,1.1,0.9,1.1,0.9
314,230,2,1,1,1,1.00,0.00,1.1,0.9,1.1,0.9
315,230,2,1,1,1,1.00,0.00,1.1,0.9,1.1,0.9
316,230,2,1,1,1,1.00,0.00,1.1,0.9,1.1,0.9
317,230,1,1,1,1,1.00,0.00,1.1,0.9,1.1,0.9
318,230,2,1,1,1,1.00,0.00,1.1,0.9,1.1,0.9
319,230,1,1,1,1,1.00,0.00,1.1,0.9,1.1,0.9
320,230,1,1,1,1,1.00,0.00,1.1,0.9,1.1,0.9
321,230,2,1,1,1,1.00,0.00,1.1,0.9,1.1,0.9
322,230,2,1,1,1,1.00,0.00,1.1,0.9,1.1,0.9
323,230,2,1,1,1,1.00,0.00,1.1,0.9,1.1,0.9
324,230,1,1,1,1,1.00,0.00,1.1,0.9,1.1,0.9
325,230,1,1,1,1,1.00,0.00,1.1,0.9,1.1,0.9
]; 
all_busName96 = [   ' 101 ';  ' 102 ';  ' 103 ';  ' 104 ';  ' 105 ';  ' 106 ';  ' 107 ';  ' 108 ';  ' 109 ';  ' 110 ';  ' 111 ';  ' 112 ';  ' 113 ';  ' 114 ';  ' 115 ';  ' 116 ';  ' 117 ';  ' 118 ';  ' 119 ';  ' 120 ';  ' 121 ';  ' 122 ';  ' 123 ';  ' 124 ';  ' 201 ';  ' 202 ';  ' 203 ';  ' 204 ';  ' 205 ';  ' 206 ';  ' 207 ';  ' 208 ';  ' 209 ';  ' 210 ';  ' 211 ';  ' 212 ';  ' 213 ';  ' 214 ';  ' 215 ';  ' 216 ';  ' 217 ';  ' 218 ';  ' 219 ';  ' 220 ';  ' 221 ';  ' 222 ';  ' 223 ';  ' 224 ';  ' 301 ';  ' 302 ';  ' 303 ';  ' 304 ';  ' 305 ';  ' 306 ';  ' 307 ';  ' 308 ';  ' 309 ';  ' 310 ';  ' 311 ';  ' 312 ';  ' 313 ';  ' 314 ';  ' 315 ';  ' 316 ';  ' 317 ';  ' 318 ';  ' 319 ';  ' 320 ';  ' 321 ';  ' 322 ';  ' 323 ';  ' 324 ';  ' 325 '; ];
%% RTS 96 System Load Data %% 
all_loaddata96 = [ 
101,1,11,11,92.98494554048123,16.933249662849494,0.0,0.0,0.0,0.0,1,1,0
102,1,11,12,84.7463799172788,15.278228347387165,0.0,0.0,0.0,0.0,1,1,0
103,1,11,11,96.87951667517702,30.645295946510508,0.0,0.0,0.0,0.0,1,1,0
104,1,11,11,45.68574371640282,8.417925977260339,0.0,0.0,0.0,0.0,1,1,0
105,1,11,11,41.29911304902658,9.98265947782416,0.0,0.0,0.0,0.0,1,1,0
106,1,11,12,80.32678866052218,23.727817407492736,0.0,0.0,0.0,0.0,1,1,0
107,1,11,12,106.95534894512386,16.996430702037177,0.0,0.0,0.0,0.0,1,1,0
108,1,11,12,124.95775410413104,30.525769764414527,0.0,0.0,0.0,0.0,1,1,0
109,1,11,13,108.20885601131944,29.813703050629424,0.0,0.0,0.0,0.0,1,1,0
110,1,11,13,129.22719651453033,27.398170909116043,0.0,0.0,0.0,0.0,1,1,0
111,1,11,13,0.0,0.0,0.0,0.0,0.0,0.0,1,1,0
112,1,11,13,0.0,0.0,0.0,0.0,0.0,0.0,1,1,0
113,1,12,14,146.68812429712247,34.31433954417798,0.0,0.0,0.0,0.0,1,1,0
114,1,12,16,148.78119820216105,24.468046028356955,0.0,0.0,0.0,0.0,1,1,0
115,1,12,16,242.60664270662744,52.874830642935635,0.0,0.0,0.0,0.0,1,1,0
116,1,12,16,79.49561992285307,12.166856958188117,0.0,0.0,0.0,0.0,1,1,0
117,1,12,17,0.0,0.0,0.0,0.0,0.0,0.0,1,1,0
118,1,12,17,203.87746224210653,45.00696053613592,0.0,0.0,0.0,0.0,1,1,0
119,1,12,15,157.2129901768423,21.09264771943227,0.0,0.0,0.0,0.0,1,1,0
120,1,12,15,77.89347057507634,15.97315557747474,0.0,0.0,0.0,0.0,1,1,0
121,1,12,17,0.0,0.0,0.0,0.0,0.0,0.0,1,1,0
122,1,12,17,0.0,0.0,0.0,0.0,0.0,0.0,1,1,0
123,1,12,15,0.0,0.0,0.0,0.0,0.0,0.0,1,1,0
124,1,12,16,0.0,0.0,0.0,0.0,0.0,0.0,1,1,0
201,1,21,21,68.63831235298755,14.329146002786235,0.0,0.0,0.0,0.0,1,1,0
202,1,21,22,83.06120007408789,9.726305157872847,0.0,0.0,0.0,0.0,1,1,0
203,1,21,21,158.00396337446944,24.734863697467976,0.0,0.0,0.0,0.0,1,1,0
204,1,21,21,39.12930873108319,11.522591183600015,0.0,0.0,0.0,0.0,1,1,0
205,1,21,21,38.98136431472982,8.08803946088478,0.0,0.0,0.0,0.0,1,1,0
206,1,21,22,77.36552731971145,20.550538609539718,0.0,0.0,0.0,0.0,1,1,0
207,1,21,22,100.39629838701804,19.499469640793976,0.0,0.0,0.0,0.0,1,1,0
208,1,21,22,121.70540254088743,25.389417441119903,0.0,0.0,0.0,0.0,1,1,0
209,1,21,23,131.01410790596972,25.57089451675583,0.0,0.0,0.0,0.0,1,1,0
210,1,21,23,151.80697696556453,26.808691053126005,0.0,0.0,0.0,0.0,1,1,0
211,1,21,23,0.0,0.0,0.0,0.0,0.0,0.0,1,1,0
212,1,21,23,0.0,0.0,0.0,0.0,0.0,0.0,1,1,0
213,1,22,24,229.37404993995327,43.4087293262802,0.0,0.0,0.0,0.0,1,1,0
214,1,22,26,98.58939642944019,33.86323978733551,0.0,0.0,0.0,0.0,1,1,0
215,1,22,26,233.0633271706728,41.75298448697626,0.0,0.0,0.0,0.0,1,1,0
216,1,22,26,69.8186072315555,10.465592172056436,0.0,0.0,0.0,0.0,1,1,0
217,1,22,27,0.0,0.0,0.0,0.0,0.0,0.0,1,1,0
218,1,22,27,262.2094915468725,48.03861144943479,0.0,0.0,0.0,0.0,1,1,0
219,1,22,25,109.63402213453884,25.765019726025592,0.0,0.0,0.0,0.0,1,1,0
220,1,22,25,73.53154159115552,18.280678451437968,0.0,0.0,0.0,0.0,1,1,0
221,1,22,27,0.0,0.0,0.0,0.0,0.0,0.0,1,1,0
222,1,22,27,0.0,0.0,0.0,0.0,0.0,0.0,1,1,0
223,1,22,25,0.0,0.0,0.0,0.0,0.0,0.0,1,1,0
224,1,22,26,0.0,0.0,0.0,0.0,0.0,0.0,1,1,0
301,1,31,31,90.21513505546264,14.420991822176614,0.0,0.0,0.0,0.0,1,1,0
302,1,31,32,55.59550090703862,15.35329430270288,0.0,0.0,0.0,0.0,1,1,0
303,1,31,31,98.79747166919242,19.84479964471268,0.0,0.0,0.0,0.0,1,1,0
304,1,31,31,59.307170861198,10.848781112690688,0.0,0.0,0.0,0.0,1,1,0
305,1,31,31,37.44812102057641,7.839425628117844,0.0,0.0,0.0,0.0,1,1,0
306,1,31,32,107.54699783802332,15.083429339687525,0.0,0.0,0.0,0.0,1,1,0
307,1,31,32,106.94395190861542,18.282000230971025,0.0,0.0,0.0,0.0,1,1,0
308,1,31,32,150.65006301943885,22.3390327726244,0.0,0.0,0.0,0.0,1,1,0
309,1,31,33,135.69665037823376,18.261893987875432,0.0,0.0,0.0,0.0,1,1,0
310,1,31,33,112.19925918548809,23.996558690607547,0.0,0.0,0.0,0.0,1,1,0
311,1,31,33,0.0,0.0,0.0,0.0,0.0,0.0,1,1,0
312,1,31,33,0.0,0.0,0.0,0.0,0.0,0.0,1,1,0
313,1,32,34,191.31896675667494,33.031910770566945,0.0,0.0,0.0,0.0,1,1,0
314,1,32,36,149.30755133573274,20.852174529973187,0.0,0.0,0.0,0.0,1,1,0
315,1,32,36,197.06125356409004,37.35579649744034,0.0,0.0,0.0,0.0,1,1,0
