% From Raw File 
%% RTS 96 System Bus Data %% 
all_busdata96 = [ 
101,138,2,1,1,1,1.00,0.00,1.1,0.9,1.1,0.9
102,138,2,1,1,1,1.00,0.00,1.1,0.9,1.1,0.9
103,138,1,1,1,1,1.00,0.00,1.1,0.9,1.1,0.9
104,138,1,1,1,1,1.00,0.00,1.1,0.9,1.1,0.9
105,138,1,1,1,1,1.00,0.00,1.1,0.9,1.1,0.9
106,138,1,1,1,1,1.00,0.00,1.1,0.9,1.1,0.9
107,138,2,1,1,1,1.00,0.00,1.1,0.9,1.1,0.9
108,138,1,1,1,1,1.00,0.00,1.1,0.9,1.1,0.9
109,138,1,1,1,1,1.00,0.00,1.1,0.9,1.1,0.9
110,138,1,1,1,1,1.00,0.00,1.1,0.9,1.1,0.9
111,230,1,1,1,1,1.00,0.00,1.1,0.9,1.1,0.9
112,230,1,1,1,1,1.00,0.00,1.1,0.9,1.1,0.9
113,230,3,1,1,1,1.00,0.00,1.1,0.9,1.1,0.9
114,230,2,1,1,1,1.00,0.00,1.1,0.9,1.1,0.9
115,230,2,1,1,1,1.00,0.00,1.1,0.9,1.1,0.9
116,230,2,1,1,1,1.00,0.00,1.1,0.9,1.1,0.9
117,230,1,1,1,1,1.00,0.00,1.1,0.9,1.1,0.9
118,230,2,1,1,1,1.00,0.00,1.1,0.9,1.1,0.9
119,230,1,1,1,1,1.00,0.00,1.1,0.9,1.1,0.9
120,230,1,1,1,1,1.00,0.00,1.1,0.9,1.1,0.9
121,230,2,1,1,1,1.00,0.00,1.1,0.9,1.1,0.9
122,230,2,1,1,1,1.00,0.00,1.1,0.9,1.1,0.9
123,230,2,1,1,1,1.00,0.00,1.1,0.9,1.1,0.9
124,230,1,1,1,1,1.00,0.00,1.1,0.9,1.1,0.9
201,138,2,1,1,1,1.00,0.00,1.1,0.9,1.1,0.9
202,138,2,1,1,1,1.00,0.00,1.1,0.9,1.1,0.9
203,138,1,1,1,1,1.00,0.00,1.1,0.9,1.1,0.9
204,138,1,1,1,1,1.00,0.00,1.1,0.9,1.1,0.9
205,138,1,1,1,1,1.00,0.00,1.1,0.9,1.1,0.9
206,138,1,1,1,1,1.00,0.00,1.1,0.9,1.1,0.9
207,138,2,1,1,1,1.00,0.00,1.1,0.9,1.1,0.9
208,138,1,1,1,1,1.00,0.00,1.1,0.9,1.1,0.9
209,138,1,1,1,1,1.00,0.00,1.1,0.9,1.1,0.9
210,138,1,1,1,1,1.00,0.00,1.1,0.9,1.1,0.9
211,230,1,1,1,1,1.00,0.00,1.1,0.9,1.1,0.9
212,230,1,1,1,1,1.00,0.00,1.1,0.9,1.1,0.9
213,230,2,1,1,1,1.00,0.00,1.1,0.9,1.1,0.9
214,230,2,1,1,1,1.00,0.00,1.1,0.9,1.1,0.9
215,230,2,1,1,1,1.00,0.00,1.1,0.9,1.1,0.9
216,230,2,1,1,1,1.00,0.00,1.1,0.9,1.1,0.9
217,230,1,1,1,1,1.00,0.00,1.1,0.9,1.1,0.9
218,230,2,1,1,1,1.00,0.00,1.1,0.9,1.1,0.9
219,230,1,1,1,1,1.00,0.00,1.1,0.9,1.1,0.9
220,230,1,1,1,1,1.00,0.00,1.1,0.9,1.1,0.9
221,230,2,1,1,1,1.00,0.00,1.1,0.9,1.1,0.9
222,230,2,1,1,1,1.00,0.00,1.1,0.9,1.1,0.9
223,230,2,1,1,1,1.00,0.00,1.1,0.9,1.1,0.9
224,230,1,1,1,1,1.00,0.00,1.1,0.9,1.1,0.9
301,138,2,1,1,1,1.00,0.00,1.1,0.9,1.1,0.9
302,138,2,1,1,1,1.00,0.00,1.1,0.9,1.1,0.9
303,138,1,1,1,1,1.00,0.00,1.1,0.9,1.1,0.9
304,138,1,1,1,1,1.00,0.00,1.1,0.9,1.1,0.9
305,138,1,1,1,1,1.00,0.00,1.1,0.9,1.1,0.9
306,138,1,1,1,1,1.00,0.00,1.1,0.9,1.1,0.9
307,138,2,1,1,1,1.00,0.00,1.1,0.9,1.1,0.9
308,138,1,1,1,1,1.00,0.00,1.1,0.9,1.1,0.9
309,138,1,1,1,1,1.00,0.00,1.1,0.9,1.1,0.9
310,138,1,1,1,1,1.00,0.00,1.1,0.9,1.1,0.9
311,230,1,1,1,1,1.00,0.00,1.1,0.9,1.1,0.9
312,230,1,1,1,1,1.00,0.00,1.1,0.9,1.1,0.9
313,230,2,1,1,1,1.00,0.00,1.1,0.9,1.1,0.9
314,230,2,1,1,1,1.00,0.00,1.1,0.9,1.1,0.9
315,230,2,1,1,1,1.00,0.00,1.1,0.9,1.1,0.9
316,230,2,1,1,1,1.00,0.00,1.1,0.9,1.1,0.9
317,230,1,1,1,1,1.00,0.00,1.1,0.9,1.1,0.9
318,230,2,1,1,1,1.00,0.00,1.1,0.9,1.1,0.9
319,230,1,1,1,1,1.00,0.00,1.1,0.9,1.1,0.9
320,230,1,1,1,1,1.00,0.00,1.1,0.9,1.1,0.9
321,230,2,1,1,1,1.00,0.00,1.1,0.9,1.1,0.9
322,230,2,1,1,1,1.00,0.00,1.1,0.9,1.1,0.9
323,230,2,1,1,1,1.00,0.00,1.1,0.9,1.1,0.9
324,230,1,1,1,1,1.00,0.00,1.1,0.9,1.1,0.9
325,230,1,1,1,1,1.00,0.00,1.1,0.9,1.1,0.9
]; 
all_busName96 = [   ' 101 ';  ' 102 ';  ' 103 ';  ' 104 ';  ' 105 ';  ' 106 ';  ' 107 ';  ' 108 ';  ' 109 ';  ' 110 ';  ' 111 ';  ' 112 ';  ' 113 ';  ' 114 ';  ' 115 ';  ' 116 ';  ' 117 ';  ' 118 ';  ' 119 ';  ' 120 ';  ' 121 ';  ' 122 ';  ' 123 ';  ' 124 ';  ' 201 ';  ' 202 ';  ' 203 ';  ' 204 ';  ' 205 ';  ' 206 ';  ' 207 ';  ' 208 ';  ' 209 ';  ' 210 ';  ' 211 ';  ' 212 ';  ' 213 ';  ' 214 ';  ' 215 ';  ' 216 ';  ' 217 ';  ' 218 ';  ' 219 ';  ' 220 ';  ' 221 ';  ' 222 ';  ' 223 ';  ' 224 ';  ' 301 ';  ' 302 ';  ' 303 ';  ' 304 ';  ' 305 ';  ' 306 ';  ' 307 ';  ' 308 ';  ' 309 ';  ' 310 ';  ' 311 ';  ' 312 ';  ' 313 ';  ' 314 ';  ' 315 ';  ' 316 ';  ' 317 ';  ' 318 ';  ' 319 ';  ' 320 ';  ' 321 ';  ' 322 ';  ' 323 ';  ' 324 ';  ' 325 '; ];
%% RTS 96 System Load Data %% 
all_loaddata96 = [ 
101,1,11,11,53.33850024482365,17.061916211437527,0.0,0.0,0.0,0.0,1,1,0
102,1,11,12,71.43335364349521,17.521947535363957,0.0,0.0,0.0,0.0,1,1,0
103,1,11,11,133.40563208760972,29.26834608474816,0.0,0.0,0.0,0.0,1,1,0
104,1,11,11,59.97564593381295,8.173522524175699,0.0,0.0,0.0,0.0,1,1,0
105,1,11,11,35.86293101217156,8.322530597104691,0.0,0.0,0.0,0.0,1,1,0
106,1,11,12,74.19474073085635,18.198006071558968,0.0,0.0,0.0,0.0,1,1,0
107,1,11,12,107.8959128181974,12.950676087598548,0.0,0.0,0.0,0.0,1,1,0
108,1,11,12,132.60484141586772,26.409806410236282,0.0,0.0,0.0,0.0,1,1,0
109,1,11,13,149.60496386392626,31.269526297333652,0.0,0.0,0.0,0.0,1,1,0
110,1,11,13,111.76946584457997,28.95436823426373,0.0,0.0,0.0,0.0,1,1,0
111,1,11,13,0.0,0.0,0.0,0.0,0.0,0.0,1,1,0
112,1,11,13,0.0,0.0,0.0,0.0,0.0,0.0,1,1,0
113,1,12,14,198.05545886805098,42.41785595409544,0.0,0.0,0.0,0.0,1,1,0
114,1,12,16,99.29713448750144,20.30038785280762,0.0,0.0,0.0,0.0,1,1,0
115,1,12,16,189.2667653543429,52.32120252437889,0.0,0.0,0.0,0.0,1,1,0
116,1,12,16,59.55388772511855,17.458000292245302,0.0,0.0,0.0,0.0,1,1,0
117,1,12,17,0.0,0.0,0.0,0.0,0.0,0.0,1,1,0
118,1,12,17,205.72379062898113,59.18489389490337,0.0,0.0,0.0,0.0,1,1,0
119,1,12,15,130.43873570142247,28.685548301326573,0.0,0.0,0.0,0.0,1,1,0
120,1,12,15,95.49856106700898,17.363669618419,0.0,0.0,0.0,0.0,1,1,0
121,1,12,17,0.0,0.0,0.0,0.0,0.0,0.0,1,1,0
122,1,12,17,0.0,0.0,0.0,0.0,0.0,0.0,1,1,0
123,1,12,15,0.0,0.0,0.0,0.0,0.0,0.0,1,1,0
124,1,12,16,0.0,0.0,0.0,0.0,0.0,0.0,1,1,0
201,1,21,21,80.61132465658093,14.881174649416097,0.0,0.0,0.0,0.0,1,1,0
202,1,21,22,55.52289760807841,10.184573659476824,0.0,0.0,0.0,0.0,1,1,0
203,1,21,21,92.10534156662877,20.806452012491363,0.0,0.0,0.0,0.0,1,1,0
204,1,21,21,40.49143312360038,12.577074661823922,0.0,0.0,0.0,0.0,1,1,0
205,1,21,21,47.60535828202162,8.27482324725939,0.0,0.0,0.0,0.0,1,1,0
206,1,21,22,111.88892125700937,21.31675965940598,0.0,0.0,0.0,0.0,1,1,0
207,1,21,22,61.2076051071519,17.045819405182264,0.0,0.0,0.0,0.0,1,1,0
208,1,21,22,118.26021162738638,18.521246479484017,0.0,0.0,0.0,0.0,1,1,0
209,1,21,23,104.58017985404818,25.864549471300656,0.0,0.0,0.0,0.0,1,1,0
210,1,21,23,134.2885330223688,29.380914015457034,0.0,0.0,0.0,0.0,1,1,0
211,1,21,23,0.0,0.0,0.0,0.0,0.0,0.0,1,1,0
212,1,21,23,0.0,0.0,0.0,0.0,0.0,0.0,1,1,0
213,1,22,24,217.08677468179425,45.006041560474415,0.0,0.0,0.0,0.0,1,1,0
214,1,22,26,165.54328312050242,30.73193289860068,0.0,0.0,0.0,0.0,1,1,0
215,1,22,26,195.7248004546688,51.02895106538236,0.0,0.0,0.0,0.0,1,1,0
216,1,22,26,85.85098501373548,11.30842983861733,0.0,0.0,0.0,0.0,1,1,0
217,1,22,27,0.0,0.0,0.0,0.0,0.0,0.0,1,1,0
218,1,22,27,294.3687227381086,41.428127529893075,0.0,0.0,0.0,0.0,1,1,0
219,1,22,25,89.10450039096926,23.86497829111372,0.0,0.0,0.0,0.0,1,1,0
220,1,22,25,74.73503634565472,21.392863446709793,0.0,0.0,0.0,0.0,1,1,0
221,1,22,27,0.0,0.0,0.0,0.0,0.0,0.0,1,1,0
222,1,22,27,0.0,0.0,0.0,0.0,0.0,0.0,1,1,0
223,1,22,25,0.0,0.0,0.0,0.0,0.0,0.0,1,1,0
224,1,22,26,0.0,0.0,0.0,0.0,0.0,0.0,1,1,0
301,1,31,31,65.82301080514938,16.758735213327597,0.0,0.0,0.0,0.0,1,1,0
302,1,31,32,76.37137897074824,13.539970824695192,0.0,0.0,0.0,0.0,1,1,0
303,1,31,31,123.63814610106031,21.410751673606455,0.0,0.0,0.0,0.0,1,1,0
304,1,31,31,44.19255776029089,9.656494120227405,0.0,0.0,0.0,0.0,1,1,0
305,1,31,31,41.766115635542434,7.229265260197688,0.0,0.0,0.0,0.0,1,1,0
306,1,31,32,103.22486488546059,15.962152201944216,0.0,0.0,0.0,0.0,1,1,0
307,1,31,32,102.53344662232557,14.467941199347841,0.0,0.0,0.0,0.0,1,1,0
308,1,31,32,152.12895876028225,22.00607954377192,0.0,0.0,0.0,0.0,1,1,0
309,1,31,33,121.15832333959058,31.964882622154242,0.0,0.0,0.0,0.0,1,1,0
310,1,31,33,164.99440114044165,22.26491736787185,0.0,0.0,0.0,0.0,1,1,0
311,1,31,33,0.0,0.0,0.0,0.0,0.0,0.0,1,1,0
312,1,31,33,0.0,0.0,0.0,0.0,0.0,0.0,1,1,0
313,1,32,34,233.82753042936093,41.045130977882444,0.0,0.0,0.0,0.0,1,1,0
314,1,32,36,127.76622019492129,25.369359545654433,0.0,0.0,0.0,0.0,1,1,0
315,1,32,36,265.95362912779666,50.33800825795233,0.0,0.0,0.0,0.0,1,1,0
