% From Raw File 
%% RTS 96 System Bus Data %% 
all_busdata96 = [ 
101,138,2,1,1,1,1.00,0.00,1.1,0.9,1.1,0.9
102,138,2,1,1,1,1.00,0.00,1.1,0.9,1.1,0.9
103,138,1,1,1,1,1.00,0.00,1.1,0.9,1.1,0.9
104,138,1,1,1,1,1.00,0.00,1.1,0.9,1.1,0.9
105,138,1,1,1,1,1.00,0.00,1.1,0.9,1.1,0.9
106,138,1,1,1,1,1.00,0.00,1.1,0.9,1.1,0.9
107,138,2,1,1,1,1.00,0.00,1.1,0.9,1.1,0.9
108,138,1,1,1,1,1.00,0.00,1.1,0.9,1.1,0.9
109,138,1,1,1,1,1.00,0.00,1.1,0.9,1.1,0.9
110,138,1,1,1,1,1.00,0.00,1.1,0.9,1.1,0.9
111,230,1,1,1,1,1.00,0.00,1.1,0.9,1.1,0.9
112,230,1,1,1,1,1.00,0.00,1.1,0.9,1.1,0.9
113,230,3,1,1,1,1.00,0.00,1.1,0.9,1.1,0.9
114,230,2,1,1,1,1.00,0.00,1.1,0.9,1.1,0.9
115,230,2,1,1,1,1.00,0.00,1.1,0.9,1.1,0.9
116,230,2,1,1,1,1.00,0.00,1.1,0.9,1.1,0.9
117,230,1,1,1,1,1.00,0.00,1.1,0.9,1.1,0.9
118,230,2,1,1,1,1.00,0.00,1.1,0.9,1.1,0.9
119,230,1,1,1,1,1.00,0.00,1.1,0.9,1.1,0.9
120,230,1,1,1,1,1.00,0.00,1.1,0.9,1.1,0.9
121,230,2,1,1,1,1.00,0.00,1.1,0.9,1.1,0.9
122,230,2,1,1,1,1.00,0.00,1.1,0.9,1.1,0.9
123,230,2,1,1,1,1.00,0.00,1.1,0.9,1.1,0.9
124,230,1,1,1,1,1.00,0.00,1.1,0.9,1.1,0.9
201,138,2,1,1,1,1.00,0.00,1.1,0.9,1.1,0.9
202,138,2,1,1,1,1.00,0.00,1.1,0.9,1.1,0.9
203,138,1,1,1,1,1.00,0.00,1.1,0.9,1.1,0.9
204,138,1,1,1,1,1.00,0.00,1.1,0.9,1.1,0.9
205,138,1,1,1,1,1.00,0.00,1.1,0.9,1.1,0.9
206,138,1,1,1,1,1.00,0.00,1.1,0.9,1.1,0.9
207,138,2,1,1,1,1.00,0.00,1.1,0.9,1.1,0.9
208,138,1,1,1,1,1.00,0.00,1.1,0.9,1.1,0.9
209,138,1,1,1,1,1.00,0.00,1.1,0.9,1.1,0.9
210,138,1,1,1,1,1.00,0.00,1.1,0.9,1.1,0.9
211,230,1,1,1,1,1.00,0.00,1.1,0.9,1.1,0.9
212,230,1,1,1,1,1.00,0.00,1.1,0.9,1.1,0.9
213,230,2,1,1,1,1.00,0.00,1.1,0.9,1.1,0.9
214,230,2,1,1,1,1.00,0.00,1.1,0.9,1.1,0.9
215,230,2,1,1,1,1.00,0.00,1.1,0.9,1.1,0.9
216,230,2,1,1,1,1.00,0.00,1.1,0.9,1.1,0.9
217,230,1,1,1,1,1.00,0.00,1.1,0.9,1.1,0.9
218,230,2,1,1,1,1.00,0.00,1.1,0.9,1.1,0.9
219,230,1,1,1,1,1.00,0.00,1.1,0.9,1.1,0.9
220,230,1,1,1,1,1.00,0.00,1.1,0.9,1.1,0.9
221,230,2,1,1,1,1.00,0.00,1.1,0.9,1.1,0.9
222,230,2,1,1,1,1.00,0.00,1.1,0.9,1.1,0.9
223,230,2,1,1,1,1.00,0.00,1.1,0.9,1.1,0.9
224,230,1,1,1,1,1.00,0.00,1.1,0.9,1.1,0.9
301,138,2,1,1,1,1.00,0.00,1.1,0.9,1.1,0.9
302,138,2,1,1,1,1.00,0.00,1.1,0.9,1.1,0.9
303,138,1,1,1,1,1.00,0.00,1.1,0.9,1.1,0.9
304,138,1,1,1,1,1.00,0.00,1.1,0.9,1.1,0.9
305,138,1,1,1,1,1.00,0.00,1.1,0.9,1.1,0.9
306,138,1,1,1,1,1.00,0.00,1.1,0.9,1.1,0.9
307,138,2,1,1,1,1.00,0.00,1.1,0.9,1.1,0.9
308,138,1,1,1,1,1.00,0.00,1.1,0.9,1.1,0.9
309,138,1,1,1,1,1.00,0.00,1.1,0.9,1.1,0.9
310,138,1,1,1,1,1.00,0.00,1.1,0.9,1.1,0.9
311,230,1,1,1,1,1.00,0.00,1.1,0.9,1.1,0.9
312,230,1,1,1,1,1.00,0.00,1.1,0.9,1.1,0.9
313,230,2,1,1,1,1.00,0.00,1.1,0.9,1.1,0.9
314,230,2,1,1,1,1.00,0.00,1.1,0.9,1.1,0.9
315,230,2,1,1,1,1.00,0.00,1.1,0.9,1.1,0.9
316,230,2,1,1,1,1.00,0.00,1.1,0.9,1.1,0.9
317,230,1,1,1,1,1.00,0.00,1.1,0.9,1.1,0.9
318,230,2,1,1,1,1.00,0.00,1.1,0.9,1.1,0.9
319,230,1,1,1,1,1.00,0.00,1.1,0.9,1.1,0.9
320,230,1,1,1,1,1.00,0.00,1.1,0.9,1.1,0.9
321,230,2,1,1,1,1.00,0.00,1.1,0.9,1.1,0.9
322,230,2,1,1,1,1.00,0.00,1.1,0.9,1.1,0.9
323,230,2,1,1,1,1.00,0.00,1.1,0.9,1.1,0.9
324,230,1,1,1,1,1.00,0.00,1.1,0.9,1.1,0.9
325,230,1,1,1,1,1.00,0.00,1.1,0.9,1.1,0.9
]; 
all_busName96 = [   ' 101 ';  ' 102 ';  ' 103 ';  ' 104 ';  ' 105 ';  ' 106 ';  ' 107 ';  ' 108 ';  ' 109 ';  ' 110 ';  ' 111 ';  ' 112 ';  ' 113 ';  ' 114 ';  ' 115 ';  ' 116 ';  ' 117 ';  ' 118 ';  ' 119 ';  ' 120 ';  ' 121 ';  ' 122 ';  ' 123 ';  ' 124 ';  ' 201 ';  ' 202 ';  ' 203 ';  ' 204 ';  ' 205 ';  ' 206 ';  ' 207 ';  ' 208 ';  ' 209 ';  ' 210 ';  ' 211 ';  ' 212 ';  ' 213 ';  ' 214 ';  ' 215 ';  ' 216 ';  ' 217 ';  ' 218 ';  ' 219 ';  ' 220 ';  ' 221 ';  ' 222 ';  ' 223 ';  ' 224 ';  ' 301 ';  ' 302 ';  ' 303 ';  ' 304 ';  ' 305 ';  ' 306 ';  ' 307 ';  ' 308 ';  ' 309 ';  ' 310 ';  ' 311 ';  ' 312 ';  ' 313 ';  ' 314 ';  ' 315 ';  ' 316 ';  ' 317 ';  ' 318 ';  ' 319 ';  ' 320 ';  ' 321 ';  ' 322 ';  ' 323 ';  ' 324 ';  ' 325 '; ];
%% RTS 96 System Load Data %% 
all_loaddata96 = [ 
101,1,11,11,84.71160500135925,17.57204547898751,0.0,0.0,0.0,0.0,1,1,0
102,1,11,12,49.26860506818741,10.259475582137703,0.0,0.0,0.0,0.0,1,1,0
103,1,11,11,135.9648430886334,18.629749157755587,0.0,0.0,0.0,0.0,1,1,0
104,1,11,11,61.55558606991637,12.362675728816072,0.0,0.0,0.0,0.0,1,1,0
105,1,11,11,55.22052571429834,8.847843391929288,0.0,0.0,0.0,0.0,1,1,0
106,1,11,12,107.51539386209028,18.801377666396835,0.0,0.0,0.0,0.0,1,1,0
107,1,11,12,85.8679633913096,12.681129882065578,0.0,0.0,0.0,0.0,1,1,0
108,1,11,12,143.25011633823425,23.824834938806248,0.0,0.0,0.0,0.0,1,1,0
109,1,11,13,115.11143802880194,23.052460440603085,0.0,0.0,0.0,0.0,1,1,0
110,1,11,13,117.42287599146294,34.54865444749407,0.0,0.0,0.0,0.0,1,1,0
111,1,11,13,0.0,0.0,0.0,0.0,0.0,0.0,1,1,0
112,1,11,13,0.0,0.0,0.0,0.0,0.0,0.0,1,1,0
113,1,12,14,223.12245571787219,36.1995568471916,0.0,0.0,0.0,0.0,1,1,0
114,1,12,16,144.60130027529178,23.40636039280384,0.0,0.0,0.0,0.0,1,1,0
115,1,12,16,183.75780027819425,36.68388042776584,0.0,0.0,0.0,0.0,1,1,0
116,1,12,16,70.11675652478355,11.290795023210345,0.0,0.0,0.0,0.0,1,1,0
117,1,12,17,0.0,0.0,0.0,0.0,0.0,0.0,1,1,0
118,1,12,17,270.40008293449074,35.17045458916258,0.0,0.0,0.0,0.0,1,1,0
119,1,12,15,136.0756004230593,22.18339540156829,0.0,0.0,0.0,0.0,1,1,0
120,1,12,15,99.89293746117352,17.09394959254414,0.0,0.0,0.0,0.0,1,1,0
121,1,12,17,0.0,0.0,0.0,0.0,0.0,0.0,1,1,0
122,1,12,17,0.0,0.0,0.0,0.0,0.0,0.0,1,1,0
123,1,12,15,0.0,0.0,0.0,0.0,0.0,0.0,1,1,0
124,1,12,16,0.0,0.0,0.0,0.0,0.0,0.0,1,1,0
201,1,21,21,65.00640591811704,17.90275163192097,0.0,0.0,0.0,0.0,1,1,0
202,1,21,22,79.63115223026179,16.864365202431564,0.0,0.0,0.0,0.0,1,1,0
203,1,21,21,96.5018685059985,20.688563230573664,0.0,0.0,0.0,0.0,1,1,0
204,1,21,21,40.39825900681307,12.420514886351768,0.0,0.0,0.0,0.0,1,1,0
205,1,21,21,34.931308538047084,11.495364122116193,0.0,0.0,0.0,0.0,1,1,0
206,1,21,22,106.99975292210989,20.960870911561514,0.0,0.0,0.0,0.0,1,1,0
207,1,21,22,81.42145303603029,13.854111429284092,0.0,0.0,0.0,0.0,1,1,0
208,1,21,22,140.52984364343305,20.989590283154044,0.0,0.0,0.0,0.0,1,1,0
209,1,21,23,96.4277645155834,23.94285373696871,0.0,0.0,0.0,0.0,1,1,0
210,1,21,23,100.40191190805402,30.42705065221153,0.0,0.0,0.0,0.0,1,1,0
211,1,21,23,0.0,0.0,0.0,0.0,0.0,0.0,1,1,0
212,1,21,23,0.0,0.0,0.0,0.0,0.0,0.0,1,1,0
213,1,22,24,175.53603810509364,41.72582336771171,0.0,0.0,0.0,0.0,1,1,0
214,1,22,26,114.48332403952237,19.34400512061459,0.0,0.0,0.0,0.0,1,1,0
215,1,22,26,254.36840434351893,47.28171175793409,0.0,0.0,0.0,0.0,1,1,0
216,1,22,26,75.57673120362684,14.575994882550091,0.0,0.0,0.0,0.0,1,1,0
217,1,22,27,0.0,0.0,0.0,0.0,0.0,0.0,1,1,0
218,1,22,27,266.7128898988602,53.16889232003466,0.0,0.0,0.0,0.0,1,1,0
219,1,22,25,158.8716598645537,28.107362118212038,0.0,0.0,0.0,0.0,1,1,0
220,1,22,25,105.63481731494664,16.348168588134182,0.0,0.0,0.0,0.0,1,1,0
221,1,22,27,0.0,0.0,0.0,0.0,0.0,0.0,1,1,0
222,1,22,27,0.0,0.0,0.0,0.0,0.0,0.0,1,1,0
223,1,22,25,0.0,0.0,0.0,0.0,0.0,0.0,1,1,0
224,1,22,26,0.0,0.0,0.0,0.0,0.0,0.0,1,1,0
301,1,31,31,93.447226081237,14.700764321272262,0.0,0.0,0.0,0.0,1,1,0
302,1,31,32,69.84430781497909,16.047536098455076,0.0,0.0,0.0,0.0,1,1,0
303,1,31,31,103.09421188970188,26.63370618113433,0.0,0.0,0.0,0.0,1,1,0
304,1,31,31,50.458260957801805,9.417023667807458,0.0,0.0,0.0,0.0,1,1,0
305,1,31,31,43.73718011853355,8.046059606901927,0.0,0.0,0.0,0.0,1,1,0
306,1,31,32,81.86364538826085,14.126565471147,0.0,0.0,0.0,0.0,1,1,0
307,1,31,32,91.29591117980307,15.76989898564294,0.0,0.0,0.0,0.0,1,1,0
308,1,31,32,133.50824803257328,23.62720537120616,0.0,0.0,0.0,0.0,1,1,0
309,1,31,33,94.87485525828554,27.554393164266273,0.0,0.0,0.0,0.0,1,1,0
310,1,31,33,95.49136687680402,28.939231906989587,0.0,0.0,0.0,0.0,1,1,0
311,1,31,33,0.0,0.0,0.0,0.0,0.0,0.0,1,1,0
312,1,31,33,0.0,0.0,0.0,0.0,0.0,0.0,1,1,0
313,1,32,34,180.91242209745712,37.68679848511331,0.0,0.0,0.0,0.0,1,1,0
314,1,32,36,147.96185757212956,34.98890963618495,0.0,0.0,0.0,0.0,1,1,0
315,1,32,36,236.55581927516306,35.13978803486824,0.0,0.0,0.0,0.0,1,1,0
