% From Raw File 
%% RTS 96 System Bus Data %% 
all_busdata96 = [ 
101,138,2,1,1,1,1.00,0.00,1.1,0.9,1.1,0.9
102,138,2,1,1,1,1.00,0.00,1.1,0.9,1.1,0.9
103,138,1,1,1,1,1.00,0.00,1.1,0.9,1.1,0.9
104,138,1,1,1,1,1.00,0.00,1.1,0.9,1.1,0.9
105,138,1,1,1,1,1.00,0.00,1.1,0.9,1.1,0.9
106,138,1,1,1,1,1.00,0.00,1.1,0.9,1.1,0.9
107,138,2,1,1,1,1.00,0.00,1.1,0.9,1.1,0.9
108,138,1,1,1,1,1.00,0.00,1.1,0.9,1.1,0.9
109,138,1,1,1,1,1.00,0.00,1.1,0.9,1.1,0.9
110,138,1,1,1,1,1.00,0.00,1.1,0.9,1.1,0.9
111,230,1,1,1,1,1.00,0.00,1.1,0.9,1.1,0.9
112,230,1,1,1,1,1.00,0.00,1.1,0.9,1.1,0.9
113,230,3,1,1,1,1.00,0.00,1.1,0.9,1.1,0.9
114,230,2,1,1,1,1.00,0.00,1.1,0.9,1.1,0.9
115,230,2,1,1,1,1.00,0.00,1.1,0.9,1.1,0.9
116,230,2,1,1,1,1.00,0.00,1.1,0.9,1.1,0.9
117,230,1,1,1,1,1.00,0.00,1.1,0.9,1.1,0.9
118,230,2,1,1,1,1.00,0.00,1.1,0.9,1.1,0.9
119,230,1,1,1,1,1.00,0.00,1.1,0.9,1.1,0.9
120,230,1,1,1,1,1.00,0.00,1.1,0.9,1.1,0.9
121,230,2,1,1,1,1.00,0.00,1.1,0.9,1.1,0.9
122,230,2,1,1,1,1.00,0.00,1.1,0.9,1.1,0.9
123,230,2,1,1,1,1.00,0.00,1.1,0.9,1.1,0.9
124,230,1,1,1,1,1.00,0.00,1.1,0.9,1.1,0.9
201,138,2,1,1,1,1.00,0.00,1.1,0.9,1.1,0.9
202,138,2,1,1,1,1.00,0.00,1.1,0.9,1.1,0.9
203,138,1,1,1,1,1.00,0.00,1.1,0.9,1.1,0.9
204,138,1,1,1,1,1.00,0.00,1.1,0.9,1.1,0.9
205,138,1,1,1,1,1.00,0.00,1.1,0.9,1.1,0.9
206,138,1,1,1,1,1.00,0.00,1.1,0.9,1.1,0.9
207,138,2,1,1,1,1.00,0.00,1.1,0.9,1.1,0.9
208,138,1,1,1,1,1.00,0.00,1.1,0.9,1.1,0.9
209,138,1,1,1,1,1.00,0.00,1.1,0.9,1.1,0.9
210,138,1,1,1,1,1.00,0.00,1.1,0.9,1.1,0.9
211,230,1,1,1,1,1.00,0.00,1.1,0.9,1.1,0.9
212,230,1,1,1,1,1.00,0.00,1.1,0.9,1.1,0.9
213,230,2,1,1,1,1.00,0.00,1.1,0.9,1.1,0.9
214,230,2,1,1,1,1.00,0.00,1.1,0.9,1.1,0.9
215,230,2,1,1,1,1.00,0.00,1.1,0.9,1.1,0.9
216,230,2,1,1,1,1.00,0.00,1.1,0.9,1.1,0.9
217,230,1,1,1,1,1.00,0.00,1.1,0.9,1.1,0.9
218,230,2,1,1,1,1.00,0.00,1.1,0.9,1.1,0.9
219,230,1,1,1,1,1.00,0.00,1.1,0.9,1.1,0.9
220,230,1,1,1,1,1.00,0.00,1.1,0.9,1.1,0.9
221,230,2,1,1,1,1.00,0.00,1.1,0.9,1.1,0.9
222,230,2,1,1,1,1.00,0.00,1.1,0.9,1.1,0.9
223,230,2,1,1,1,1.00,0.00,1.1,0.9,1.1,0.9
224,230,1,1,1,1,1.00,0.00,1.1,0.9,1.1,0.9
301,138,2,1,1,1,1.00,0.00,1.1,0.9,1.1,0.9
302,138,2,1,1,1,1.00,0.00,1.1,0.9,1.1,0.9
303,138,1,1,1,1,1.00,0.00,1.1,0.9,1.1,0.9
304,138,1,1,1,1,1.00,0.00,1.1,0.9,1.1,0.9
305,138,1,1,1,1,1.00,0.00,1.1,0.9,1.1,0.9
306,138,1,1,1,1,1.00,0.00,1.1,0.9,1.1,0.9
307,138,2,1,1,1,1.00,0.00,1.1,0.9,1.1,0.9
308,138,1,1,1,1,1.00,0.00,1.1,0.9,1.1,0.9
309,138,1,1,1,1,1.00,0.00,1.1,0.9,1.1,0.9
310,138,1,1,1,1,1.00,0.00,1.1,0.9,1.1,0.9
311,230,1,1,1,1,1.00,0.00,1.1,0.9,1.1,0.9
312,230,1,1,1,1,1.00,0.00,1.1,0.9,1.1,0.9
313,230,2,1,1,1,1.00,0.00,1.1,0.9,1.1,0.9
314,230,2,1,1,1,1.00,0.00,1.1,0.9,1.1,0.9
315,230,2,1,1,1,1.00,0.00,1.1,0.9,1.1,0.9
316,230,2,1,1,1,1.00,0.00,1.1,0.9,1.1,0.9
317,230,1,1,1,1,1.00,0.00,1.1,0.9,1.1,0.9
318,230,2,1,1,1,1.00,0.00,1.1,0.9,1.1,0.9
319,230,1,1,1,1,1.00,0.00,1.1,0.9,1.1,0.9
320,230,1,1,1,1,1.00,0.00,1.1,0.9,1.1,0.9
321,230,2,1,1,1,1.00,0.00,1.1,0.9,1.1,0.9
322,230,2,1,1,1,1.00,0.00,1.1,0.9,1.1,0.9
323,230,2,1,1,1,1.00,0.00,1.1,0.9,1.1,0.9
324,230,1,1,1,1,1.00,0.00,1.1,0.9,1.1,0.9
325,230,1,1,1,1,1.00,0.00,1.1,0.9,1.1,0.9
]; 
all_busName96 = [   ' 101 ';  ' 102 ';  ' 103 ';  ' 104 ';  ' 105 ';  ' 106 ';  ' 107 ';  ' 108 ';  ' 109 ';  ' 110 ';  ' 111 ';  ' 112 ';  ' 113 ';  ' 114 ';  ' 115 ';  ' 116 ';  ' 117 ';  ' 118 ';  ' 119 ';  ' 120 ';  ' 121 ';  ' 122 ';  ' 123 ';  ' 124 ';  ' 201 ';  ' 202 ';  ' 203 ';  ' 204 ';  ' 205 ';  ' 206 ';  ' 207 ';  ' 208 ';  ' 209 ';  ' 210 ';  ' 211 ';  ' 212 ';  ' 213 ';  ' 214 ';  ' 215 ';  ' 216 ';  ' 217 ';  ' 218 ';  ' 219 ';  ' 220 ';  ' 221 ';  ' 222 ';  ' 223 ';  ' 224 ';  ' 301 ';  ' 302 ';  ' 303 ';  ' 304 ';  ' 305 ';  ' 306 ';  ' 307 ';  ' 308 ';  ' 309 ';  ' 310 ';  ' 311 ';  ' 312 ';  ' 313 ';  ' 314 ';  ' 315 ';  ' 316 ';  ' 317 ';  ' 318 ';  ' 319 ';  ' 320 ';  ' 321 ';  ' 322 ';  ' 323 ';  ' 324 ';  ' 325 '; ];
%% RTS 96 System Load Data %% 
all_loaddata96 = [ 
101,1,11,11,58.33689953590091,17.544948241288218,0.0,0.0,0.0,0.0,1,1,0
102,1,11,12,55.33500819237214,14.945486908530818,0.0,0.0,0.0,0.0,1,1,0
103,1,11,11,120.02258558433317,24.493199858466394,0.0,0.0,0.0,0.0,1,1,0
104,1,11,11,56.27939251050157,12.09915297622187,0.0,0.0,0.0,0.0,1,1,0
105,1,11,11,41.419716094781364,10.308487023149336,0.0,0.0,0.0,0.0,1,1,0
106,1,11,12,71.57755496760606,14.52228812783975,0.0,0.0,0.0,0.0,1,1,0
107,1,11,12,80.70085104665486,12.285210266044595,0.0,0.0,0.0,0.0,1,1,0
108,1,11,12,118.39275485120416,21.624897956252564,0.0,0.0,0.0,0.0,1,1,0
109,1,11,13,109.9515666518372,23.682131424797326,0.0,0.0,0.0,0.0,1,1,0
110,1,11,13,139.191291915216,30.88588350762427,0.0,0.0,0.0,0.0,1,1,0
111,1,11,13,0.0,0.0,0.0,0.0,0.0,0.0,1,1,0
112,1,11,13,0.0,0.0,0.0,0.0,0.0,0.0,1,1,0
113,1,12,14,227.11089881011472,32.38030924001131,0.0,0.0,0.0,0.0,1,1,0
114,1,12,16,117.89816263049171,24.666648874898907,0.0,0.0,0.0,0.0,1,1,0
115,1,12,16,172.5404236593608,31.561332753708953,0.0,0.0,0.0,0.0,1,1,0
116,1,12,16,80.09210672921967,14.73507329929713,0.0,0.0,0.0,0.0,1,1,0
117,1,12,17,0.0,0.0,0.0,0.0,0.0,0.0,1,1,0
118,1,12,17,226.93438171771945,45.531315798131196,0.0,0.0,0.0,0.0,1,1,0
119,1,12,15,147.73682907334822,21.046327846472057,0.0,0.0,0.0,0.0,1,1,0
120,1,12,15,113.35220533095001,18.49920880857669,0.0,0.0,0.0,0.0,1,1,0
121,1,12,17,0.0,0.0,0.0,0.0,0.0,0.0,1,1,0
122,1,12,17,0.0,0.0,0.0,0.0,0.0,0.0,1,1,0
123,1,12,15,0.0,0.0,0.0,0.0,0.0,0.0,1,1,0
124,1,12,16,0.0,0.0,0.0,0.0,0.0,0.0,1,1,0
201,1,21,21,91.89538686352093,14.381168412479294,0.0,0.0,0.0,0.0,1,1,0
202,1,21,22,53.627717868283575,14.088144182318821,0.0,0.0,0.0,0.0,1,1,0
203,1,21,21,104.1825475000916,27.924860121235994,0.0,0.0,0.0,0.0,1,1,0
204,1,21,21,54.18166652632243,8.677505793316522,0.0,0.0,0.0,0.0,1,1,0
205,1,21,21,41.72090835620547,8.44467010361636,0.0,0.0,0.0,0.0,1,1,0
206,1,21,22,83.63292054652871,21.496333829939736,0.0,0.0,0.0,0.0,1,1,0
207,1,21,22,91.73741436995915,22.08300322953961,0.0,0.0,0.0,0.0,1,1,0
208,1,21,22,122.36332621317361,22.215177897887305,0.0,0.0,0.0,0.0,1,1,0
209,1,21,23,145.51488126053823,25.071432350759025,0.0,0.0,0.0,0.0,1,1,0
210,1,21,23,150.8195070353297,24.732674291269852,0.0,0.0,0.0,0.0,1,1,0
211,1,21,23,0.0,0.0,0.0,0.0,0.0,0.0,1,1,0
212,1,21,23,0.0,0.0,0.0,0.0,0.0,0.0,1,1,0
213,1,22,24,166.30006788629922,35.466645679759324,0.0,0.0,0.0,0.0,1,1,0
214,1,22,26,148.70875823504096,21.66181696298914,0.0,0.0,0.0,0.0,1,1,0
215,1,22,26,208.54079006304676,50.9424966220647,0.0,0.0,0.0,0.0,1,1,0
216,1,22,26,72.14074956283439,16.77575826413557,0.0,0.0,0.0,0.0,1,1,0
217,1,22,27,0.0,0.0,0.0,0.0,0.0,0.0,1,1,0
218,1,22,27,291.13101516146946,49.789048459288296,0.0,0.0,0.0,0.0,1,1,0
219,1,22,25,159.89841300540422,28.378685900867826,0.0,0.0,0.0,0.0,1,1,0
220,1,22,25,72.3310392222762,22.04777531028567,0.0,0.0,0.0,0.0,1,1,0
221,1,22,27,0.0,0.0,0.0,0.0,0.0,0.0,1,1,0
222,1,22,27,0.0,0.0,0.0,0.0,0.0,0.0,1,1,0
223,1,22,25,0.0,0.0,0.0,0.0,0.0,0.0,1,1,0
224,1,22,26,0.0,0.0,0.0,0.0,0.0,0.0,1,1,0
301,1,31,31,86.40406436479334,15.522534667045065,0.0,0.0,0.0,0.0,1,1,0
302,1,31,32,64.96290156918238,13.165916610248386,0.0,0.0,0.0,0.0,1,1,0
303,1,31,31,124.63069291244075,19.710531598012196,0.0,0.0,0.0,0.0,1,1,0
304,1,31,31,40.31342084916634,10.768240027314517,0.0,0.0,0.0,0.0,1,1,0
305,1,31,31,56.292533698979675,11.740156914504245,0.0,0.0,0.0,0.0,1,1,0
306,1,31,32,82.18969041151777,18.394844450734,0.0,0.0,0.0,0.0,1,1,0
307,1,31,32,74.85076125991763,21.173191681837196,0.0,0.0,0.0,0.0,1,1,0
308,1,31,32,127.70544593111244,31.52762289202516,0.0,0.0,0.0,0.0,1,1,0
309,1,31,33,128.84727812557364,24.652736676599083,0.0,0.0,0.0,0.0,1,1,0
310,1,31,33,160.3189296711199,29.174972781205547,0.0,0.0,0.0,0.0,1,1,0
311,1,31,33,0.0,0.0,0.0,0.0,0.0,0.0,1,1,0
312,1,31,33,0.0,0.0,0.0,0.0,0.0,0.0,1,1,0
313,1,32,34,150.9543312285589,36.63909435542263,0.0,0.0,0.0,0.0,1,1,0
314,1,32,36,145.11986507285147,33.49704523603725,0.0,0.0,0.0,0.0,1,1,0
315,1,32,36,276.54292917976454,55.092924119746684,0.0,0.0,0.0,0.0,1,1,0
