% From Raw File 
%% RTS 96 System Bus Data %% 
all_busdata96 = [ 
101,138,2,1,1,1,1.00,0.00,1.1,0.9,1.1,0.9
102,138,2,1,1,1,1.00,0.00,1.1,0.9,1.1,0.9
103,138,1,1,1,1,1.00,0.00,1.1,0.9,1.1,0.9
104,138,1,1,1,1,1.00,0.00,1.1,0.9,1.1,0.9
105,138,1,1,1,1,1.00,0.00,1.1,0.9,1.1,0.9
106,138,1,1,1,1,1.00,0.00,1.1,0.9,1.1,0.9
107,138,2,1,1,1,1.00,0.00,1.1,0.9,1.1,0.9
108,138,1,1,1,1,1.00,0.00,1.1,0.9,1.1,0.9
109,138,1,1,1,1,1.00,0.00,1.1,0.9,1.1,0.9
110,138,1,1,1,1,1.00,0.00,1.1,0.9,1.1,0.9
111,230,1,1,1,1,1.00,0.00,1.1,0.9,1.1,0.9
112,230,1,1,1,1,1.00,0.00,1.1,0.9,1.1,0.9
113,230,3,1,1,1,1.00,0.00,1.1,0.9,1.1,0.9
114,230,2,1,1,1,1.00,0.00,1.1,0.9,1.1,0.9
115,230,2,1,1,1,1.00,0.00,1.1,0.9,1.1,0.9
116,230,2,1,1,1,1.00,0.00,1.1,0.9,1.1,0.9
117,230,1,1,1,1,1.00,0.00,1.1,0.9,1.1,0.9
118,230,2,1,1,1,1.00,0.00,1.1,0.9,1.1,0.9
119,230,1,1,1,1,1.00,0.00,1.1,0.9,1.1,0.9
120,230,1,1,1,1,1.00,0.00,1.1,0.9,1.1,0.9
121,230,2,1,1,1,1.00,0.00,1.1,0.9,1.1,0.9
122,230,2,1,1,1,1.00,0.00,1.1,0.9,1.1,0.9
123,230,2,1,1,1,1.00,0.00,1.1,0.9,1.1,0.9
124,230,1,1,1,1,1.00,0.00,1.1,0.9,1.1,0.9
201,138,2,1,1,1,1.00,0.00,1.1,0.9,1.1,0.9
202,138,2,1,1,1,1.00,0.00,1.1,0.9,1.1,0.9
203,138,1,1,1,1,1.00,0.00,1.1,0.9,1.1,0.9
204,138,1,1,1,1,1.00,0.00,1.1,0.9,1.1,0.9
205,138,1,1,1,1,1.00,0.00,1.1,0.9,1.1,0.9
206,138,1,1,1,1,1.00,0.00,1.1,0.9,1.1,0.9
207,138,2,1,1,1,1.00,0.00,1.1,0.9,1.1,0.9
208,138,1,1,1,1,1.00,0.00,1.1,0.9,1.1,0.9
209,138,1,1,1,1,1.00,0.00,1.1,0.9,1.1,0.9
210,138,1,1,1,1,1.00,0.00,1.1,0.9,1.1,0.9
211,230,1,1,1,1,1.00,0.00,1.1,0.9,1.1,0.9
212,230,1,1,1,1,1.00,0.00,1.1,0.9,1.1,0.9
213,230,2,1,1,1,1.00,0.00,1.1,0.9,1.1,0.9
214,230,2,1,1,1,1.00,0.00,1.1,0.9,1.1,0.9
215,230,2,1,1,1,1.00,0.00,1.1,0.9,1.1,0.9
216,230,2,1,1,1,1.00,0.00,1.1,0.9,1.1,0.9
217,230,1,1,1,1,1.00,0.00,1.1,0.9,1.1,0.9
218,230,2,1,1,1,1.00,0.00,1.1,0.9,1.1,0.9
219,230,1,1,1,1,1.00,0.00,1.1,0.9,1.1,0.9
220,230,1,1,1,1,1.00,0.00,1.1,0.9,1.1,0.9
221,230,2,1,1,1,1.00,0.00,1.1,0.9,1.1,0.9
222,230,2,1,1,1,1.00,0.00,1.1,0.9,1.1,0.9
223,230,2,1,1,1,1.00,0.00,1.1,0.9,1.1,0.9
224,230,1,1,1,1,1.00,0.00,1.1,0.9,1.1,0.9
301,138,2,1,1,1,1.00,0.00,1.1,0.9,1.1,0.9
302,138,2,1,1,1,1.00,0.00,1.1,0.9,1.1,0.9
303,138,1,1,1,1,1.00,0.00,1.1,0.9,1.1,0.9
304,138,1,1,1,1,1.00,0.00,1.1,0.9,1.1,0.9
305,138,1,1,1,1,1.00,0.00,1.1,0.9,1.1,0.9
306,138,1,1,1,1,1.00,0.00,1.1,0.9,1.1,0.9
307,138,2,1,1,1,1.00,0.00,1.1,0.9,1.1,0.9
308,138,1,1,1,1,1.00,0.00,1.1,0.9,1.1,0.9
309,138,1,1,1,1,1.00,0.00,1.1,0.9,1.1,0.9
310,138,1,1,1,1,1.00,0.00,1.1,0.9,1.1,0.9
311,230,1,1,1,1,1.00,0.00,1.1,0.9,1.1,0.9
312,230,1,1,1,1,1.00,0.00,1.1,0.9,1.1,0.9
313,230,2,1,1,1,1.00,0.00,1.1,0.9,1.1,0.9
314,230,2,1,1,1,1.00,0.00,1.1,0.9,1.1,0.9
315,230,2,1,1,1,1.00,0.00,1.1,0.9,1.1,0.9
316,230,2,1,1,1,1.00,0.00,1.1,0.9,1.1,0.9
317,230,1,1,1,1,1.00,0.00,1.1,0.9,1.1,0.9
318,230,2,1,1,1,1.00,0.00,1.1,0.9,1.1,0.9
319,230,1,1,1,1,1.00,0.00,1.1,0.9,1.1,0.9
320,230,1,1,1,1,1.00,0.00,1.1,0.9,1.1,0.9
321,230,2,1,1,1,1.00,0.00,1.1,0.9,1.1,0.9
322,230,2,1,1,1,1.00,0.00,1.1,0.9,1.1,0.9
323,230,2,1,1,1,1.00,0.00,1.1,0.9,1.1,0.9
324,230,1,1,1,1,1.00,0.00,1.1,0.9,1.1,0.9
325,230,1,1,1,1,1.00,0.00,1.1,0.9,1.1,0.9
]; 
all_busName96 = [   ' 101 ';  ' 102 ';  ' 103 ';  ' 104 ';  ' 105 ';  ' 106 ';  ' 107 ';  ' 108 ';  ' 109 ';  ' 110 ';  ' 111 ';  ' 112 ';  ' 113 ';  ' 114 ';  ' 115 ';  ' 116 ';  ' 117 ';  ' 118 ';  ' 119 ';  ' 120 ';  ' 121 ';  ' 122 ';  ' 123 ';  ' 124 ';  ' 201 ';  ' 202 ';  ' 203 ';  ' 204 ';  ' 205 ';  ' 206 ';  ' 207 ';  ' 208 ';  ' 209 ';  ' 210 ';  ' 211 ';  ' 212 ';  ' 213 ';  ' 214 ';  ' 215 ';  ' 216 ';  ' 217 ';  ' 218 ';  ' 219 ';  ' 220 ';  ' 221 ';  ' 222 ';  ' 223 ';  ' 224 ';  ' 301 ';  ' 302 ';  ' 303 ';  ' 304 ';  ' 305 ';  ' 306 ';  ' 307 ';  ' 308 ';  ' 309 ';  ' 310 ';  ' 311 ';  ' 312 ';  ' 313 ';  ' 314 ';  ' 315 ';  ' 316 ';  ' 317 ';  ' 318 ';  ' 319 ';  ' 320 ';  ' 321 ';  ' 322 ';  ' 323 ';  ' 324 ';  ' 325 '; ];
%% RTS 96 System Load Data %% 
all_loaddata96 = [ 
101,1,11,11,66.28414671017043,10.702393946445733,0.0,0.0,0.0,0.0,1,1,0
102,1,11,12,59.68730813058713,12.64856390186213,0.0,0.0,0.0,0.0,1,1,0
103,1,11,11,125.05608334363437,30.093097896249354,0.0,0.0,0.0,0.0,1,1,0
104,1,11,11,52.235423052130265,7.852142453273758,0.0,0.0,0.0,0.0,1,1,0
105,1,11,11,36.73688276418499,10.740416489944607,0.0,0.0,0.0,0.0,1,1,0
106,1,11,12,100.52626699212827,24.348962214070003,0.0,0.0,0.0,0.0,1,1,0
107,1,11,12,103.6337597120495,18.728118710416602,0.0,0.0,0.0,0.0,1,1,0
108,1,11,12,134.6644523608836,18.509148534372912,0.0,0.0,0.0,0.0,1,1,0
109,1,11,13,113.39138663264691,18.895327961873264,0.0,0.0,0.0,0.0,1,1,0
110,1,11,13,116.28730841990746,30.907625190088524,0.0,0.0,0.0,0.0,1,1,0
111,1,11,13,0.0,0.0,0.0,0.0,0.0,0.0,1,1,0
112,1,11,13,0.0,0.0,0.0,0.0,0.0,0.0,1,1,0
113,1,12,14,149.86079694396818,39.94037263912931,0.0,0.0,0.0,0.0,1,1,0
114,1,12,16,164.73886091442594,34.46484823191986,0.0,0.0,0.0,0.0,1,1,0
115,1,12,16,277.5617569278442,40.10193306006789,0.0,0.0,0.0,0.0,1,1,0
116,1,12,16,61.88921947804279,11.168658449490554,0.0,0.0,0.0,0.0,1,1,0
117,1,12,17,0.0,0.0,0.0,0.0,0.0,0.0,1,1,0
118,1,12,17,182.8300424663798,51.10448584517353,0.0,0.0,0.0,0.0,1,1,0
119,1,12,15,144.99111954938206,23.800485553255957,0.0,0.0,0.0,0.0,1,1,0
120,1,12,15,97.28625493353009,22.083785002580377,0.0,0.0,0.0,0.0,1,1,0
121,1,12,17,0.0,0.0,0.0,0.0,0.0,0.0,1,1,0
122,1,12,17,0.0,0.0,0.0,0.0,0.0,0.0,1,1,0
123,1,12,15,0.0,0.0,0.0,0.0,0.0,0.0,1,1,0
124,1,12,16,0.0,0.0,0.0,0.0,0.0,0.0,1,1,0
201,1,21,21,80.25371244672574,17.234121344001778,0.0,0.0,0.0,0.0,1,1,0
202,1,21,22,69.86531542798151,10.292061422791331,0.0,0.0,0.0,0.0,1,1,0
203,1,21,21,143.33139928345196,30.705209275552026,0.0,0.0,0.0,0.0,1,1,0
204,1,21,21,56.648572894574784,12.796485169225372,0.0,0.0,0.0,0.0,1,1,0
205,1,21,21,60.87660895556762,8.138729655627719,0.0,0.0,0.0,0.0,1,1,0
206,1,21,22,109.1970637028061,18.7476388636373,0.0,0.0,0.0,0.0,1,1,0
207,1,21,22,75.0938365597569,21.822525603929535,0.0,0.0,0.0,0.0,1,1,0
208,1,21,22,89.59763969760797,19.014678094651316,0.0,0.0,0.0,0.0,1,1,0
209,1,21,23,145.99988040008233,21.670806712827645,0.0,0.0,0.0,0.0,1,1,0
210,1,21,23,133.11841748923294,30.19152332753129,0.0,0.0,0.0,0.0,1,1,0
211,1,21,23,0.0,0.0,0.0,0.0,0.0,0.0,1,1,0
212,1,21,23,0.0,0.0,0.0,0.0,0.0,0.0,1,1,0
213,1,22,24,161.26412124190784,35.235339040096754,0.0,0.0,0.0,0.0,1,1,0
214,1,22,26,122.5434016750686,32.17216364507256,0.0,0.0,0.0,0.0,1,1,0
215,1,22,26,241.21997983596296,57.15242598531246,0.0,0.0,0.0,0.0,1,1,0
216,1,22,26,50.22190599365159,17.896239860292525,0.0,0.0,0.0,0.0,1,1,0
217,1,22,27,0.0,0.0,0.0,0.0,0.0,0.0,1,1,0
218,1,22,27,201.86872178069805,58.62972368002889,0.0,0.0,0.0,0.0,1,1,0
219,1,22,25,99.60962848183159,19.452071376755832,0.0,0.0,0.0,0.0,1,1,0
220,1,22,25,67.72697814787028,22.72571749452325,0.0,0.0,0.0,0.0,1,1,0
221,1,22,27,0.0,0.0,0.0,0.0,0.0,0.0,1,1,0
222,1,22,27,0.0,0.0,0.0,0.0,0.0,0.0,1,1,0
223,1,22,25,0.0,0.0,0.0,0.0,0.0,0.0,1,1,0
224,1,22,26,0.0,0.0,0.0,0.0,0.0,0.0,1,1,0
301,1,31,31,85.83925075382442,12.794055075404888,0.0,0.0,0.0,0.0,1,1,0
302,1,31,32,76.89377845584043,13.004092947729863,0.0,0.0,0.0,0.0,1,1,0
303,1,31,31,137.49449448635335,27.92305636255131,0.0,0.0,0.0,0.0,1,1,0
304,1,31,31,55.578636182007195,8.015451107668456,0.0,0.0,0.0,0.0,1,1,0
305,1,31,31,34.96671045661415,7.195863225907367,0.0,0.0,0.0,0.0,1,1,0
306,1,31,32,83.92468505754546,20.551257426818648,0.0,0.0,0.0,0.0,1,1,0
307,1,31,32,111.05320406173705,16.974906970619923,0.0,0.0,0.0,0.0,1,1,0
308,1,31,32,105.94700500149303,21.317036154054335,0.0,0.0,0.0,0.0,1,1,0
309,1,31,33,140.4740045716055,28.757730671398715,0.0,0.0,0.0,0.0,1,1,0
310,1,31,33,123.64717533119162,32.49555922676995,0.0,0.0,0.0,0.0,1,1,0
311,1,31,33,0.0,0.0,0.0,0.0,0.0,0.0,1,1,0
312,1,31,33,0.0,0.0,0.0,0.0,0.0,0.0,1,1,0
313,1,32,34,175.58820582555305,44.978768148667825,0.0,0.0,0.0,0.0,1,1,0
314,1,32,36,169.46109205108743,27.529692869758,0.0,0.0,0.0,0.0,1,1,0
315,1,32,36,234.44012227417554,43.87838310627937,0.0,0.0,0.0,0.0,1,1,0
