% From Raw File 
%% RTS 96 System Bus Data %% 
all_busdata96 = [ 
101,138,2,1,1,1,1.00,0.00,1.1,0.9,1.1,0.9
102,138,2,1,1,1,1.00,0.00,1.1,0.9,1.1,0.9
103,138,1,1,1,1,1.00,0.00,1.1,0.9,1.1,0.9
104,138,1,1,1,1,1.00,0.00,1.1,0.9,1.1,0.9
105,138,1,1,1,1,1.00,0.00,1.1,0.9,1.1,0.9
106,138,1,1,1,1,1.00,0.00,1.1,0.9,1.1,0.9
107,138,2,1,1,1,1.00,0.00,1.1,0.9,1.1,0.9
108,138,1,1,1,1,1.00,0.00,1.1,0.9,1.1,0.9
109,138,1,1,1,1,1.00,0.00,1.1,0.9,1.1,0.9
110,138,1,1,1,1,1.00,0.00,1.1,0.9,1.1,0.9
111,230,1,1,1,1,1.00,0.00,1.1,0.9,1.1,0.9
112,230,1,1,1,1,1.00,0.00,1.1,0.9,1.1,0.9
113,230,3,1,1,1,1.00,0.00,1.1,0.9,1.1,0.9
114,230,2,1,1,1,1.00,0.00,1.1,0.9,1.1,0.9
115,230,2,1,1,1,1.00,0.00,1.1,0.9,1.1,0.9
116,230,2,1,1,1,1.00,0.00,1.1,0.9,1.1,0.9
117,230,1,1,1,1,1.00,0.00,1.1,0.9,1.1,0.9
118,230,2,1,1,1,1.00,0.00,1.1,0.9,1.1,0.9
119,230,1,1,1,1,1.00,0.00,1.1,0.9,1.1,0.9
120,230,1,1,1,1,1.00,0.00,1.1,0.9,1.1,0.9
121,230,2,1,1,1,1.00,0.00,1.1,0.9,1.1,0.9
122,230,2,1,1,1,1.00,0.00,1.1,0.9,1.1,0.9
123,230,2,1,1,1,1.00,0.00,1.1,0.9,1.1,0.9
124,230,1,1,1,1,1.00,0.00,1.1,0.9,1.1,0.9
201,138,2,1,1,1,1.00,0.00,1.1,0.9,1.1,0.9
202,138,2,1,1,1,1.00,0.00,1.1,0.9,1.1,0.9
203,138,1,1,1,1,1.00,0.00,1.1,0.9,1.1,0.9
204,138,1,1,1,1,1.00,0.00,1.1,0.9,1.1,0.9
205,138,1,1,1,1,1.00,0.00,1.1,0.9,1.1,0.9
206,138,1,1,1,1,1.00,0.00,1.1,0.9,1.1,0.9
207,138,2,1,1,1,1.00,0.00,1.1,0.9,1.1,0.9
208,138,1,1,1,1,1.00,0.00,1.1,0.9,1.1,0.9
209,138,1,1,1,1,1.00,0.00,1.1,0.9,1.1,0.9
210,138,1,1,1,1,1.00,0.00,1.1,0.9,1.1,0.9
211,230,1,1,1,1,1.00,0.00,1.1,0.9,1.1,0.9
212,230,1,1,1,1,1.00,0.00,1.1,0.9,1.1,0.9
213,230,2,1,1,1,1.00,0.00,1.1,0.9,1.1,0.9
214,230,2,1,1,1,1.00,0.00,1.1,0.9,1.1,0.9
215,230,2,1,1,1,1.00,0.00,1.1,0.9,1.1,0.9
216,230,2,1,1,1,1.00,0.00,1.1,0.9,1.1,0.9
217,230,1,1,1,1,1.00,0.00,1.1,0.9,1.1,0.9
218,230,2,1,1,1,1.00,0.00,1.1,0.9,1.1,0.9
219,230,1,1,1,1,1.00,0.00,1.1,0.9,1.1,0.9
220,230,1,1,1,1,1.00,0.00,1.1,0.9,1.1,0.9
221,230,2,1,1,1,1.00,0.00,1.1,0.9,1.1,0.9
222,230,2,1,1,1,1.00,0.00,1.1,0.9,1.1,0.9
223,230,2,1,1,1,1.00,0.00,1.1,0.9,1.1,0.9
224,230,1,1,1,1,1.00,0.00,1.1,0.9,1.1,0.9
301,138,2,1,1,1,1.00,0.00,1.1,0.9,1.1,0.9
302,138,2,1,1,1,1.00,0.00,1.1,0.9,1.1,0.9
303,138,1,1,1,1,1.00,0.00,1.1,0.9,1.1,0.9
304,138,1,1,1,1,1.00,0.00,1.1,0.9,1.1,0.9
305,138,1,1,1,1,1.00,0.00,1.1,0.9,1.1,0.9
306,138,1,1,1,1,1.00,0.00,1.1,0.9,1.1,0.9
307,138,2,1,1,1,1.00,0.00,1.1,0.9,1.1,0.9
308,138,1,1,1,1,1.00,0.00,1.1,0.9,1.1,0.9
309,138,1,1,1,1,1.00,0.00,1.1,0.9,1.1,0.9
310,138,1,1,1,1,1.00,0.00,1.1,0.9,1.1,0.9
311,230,1,1,1,1,1.00,0.00,1.1,0.9,1.1,0.9
312,230,1,1,1,1,1.00,0.00,1.1,0.9,1.1,0.9
313,230,2,1,1,1,1.00,0.00,1.1,0.9,1.1,0.9
314,230,2,1,1,1,1.00,0.00,1.1,0.9,1.1,0.9
315,230,2,1,1,1,1.00,0.00,1.1,0.9,1.1,0.9
316,230,2,1,1,1,1.00,0.00,1.1,0.9,1.1,0.9
317,230,1,1,1,1,1.00,0.00,1.1,0.9,1.1,0.9
318,230,2,1,1,1,1.00,0.00,1.1,0.9,1.1,0.9
319,230,1,1,1,1,1.00,0.00,1.1,0.9,1.1,0.9
320,230,1,1,1,1,1.00,0.00,1.1,0.9,1.1,0.9
321,230,2,1,1,1,1.00,0.00,1.1,0.9,1.1,0.9
322,230,2,1,1,1,1.00,0.00,1.1,0.9,1.1,0.9
323,230,2,1,1,1,1.00,0.00,1.1,0.9,1.1,0.9
324,230,1,1,1,1,1.00,0.00,1.1,0.9,1.1,0.9
325,230,1,1,1,1,1.00,0.00,1.1,0.9,1.1,0.9
]; 
all_busName96 = [   ' 101 ';  ' 102 ';  ' 103 ';  ' 104 ';  ' 105 ';  ' 106 ';  ' 107 ';  ' 108 ';  ' 109 ';  ' 110 ';  ' 111 ';  ' 112 ';  ' 113 ';  ' 114 ';  ' 115 ';  ' 116 ';  ' 117 ';  ' 118 ';  ' 119 ';  ' 120 ';  ' 121 ';  ' 122 ';  ' 123 ';  ' 124 ';  ' 201 ';  ' 202 ';  ' 203 ';  ' 204 ';  ' 205 ';  ' 206 ';  ' 207 ';  ' 208 ';  ' 209 ';  ' 210 ';  ' 211 ';  ' 212 ';  ' 213 ';  ' 214 ';  ' 215 ';  ' 216 ';  ' 217 ';  ' 218 ';  ' 219 ';  ' 220 ';  ' 221 ';  ' 222 ';  ' 223 ';  ' 224 ';  ' 301 ';  ' 302 ';  ' 303 ';  ' 304 ';  ' 305 ';  ' 306 ';  ' 307 ';  ' 308 ';  ' 309 ';  ' 310 ';  ' 311 ';  ' 312 ';  ' 313 ';  ' 314 ';  ' 315 ';  ' 316 ';  ' 317 ';  ' 318 ';  ' 319 ';  ' 320 ';  ' 321 ';  ' 322 ';  ' 323 ';  ' 324 ';  ' 325 '; ];
%% RTS 96 System Load Data %% 
all_loaddata96 = [ 
101,1,11,11,82.42198205696548,11.556240356254298,0.0,0.0,0.0,0.0,1,1,0
102,1,11,12,72.18300330157062,16.165126201939767,0.0,0.0,0.0,0.0,1,1,0
103,1,11,11,122.21972030380367,25.411162788880194,0.0,0.0,0.0,0.0,1,1,0
104,1,11,11,54.51073755223173,7.665721046377206,0.0,0.0,0.0,0.0,1,1,0
105,1,11,11,52.41172669376932,7.177544607623665,0.0,0.0,0.0,0.0,1,1,0
106,1,11,12,99.28263116496207,17.26242793867495,0.0,0.0,0.0,0.0,1,1,0
107,1,11,12,75.63843289295328,16.089905843596206,0.0,0.0,0.0,0.0,1,1,0
108,1,11,12,87.57845603743884,24.176815968689272,0.0,0.0,0.0,0.0,1,1,0
109,1,11,13,131.7130654236919,25.97678453071229,0.0,0.0,0.0,0.0,1,1,0
110,1,11,13,107.79380356629285,32.085513866689055,0.0,0.0,0.0,0.0,1,1,0
111,1,11,13,0.0,0.0,0.0,0.0,0.0,0.0,1,1,0
112,1,11,13,0.0,0.0,0.0,0.0,0.0,0.0,1,1,0
113,1,12,14,174.51393355534856,37.69511748781046,0.0,0.0,0.0,0.0,1,1,0
114,1,12,16,162.2442628904024,28.722477003263453,0.0,0.0,0.0,0.0,1,1,0
115,1,12,16,225.480284489933,48.80486546279489,0.0,0.0,0.0,0.0,1,1,0
116,1,12,16,59.33339854588731,10.01828979886137,0.0,0.0,0.0,0.0,1,1,0
117,1,12,17,0.0,0.0,0.0,0.0,0.0,0.0,1,1,0
118,1,12,17,233.00496041155222,60.20785322907866,0.0,0.0,0.0,0.0,1,1,0
119,1,12,15,133.44312502798894,23.4424263674858,0.0,0.0,0.0,0.0,1,1,0
120,1,12,15,83.92672832327484,17.866067577627394,0.0,0.0,0.0,0.0,1,1,0
121,1,12,17,0.0,0.0,0.0,0.0,0.0,0.0,1,1,0
122,1,12,17,0.0,0.0,0.0,0.0,0.0,0.0,1,1,0
123,1,12,15,0.0,0.0,0.0,0.0,0.0,0.0,1,1,0
124,1,12,16,0.0,0.0,0.0,0.0,0.0,0.0,1,1,0
201,1,21,21,64.69181549624315,19.555613703001477,0.0,0.0,0.0,0.0,1,1,0
202,1,21,22,84.53602486571633,17.81732773827575,0.0,0.0,0.0,0.0,1,1,0
203,1,21,21,113.15192190691921,18.925764892039677,0.0,0.0,0.0,0.0,1,1,0
204,1,21,21,56.7694789544424,8.833966648779809,0.0,0.0,0.0,0.0,1,1,0
205,1,21,21,52.11765170793557,7.999132976051699,0.0,0.0,0.0,0.0,1,1,0
206,1,21,22,79.3103985563256,18.20872513601929,0.0,0.0,0.0,0.0,1,1,0
207,1,21,22,110.48540507687721,17.28025103091728,0.0,0.0,0.0,0.0,1,1,0
208,1,21,22,122.09658395010392,17.658726410402682,0.0,0.0,0.0,0.0,1,1,0
209,1,21,23,86.16214910096024,31.065591587236895,0.0,0.0,0.0,0.0,1,1,0
210,1,21,23,121.04365986919146,28.230196998255327,0.0,0.0,0.0,0.0,1,1,0
211,1,21,23,0.0,0.0,0.0,0.0,0.0,0.0,1,1,0
212,1,21,23,0.0,0.0,0.0,0.0,0.0,0.0,1,1,0
213,1,22,24,179.53082796555387,37.361204724755225,0.0,0.0,0.0,0.0,1,1,0
214,1,22,26,124.75189154103259,32.599882006393614,0.0,0.0,0.0,0.0,1,1,0
215,1,22,26,246.04157394081471,44.35533218751847,0.0,0.0,0.0,0.0,1,1,0
216,1,22,26,73.06936836937443,15.591144198345019,0.0,0.0,0.0,0.0,1,1,0
217,1,22,27,0.0,0.0,0.0,0.0,0.0,0.0,1,1,0
218,1,22,27,263.2874599235618,47.310977193611116,0.0,0.0,0.0,0.0,1,1,0
219,1,22,25,113.36009297366627,30.325626730796458,0.0,0.0,0.0,0.0,1,1,0
220,1,22,25,73.57172788229585,19.156678609973007,0.0,0.0,0.0,0.0,1,1,0
221,1,22,27,0.0,0.0,0.0,0.0,0.0,0.0,1,1,0
222,1,22,27,0.0,0.0,0.0,0.0,0.0,0.0,1,1,0
223,1,22,25,0.0,0.0,0.0,0.0,0.0,0.0,1,1,0
224,1,22,26,0.0,0.0,0.0,0.0,0.0,0.0,1,1,0
301,1,31,31,77.60755753225722,14.689317836909183,0.0,0.0,0.0,0.0,1,1,0
302,1,31,32,49.382958175390726,17.389244209514,0.0,0.0,0.0,0.0,1,1,0
303,1,31,31,103.65896557622216,21.736536309013,0.0,0.0,0.0,0.0,1,1,0
304,1,31,31,42.17258510494949,10.124029798833886,0.0,0.0,0.0,0.0,1,1,0
305,1,31,31,55.11447719173269,8.434840189161244,0.0,0.0,0.0,0.0,1,1,0
306,1,31,32,121.70278444440031,16.63462564535569,0.0,0.0,0.0,0.0,1,1,0
307,1,31,32,67.11979836411774,17.765455325032814,0.0,0.0,0.0,0.0,1,1,0
308,1,31,32,134.5787701822516,30.018318190546943,0.0,0.0,0.0,0.0,1,1,0
309,1,31,33,126.8929178333853,20.34076081662532,0.0,0.0,0.0,0.0,1,1,0
310,1,31,33,114.07061655293263,28.54534710726142,0.0,0.0,0.0,0.0,1,1,0
311,1,31,33,0.0,0.0,0.0,0.0,0.0,0.0,1,1,0
312,1,31,33,0.0,0.0,0.0,0.0,0.0,0.0,1,1,0
313,1,32,34,149.36151532144868,43.14530637806318,0.0,0.0,0.0,0.0,1,1,0
314,1,32,36,132.5032165186627,20.808905961989893,0.0,0.0,0.0,0.0,1,1,0
315,1,32,36,242.08375538993388,56.382631001999975,0.0,0.0,0.0,0.0,1,1,0
