% From Raw File 
%% RTS 96 System Bus Data %% 
all_busdata96 = [ 
101,138,2,1,1,1,1.00,0.00,1.1,0.9,1.1,0.9
102,138,2,1,1,1,1.00,0.00,1.1,0.9,1.1,0.9
103,138,1,1,1,1,1.00,0.00,1.1,0.9,1.1,0.9
104,138,1,1,1,1,1.00,0.00,1.1,0.9,1.1,0.9
105,138,1,1,1,1,1.00,0.00,1.1,0.9,1.1,0.9
106,138,1,1,1,1,1.00,0.00,1.1,0.9,1.1,0.9
107,138,2,1,1,1,1.00,0.00,1.1,0.9,1.1,0.9
108,138,1,1,1,1,1.00,0.00,1.1,0.9,1.1,0.9
109,138,1,1,1,1,1.00,0.00,1.1,0.9,1.1,0.9
110,138,1,1,1,1,1.00,0.00,1.1,0.9,1.1,0.9
111,230,1,1,1,1,1.00,0.00,1.1,0.9,1.1,0.9
112,230,1,1,1,1,1.00,0.00,1.1,0.9,1.1,0.9
113,230,3,1,1,1,1.00,0.00,1.1,0.9,1.1,0.9
114,230,2,1,1,1,1.00,0.00,1.1,0.9,1.1,0.9
115,230,2,1,1,1,1.00,0.00,1.1,0.9,1.1,0.9
116,230,2,1,1,1,1.00,0.00,1.1,0.9,1.1,0.9
117,230,1,1,1,1,1.00,0.00,1.1,0.9,1.1,0.9
118,230,2,1,1,1,1.00,0.00,1.1,0.9,1.1,0.9
119,230,1,1,1,1,1.00,0.00,1.1,0.9,1.1,0.9
120,230,1,1,1,1,1.00,0.00,1.1,0.9,1.1,0.9
121,230,2,1,1,1,1.00,0.00,1.1,0.9,1.1,0.9
122,230,2,1,1,1,1.00,0.00,1.1,0.9,1.1,0.9
123,230,2,1,1,1,1.00,0.00,1.1,0.9,1.1,0.9
124,230,1,1,1,1,1.00,0.00,1.1,0.9,1.1,0.9
201,138,2,1,1,1,1.00,0.00,1.1,0.9,1.1,0.9
202,138,2,1,1,1,1.00,0.00,1.1,0.9,1.1,0.9
203,138,1,1,1,1,1.00,0.00,1.1,0.9,1.1,0.9
204,138,1,1,1,1,1.00,0.00,1.1,0.9,1.1,0.9
205,138,1,1,1,1,1.00,0.00,1.1,0.9,1.1,0.9
206,138,1,1,1,1,1.00,0.00,1.1,0.9,1.1,0.9
207,138,2,1,1,1,1.00,0.00,1.1,0.9,1.1,0.9
208,138,1,1,1,1,1.00,0.00,1.1,0.9,1.1,0.9
209,138,1,1,1,1,1.00,0.00,1.1,0.9,1.1,0.9
210,138,1,1,1,1,1.00,0.00,1.1,0.9,1.1,0.9
211,230,1,1,1,1,1.00,0.00,1.1,0.9,1.1,0.9
212,230,1,1,1,1,1.00,0.00,1.1,0.9,1.1,0.9
213,230,2,1,1,1,1.00,0.00,1.1,0.9,1.1,0.9
214,230,2,1,1,1,1.00,0.00,1.1,0.9,1.1,0.9
215,230,2,1,1,1,1.00,0.00,1.1,0.9,1.1,0.9
216,230,2,1,1,1,1.00,0.00,1.1,0.9,1.1,0.9
217,230,1,1,1,1,1.00,0.00,1.1,0.9,1.1,0.9
218,230,2,1,1,1,1.00,0.00,1.1,0.9,1.1,0.9
219,230,1,1,1,1,1.00,0.00,1.1,0.9,1.1,0.9
220,230,1,1,1,1,1.00,0.00,1.1,0.9,1.1,0.9
221,230,2,1,1,1,1.00,0.00,1.1,0.9,1.1,0.9
222,230,2,1,1,1,1.00,0.00,1.1,0.9,1.1,0.9
223,230,2,1,1,1,1.00,0.00,1.1,0.9,1.1,0.9
224,230,1,1,1,1,1.00,0.00,1.1,0.9,1.1,0.9
301,138,2,1,1,1,1.00,0.00,1.1,0.9,1.1,0.9
302,138,2,1,1,1,1.00,0.00,1.1,0.9,1.1,0.9
303,138,1,1,1,1,1.00,0.00,1.1,0.9,1.1,0.9
304,138,1,1,1,1,1.00,0.00,1.1,0.9,1.1,0.9
305,138,1,1,1,1,1.00,0.00,1.1,0.9,1.1,0.9
306,138,1,1,1,1,1.00,0.00,1.1,0.9,1.1,0.9
307,138,2,1,1,1,1.00,0.00,1.1,0.9,1.1,0.9
308,138,1,1,1,1,1.00,0.00,1.1,0.9,1.1,0.9
309,138,1,1,1,1,1.00,0.00,1.1,0.9,1.1,0.9
310,138,1,1,1,1,1.00,0.00,1.1,0.9,1.1,0.9
311,230,1,1,1,1,1.00,0.00,1.1,0.9,1.1,0.9
312,230,1,1,1,1,1.00,0.00,1.1,0.9,1.1,0.9
313,230,2,1,1,1,1.00,0.00,1.1,0.9,1.1,0.9
314,230,2,1,1,1,1.00,0.00,1.1,0.9,1.1,0.9
315,230,2,1,1,1,1.00,0.00,1.1,0.9,1.1,0.9
316,230,2,1,1,1,1.00,0.00,1.1,0.9,1.1,0.9
317,230,1,1,1,1,1.00,0.00,1.1,0.9,1.1,0.9
318,230,2,1,1,1,1.00,0.00,1.1,0.9,1.1,0.9
319,230,1,1,1,1,1.00,0.00,1.1,0.9,1.1,0.9
320,230,1,1,1,1,1.00,0.00,1.1,0.9,1.1,0.9
321,230,2,1,1,1,1.00,0.00,1.1,0.9,1.1,0.9
322,230,2,1,1,1,1.00,0.00,1.1,0.9,1.1,0.9
323,230,2,1,1,1,1.00,0.00,1.1,0.9,1.1,0.9
324,230,1,1,1,1,1.00,0.00,1.1,0.9,1.1,0.9
325,230,1,1,1,1,1.00,0.00,1.1,0.9,1.1,0.9
]; 
all_busName96 = [   ' 101 ';  ' 102 ';  ' 103 ';  ' 104 ';  ' 105 ';  ' 106 ';  ' 107 ';  ' 108 ';  ' 109 ';  ' 110 ';  ' 111 ';  ' 112 ';  ' 113 ';  ' 114 ';  ' 115 ';  ' 116 ';  ' 117 ';  ' 118 ';  ' 119 ';  ' 120 ';  ' 121 ';  ' 122 ';  ' 123 ';  ' 124 ';  ' 201 ';  ' 202 ';  ' 203 ';  ' 204 ';  ' 205 ';  ' 206 ';  ' 207 ';  ' 208 ';  ' 209 ';  ' 210 ';  ' 211 ';  ' 212 ';  ' 213 ';  ' 214 ';  ' 215 ';  ' 216 ';  ' 217 ';  ' 218 ';  ' 219 ';  ' 220 ';  ' 221 ';  ' 222 ';  ' 223 ';  ' 224 ';  ' 301 ';  ' 302 ';  ' 303 ';  ' 304 ';  ' 305 ';  ' 306 ';  ' 307 ';  ' 308 ';  ' 309 ';  ' 310 ';  ' 311 ';  ' 312 ';  ' 313 ';  ' 314 ';  ' 315 ';  ' 316 ';  ' 317 ';  ' 318 ';  ' 319 ';  ' 320 ';  ' 321 ';  ' 322 ';  ' 323 ';  ' 324 ';  ' 325 '; ];
%% RTS 96 System Load Data %% 
all_loaddata96 = [ 
101,1,11,11,74.87379881745838,11.705301034786274,0.0,0.0,0.0,0.0,1,1,0
102,1,11,12,68.06362723540371,13.4551149169486,0.0,0.0,0.0,0.0,1,1,0
103,1,11,11,139.9758864252381,20.98461036472516,0.0,0.0,0.0,0.0,1,1,0
104,1,11,11,61.89424700791882,10.312004599405684,0.0,0.0,0.0,0.0,1,1,0
105,1,11,11,41.17287131715696,10.354617422980908,0.0,0.0,0.0,0.0,1,1,0
106,1,11,12,84.50293421155662,22.34662614151686,0.0,0.0,0.0,0.0,1,1,0
107,1,11,12,72.2599964571884,18.887586744411383,0.0,0.0,0.0,0.0,1,1,0
108,1,11,12,117.66241874997206,26.43378062896547,0.0,0.0,0.0,0.0,1,1,0
109,1,11,13,112.16336823841324,30.679955176082252,0.0,0.0,0.0,0.0,1,1,0
110,1,11,13,126.2432341916256,27.434251765614373,0.0,0.0,0.0,0.0,1,1,0
111,1,11,13,0.0,0.0,0.0,0.0,0.0,0.0,1,1,0
112,1,11,13,0.0,0.0,0.0,0.0,0.0,0.0,1,1,0
113,1,12,14,174.90091309205093,32.217637991539945,0.0,0.0,0.0,0.0,1,1,0
114,1,12,16,166.3580389836171,29.017453875555145,0.0,0.0,0.0,0.0,1,1,0
115,1,12,16,242.2901178557368,45.20422275895178,0.0,0.0,0.0,0.0,1,1,0
116,1,12,16,54.6057981976401,10.360459070608018,0.0,0.0,0.0,0.0,1,1,0
117,1,12,17,0.0,0.0,0.0,0.0,0.0,0.0,1,1,0
118,1,12,17,162.80440461528477,33.52873044687174,0.0,0.0,0.0,0.0,1,1,0
119,1,12,15,106.25825633541984,29.20420554049783,0.0,0.0,0.0,0.0,1,1,0
120,1,12,15,107.080381544137,19.26409962695623,0.0,0.0,0.0,0.0,1,1,0
121,1,12,17,0.0,0.0,0.0,0.0,0.0,0.0,1,1,0
122,1,12,17,0.0,0.0,0.0,0.0,0.0,0.0,1,1,0
123,1,12,15,0.0,0.0,0.0,0.0,0.0,0.0,1,1,0
124,1,12,16,0.0,0.0,0.0,0.0,0.0,0.0,1,1,0
201,1,21,21,54.75800350764523,10.844897539162169,0.0,0.0,0.0,0.0,1,1,0
202,1,21,22,61.98587476922153,17.46731238567084,0.0,0.0,0.0,0.0,1,1,0
203,1,21,21,143.34156559825502,30.522338034618457,0.0,0.0,0.0,0.0,1,1,0
204,1,21,21,43.87294777305135,7.702826615652534,0.0,0.0,0.0,0.0,1,1,0
205,1,21,21,36.923414519433166,9.212116970646846,0.0,0.0,0.0,0.0,1,1,0
206,1,21,22,80.24779879928717,18.72901849617306,0.0,0.0,0.0,0.0,1,1,0
207,1,21,22,68.3647555676638,17.33376517188619,0.0,0.0,0.0,0.0,1,1,0
208,1,21,22,92.97979504968663,31.267063765606142,0.0,0.0,0.0,0.0,1,1,0
209,1,21,23,102.31607718262471,26.109029539434427,0.0,0.0,0.0,0.0,1,1,0
210,1,21,23,142.50279248363944,19.99227353307232,0.0,0.0,0.0,0.0,1,1,0
211,1,21,23,0.0,0.0,0.0,0.0,0.0,0.0,1,1,0
212,1,21,23,0.0,0.0,0.0,0.0,0.0,0.0,1,1,0
213,1,22,24,133.43125626767753,47.375644206886925,0.0,0.0,0.0,0.0,1,1,0
214,1,22,26,102.10596911133388,29.788945819937066,0.0,0.0,0.0,0.0,1,1,0
215,1,22,26,238.20281743731843,44.19967239694297,0.0,0.0,0.0,0.0,1,1,0
216,1,22,26,72.4172218413977,17.111274700714276,0.0,0.0,0.0,0.0,1,1,0
217,1,22,27,0.0,0.0,0.0,0.0,0.0,0.0,1,1,0
218,1,22,27,236.69210060900753,53.3615598342849,0.0,0.0,0.0,0.0,1,1,0
219,1,22,25,148.51985134708326,25.219876473032446,0.0,0.0,0.0,0.0,1,1,0
220,1,22,25,72.68018405905366,13.417733672110364,0.0,0.0,0.0,0.0,1,1,0
221,1,22,27,0.0,0.0,0.0,0.0,0.0,0.0,1,1,0
222,1,22,27,0.0,0.0,0.0,0.0,0.0,0.0,1,1,0
223,1,22,25,0.0,0.0,0.0,0.0,0.0,0.0,1,1,0
224,1,22,26,0.0,0.0,0.0,0.0,0.0,0.0,1,1,0
301,1,31,31,77.81749370690491,19.68803868295122,0.0,0.0,0.0,0.0,1,1,0
302,1,31,32,83.20970259829593,12.21795988564007,0.0,0.0,0.0,0.0,1,1,0
303,1,31,31,111.40205265629756,21.775692452311002,0.0,0.0,0.0,0.0,1,1,0
304,1,31,31,48.53572529332945,8.818589267001952,0.0,0.0,0.0,0.0,1,1,0
305,1,31,31,58.547108819491044,6.9278814857407465,0.0,0.0,0.0,0.0,1,1,0
306,1,31,32,84.89052143989095,14.167769634497164,0.0,0.0,0.0,0.0,1,1,0
307,1,31,32,66.3542759461503,22.43431126336218,0.0,0.0,0.0,0.0,1,1,0
308,1,31,32,90.60596567425006,17.058882787803885,0.0,0.0,0.0,0.0,1,1,0
309,1,31,33,89.14102664100704,22.339215294692295,0.0,0.0,0.0,0.0,1,1,0
310,1,31,33,126.61369940515863,31.16502515925653,0.0,0.0,0.0,0.0,1,1,0
311,1,31,33,0.0,0.0,0.0,0.0,0.0,0.0,1,1,0
312,1,31,33,0.0,0.0,0.0,0.0,0.0,0.0,1,1,0
313,1,32,34,147.47581431456354,38.06717861701576,0.0,0.0,0.0,0.0,1,1,0
314,1,32,36,158.00417742929392,25.878539715031863,0.0,0.0,0.0,0.0,1,1,0
315,1,32,36,227.65725926929022,50.97114578278362,0.0,0.0,0.0,0.0,1,1,0
