% From Raw File 
%% RTS 96 System Bus Data %% 
all_busdata96 = [ 
101,138,2,1,1,1,1.00,0.00,1.1,0.9,1.1,0.9
102,138,2,1,1,1,1.00,0.00,1.1,0.9,1.1,0.9
103,138,1,1,1,1,1.00,0.00,1.1,0.9,1.1,0.9
104,138,1,1,1,1,1.00,0.00,1.1,0.9,1.1,0.9
105,138,1,1,1,1,1.00,0.00,1.1,0.9,1.1,0.9
106,138,1,1,1,1,1.00,0.00,1.1,0.9,1.1,0.9
107,138,2,1,1,1,1.00,0.00,1.1,0.9,1.1,0.9
108,138,1,1,1,1,1.00,0.00,1.1,0.9,1.1,0.9
109,138,1,1,1,1,1.00,0.00,1.1,0.9,1.1,0.9
110,138,1,1,1,1,1.00,0.00,1.1,0.9,1.1,0.9
111,230,1,1,1,1,1.00,0.00,1.1,0.9,1.1,0.9
112,230,1,1,1,1,1.00,0.00,1.1,0.9,1.1,0.9
113,230,3,1,1,1,1.00,0.00,1.1,0.9,1.1,0.9
114,230,2,1,1,1,1.00,0.00,1.1,0.9,1.1,0.9
115,230,2,1,1,1,1.00,0.00,1.1,0.9,1.1,0.9
116,230,2,1,1,1,1.00,0.00,1.1,0.9,1.1,0.9
117,230,1,1,1,1,1.00,0.00,1.1,0.9,1.1,0.9
118,230,2,1,1,1,1.00,0.00,1.1,0.9,1.1,0.9
119,230,1,1,1,1,1.00,0.00,1.1,0.9,1.1,0.9
120,230,1,1,1,1,1.00,0.00,1.1,0.9,1.1,0.9
121,230,2,1,1,1,1.00,0.00,1.1,0.9,1.1,0.9
122,230,2,1,1,1,1.00,0.00,1.1,0.9,1.1,0.9
123,230,2,1,1,1,1.00,0.00,1.1,0.9,1.1,0.9
124,230,1,1,1,1,1.00,0.00,1.1,0.9,1.1,0.9
201,138,2,1,1,1,1.00,0.00,1.1,0.9,1.1,0.9
202,138,2,1,1,1,1.00,0.00,1.1,0.9,1.1,0.9
203,138,1,1,1,1,1.00,0.00,1.1,0.9,1.1,0.9
204,138,1,1,1,1,1.00,0.00,1.1,0.9,1.1,0.9
205,138,1,1,1,1,1.00,0.00,1.1,0.9,1.1,0.9
206,138,1,1,1,1,1.00,0.00,1.1,0.9,1.1,0.9
207,138,2,1,1,1,1.00,0.00,1.1,0.9,1.1,0.9
208,138,1,1,1,1,1.00,0.00,1.1,0.9,1.1,0.9
209,138,1,1,1,1,1.00,0.00,1.1,0.9,1.1,0.9
210,138,1,1,1,1,1.00,0.00,1.1,0.9,1.1,0.9
211,230,1,1,1,1,1.00,0.00,1.1,0.9,1.1,0.9
212,230,1,1,1,1,1.00,0.00,1.1,0.9,1.1,0.9
213,230,2,1,1,1,1.00,0.00,1.1,0.9,1.1,0.9
214,230,2,1,1,1,1.00,0.00,1.1,0.9,1.1,0.9
215,230,2,1,1,1,1.00,0.00,1.1,0.9,1.1,0.9
216,230,2,1,1,1,1.00,0.00,1.1,0.9,1.1,0.9
217,230,1,1,1,1,1.00,0.00,1.1,0.9,1.1,0.9
218,230,2,1,1,1,1.00,0.00,1.1,0.9,1.1,0.9
219,230,1,1,1,1,1.00,0.00,1.1,0.9,1.1,0.9
220,230,1,1,1,1,1.00,0.00,1.1,0.9,1.1,0.9
221,230,2,1,1,1,1.00,0.00,1.1,0.9,1.1,0.9
222,230,2,1,1,1,1.00,0.00,1.1,0.9,1.1,0.9
223,230,2,1,1,1,1.00,0.00,1.1,0.9,1.1,0.9
224,230,1,1,1,1,1.00,0.00,1.1,0.9,1.1,0.9
301,138,2,1,1,1,1.00,0.00,1.1,0.9,1.1,0.9
302,138,2,1,1,1,1.00,0.00,1.1,0.9,1.1,0.9
303,138,1,1,1,1,1.00,0.00,1.1,0.9,1.1,0.9
304,138,1,1,1,1,1.00,0.00,1.1,0.9,1.1,0.9
305,138,1,1,1,1,1.00,0.00,1.1,0.9,1.1,0.9
306,138,1,1,1,1,1.00,0.00,1.1,0.9,1.1,0.9
307,138,2,1,1,1,1.00,0.00,1.1,0.9,1.1,0.9
308,138,1,1,1,1,1.00,0.00,1.1,0.9,1.1,0.9
309,138,1,1,1,1,1.00,0.00,1.1,0.9,1.1,0.9
310,138,1,1,1,1,1.00,0.00,1.1,0.9,1.1,0.9
311,230,1,1,1,1,1.00,0.00,1.1,0.9,1.1,0.9
312,230,1,1,1,1,1.00,0.00,1.1,0.9,1.1,0.9
313,230,2,1,1,1,1.00,0.00,1.1,0.9,1.1,0.9
314,230,2,1,1,1,1.00,0.00,1.1,0.9,1.1,0.9
315,230,2,1,1,1,1.00,0.00,1.1,0.9,1.1,0.9
316,230,2,1,1,1,1.00,0.00,1.1,0.9,1.1,0.9
317,230,1,1,1,1,1.00,0.00,1.1,0.9,1.1,0.9
318,230,2,1,1,1,1.00,0.00,1.1,0.9,1.1,0.9
319,230,1,1,1,1,1.00,0.00,1.1,0.9,1.1,0.9
320,230,1,1,1,1,1.00,0.00,1.1,0.9,1.1,0.9
321,230,2,1,1,1,1.00,0.00,1.1,0.9,1.1,0.9
322,230,2,1,1,1,1.00,0.00,1.1,0.9,1.1,0.9
323,230,2,1,1,1,1.00,0.00,1.1,0.9,1.1,0.9
324,230,1,1,1,1,1.00,0.00,1.1,0.9,1.1,0.9
325,230,1,1,1,1,1.00,0.00,1.1,0.9,1.1,0.9
]; 
all_busName96 = [   ' 101 ';  ' 102 ';  ' 103 ';  ' 104 ';  ' 105 ';  ' 106 ';  ' 107 ';  ' 108 ';  ' 109 ';  ' 110 ';  ' 111 ';  ' 112 ';  ' 113 ';  ' 114 ';  ' 115 ';  ' 116 ';  ' 117 ';  ' 118 ';  ' 119 ';  ' 120 ';  ' 121 ';  ' 122 ';  ' 123 ';  ' 124 ';  ' 201 ';  ' 202 ';  ' 203 ';  ' 204 ';  ' 205 ';  ' 206 ';  ' 207 ';  ' 208 ';  ' 209 ';  ' 210 ';  ' 211 ';  ' 212 ';  ' 213 ';  ' 214 ';  ' 215 ';  ' 216 ';  ' 217 ';  ' 218 ';  ' 219 ';  ' 220 ';  ' 221 ';  ' 222 ';  ' 223 ';  ' 224 ';  ' 301 ';  ' 302 ';  ' 303 ';  ' 304 ';  ' 305 ';  ' 306 ';  ' 307 ';  ' 308 ';  ' 309 ';  ' 310 ';  ' 311 ';  ' 312 ';  ' 313 ';  ' 314 ';  ' 315 ';  ' 316 ';  ' 317 ';  ' 318 ';  ' 319 ';  ' 320 ';  ' 321 ';  ' 322 ';  ' 323 ';  ' 324 ';  ' 325 '; ];
%% RTS 96 System Load Data %% 
all_loaddata96 = [ 
101,1,11,11,77.31576472106705,13.698048846260738,0.0,0.0,0.0,0.0,1,1,0
102,1,11,12,63.88590007348763,10.359893245272337,0.0,0.0,0.0,0.0,1,1,0
103,1,11,11,96.49382138164714,31.38352229628777,0.0,0.0,0.0,0.0,1,1,0
104,1,11,11,61.18712413601484,11.33799826410762,0.0,0.0,0.0,0.0,1,1,0
105,1,11,11,35.70490078196023,8.599806199833658,0.0,0.0,0.0,0.0,1,1,0
106,1,11,12,97.71332403977998,21.334738711429015,0.0,0.0,0.0,0.0,1,1,0
107,1,11,12,96.38683008715161,20.895622363012514,0.0,0.0,0.0,0.0,1,1,0
108,1,11,12,140.48623006318414,22.397624027085257,0.0,0.0,0.0,0.0,1,1,0
109,1,11,13,104.58377875872539,23.380747540750356,0.0,0.0,0.0,0.0,1,1,0
110,1,11,13,170.20671212957149,23.006722960403188,0.0,0.0,0.0,0.0,1,1,0
111,1,11,13,0.0,0.0,0.0,0.0,0.0,0.0,1,1,0
112,1,11,13,0.0,0.0,0.0,0.0,0.0,0.0,1,1,0
113,1,12,14,181.73279475152773,38.324213489705514,0.0,0.0,0.0,0.0,1,1,0
114,1,12,16,138.50762091222623,22.63148197414549,0.0,0.0,0.0,0.0,1,1,0
115,1,12,16,264.55912228142876,32.93026266141236,0.0,0.0,0.0,0.0,1,1,0
116,1,12,16,57.69975581801031,14.622340537726878,0.0,0.0,0.0,0.0,1,1,0
117,1,12,17,0.0,0.0,0.0,0.0,0.0,0.0,1,1,0
118,1,12,17,237.39619063556214,41.507548521408815,0.0,0.0,0.0,0.0,1,1,0
119,1,12,15,116.18149547327981,23.668045422290778,0.0,0.0,0.0,0.0,1,1,0
120,1,12,15,97.96237693074345,18.029737051487995,0.0,0.0,0.0,0.0,1,1,0
121,1,12,17,0.0,0.0,0.0,0.0,0.0,0.0,1,1,0
122,1,12,17,0.0,0.0,0.0,0.0,0.0,0.0,1,1,0
123,1,12,15,0.0,0.0,0.0,0.0,0.0,0.0,1,1,0
124,1,12,16,0.0,0.0,0.0,0.0,0.0,0.0,1,1,0
201,1,21,21,54.966173420147214,17.94572458108552,0.0,0.0,0.0,0.0,1,1,0
202,1,21,22,66.45647557517225,15.688895696726629,0.0,0.0,0.0,0.0,1,1,0
203,1,21,21,155.6309411624316,30.90074941375153,0.0,0.0,0.0,0.0,1,1,0
204,1,21,21,38.92994077854361,12.003019720835612,0.0,0.0,0.0,0.0,1,1,0
205,1,21,21,46.97265647495622,7.48121136432141,0.0,0.0,0.0,0.0,1,1,0
206,1,21,22,117.67905116963088,14.834157588396033,0.0,0.0,0.0,0.0,1,1,0
207,1,21,22,66.32328969156369,21.139252498688872,0.0,0.0,0.0,0.0,1,1,0
208,1,21,22,101.39212729530189,20.983312084702543,0.0,0.0,0.0,0.0,1,1,0
209,1,21,23,117.24294723983388,31.013266537315022,0.0,0.0,0.0,0.0,1,1,0
210,1,21,23,121.13676082166027,23.814646286644038,0.0,0.0,0.0,0.0,1,1,0
211,1,21,23,0.0,0.0,0.0,0.0,0.0,0.0,1,1,0
212,1,21,23,0.0,0.0,0.0,0.0,0.0,0.0,1,1,0
213,1,22,24,130.4546804668056,39.75816886083092,0.0,0.0,0.0,0.0,1,1,0
214,1,22,26,109.06886666488974,20.5443992368096,0.0,0.0,0.0,0.0,1,1,0
215,1,22,26,235.03779504556258,36.35694350352287,0.0,0.0,0.0,0.0,1,1,0
216,1,22,26,85.8851167127816,16.15784774710145,0.0,0.0,0.0,0.0,1,1,0
217,1,22,27,0.0,0.0,0.0,0.0,0.0,0.0,1,1,0
218,1,22,27,197.69819977396006,43.52980299571026,0.0,0.0,0.0,0.0,1,1,0
219,1,22,25,120.87354346905329,20.8874082245185,0.0,0.0,0.0,0.0,1,1,0
220,1,22,25,64.28694293562769,20.880375823180287,0.0,0.0,0.0,0.0,1,1,0
221,1,22,27,0.0,0.0,0.0,0.0,0.0,0.0,1,1,0
222,1,22,27,0.0,0.0,0.0,0.0,0.0,0.0,1,1,0
223,1,22,25,0.0,0.0,0.0,0.0,0.0,0.0,1,1,0
224,1,22,26,0.0,0.0,0.0,0.0,0.0,0.0,1,1,0
301,1,31,31,57.65496763634942,14.489101063883119,0.0,0.0,0.0,0.0,1,1,0
302,1,31,32,67.2843906338012,13.397940378419124,0.0,0.0,0.0,0.0,1,1,0
303,1,31,31,161.7836530317301,21.491918718943605,0.0,0.0,0.0,0.0,1,1,0
304,1,31,31,48.093696529133155,12.204617187201277,0.0,0.0,0.0,0.0,1,1,0
305,1,31,31,53.515289007679286,9.751848983599618,0.0,0.0,0.0,0.0,1,1,0
306,1,31,32,87.153678697671,20.769569296093472,0.0,0.0,0.0,0.0,1,1,0
307,1,31,32,97.79410130858305,16.59845156549709,0.0,0.0,0.0,0.0,1,1,0
308,1,31,32,151.54598102828683,18.00723242510576,0.0,0.0,0.0,0.0,1,1,0
309,1,31,33,94.23419253850007,18.98445003527496,0.0,0.0,0.0,0.0,1,1,0
310,1,31,33,121.64616815548901,34.972749563243234,0.0,0.0,0.0,0.0,1,1,0
311,1,31,33,0.0,0.0,0.0,0.0,0.0,0.0,1,1,0
312,1,31,33,0.0,0.0,0.0,0.0,0.0,0.0,1,1,0
313,1,32,34,142.51398993914597,36.87573009749399,0.0,0.0,0.0,0.0,1,1,0
314,1,32,36,134.72287109675528,28.166187304147286,0.0,0.0,0.0,0.0,1,1,0
315,1,32,36,174.47155925747737,47.85107346711158,0.0,0.0,0.0,0.0,1,1,0
