% From Raw File 
%% RTS 96 System Bus Data %% 
all_busdata96 = [ 
101,138,2,1,1,1,1.00,0.00,1.1,0.9,1.1,0.9
102,138,2,1,1,1,1.00,0.00,1.1,0.9,1.1,0.9
103,138,1,1,1,1,1.00,0.00,1.1,0.9,1.1,0.9
104,138,1,1,1,1,1.00,0.00,1.1,0.9,1.1,0.9
105,138,1,1,1,1,1.00,0.00,1.1,0.9,1.1,0.9
106,138,1,1,1,1,1.00,0.00,1.1,0.9,1.1,0.9
107,138,2,1,1,1,1.00,0.00,1.1,0.9,1.1,0.9
108,138,1,1,1,1,1.00,0.00,1.1,0.9,1.1,0.9
109,138,1,1,1,1,1.00,0.00,1.1,0.9,1.1,0.9
110,138,1,1,1,1,1.00,0.00,1.1,0.9,1.1,0.9
111,230,1,1,1,1,1.00,0.00,1.1,0.9,1.1,0.9
112,230,1,1,1,1,1.00,0.00,1.1,0.9,1.1,0.9
113,230,3,1,1,1,1.00,0.00,1.1,0.9,1.1,0.9
114,230,2,1,1,1,1.00,0.00,1.1,0.9,1.1,0.9
115,230,2,1,1,1,1.00,0.00,1.1,0.9,1.1,0.9
116,230,2,1,1,1,1.00,0.00,1.1,0.9,1.1,0.9
117,230,1,1,1,1,1.00,0.00,1.1,0.9,1.1,0.9
118,230,2,1,1,1,1.00,0.00,1.1,0.9,1.1,0.9
119,230,1,1,1,1,1.00,0.00,1.1,0.9,1.1,0.9
120,230,1,1,1,1,1.00,0.00,1.1,0.9,1.1,0.9
121,230,2,1,1,1,1.00,0.00,1.1,0.9,1.1,0.9
122,230,2,1,1,1,1.00,0.00,1.1,0.9,1.1,0.9
123,230,2,1,1,1,1.00,0.00,1.1,0.9,1.1,0.9
124,230,1,1,1,1,1.00,0.00,1.1,0.9,1.1,0.9
201,138,2,1,1,1,1.00,0.00,1.1,0.9,1.1,0.9
202,138,2,1,1,1,1.00,0.00,1.1,0.9,1.1,0.9
203,138,1,1,1,1,1.00,0.00,1.1,0.9,1.1,0.9
204,138,1,1,1,1,1.00,0.00,1.1,0.9,1.1,0.9
205,138,1,1,1,1,1.00,0.00,1.1,0.9,1.1,0.9
206,138,1,1,1,1,1.00,0.00,1.1,0.9,1.1,0.9
207,138,2,1,1,1,1.00,0.00,1.1,0.9,1.1,0.9
208,138,1,1,1,1,1.00,0.00,1.1,0.9,1.1,0.9
209,138,1,1,1,1,1.00,0.00,1.1,0.9,1.1,0.9
210,138,1,1,1,1,1.00,0.00,1.1,0.9,1.1,0.9
211,230,1,1,1,1,1.00,0.00,1.1,0.9,1.1,0.9
212,230,1,1,1,1,1.00,0.00,1.1,0.9,1.1,0.9
213,230,2,1,1,1,1.00,0.00,1.1,0.9,1.1,0.9
214,230,2,1,1,1,1.00,0.00,1.1,0.9,1.1,0.9
215,230,2,1,1,1,1.00,0.00,1.1,0.9,1.1,0.9
216,230,2,1,1,1,1.00,0.00,1.1,0.9,1.1,0.9
217,230,1,1,1,1,1.00,0.00,1.1,0.9,1.1,0.9
218,230,2,1,1,1,1.00,0.00,1.1,0.9,1.1,0.9
219,230,1,1,1,1,1.00,0.00,1.1,0.9,1.1,0.9
220,230,1,1,1,1,1.00,0.00,1.1,0.9,1.1,0.9
221,230,2,1,1,1,1.00,0.00,1.1,0.9,1.1,0.9
222,230,2,1,1,1,1.00,0.00,1.1,0.9,1.1,0.9
223,230,2,1,1,1,1.00,0.00,1.1,0.9,1.1,0.9
224,230,1,1,1,1,1.00,0.00,1.1,0.9,1.1,0.9
301,138,2,1,1,1,1.00,0.00,1.1,0.9,1.1,0.9
302,138,2,1,1,1,1.00,0.00,1.1,0.9,1.1,0.9
303,138,1,1,1,1,1.00,0.00,1.1,0.9,1.1,0.9
304,138,1,1,1,1,1.00,0.00,1.1,0.9,1.1,0.9
305,138,1,1,1,1,1.00,0.00,1.1,0.9,1.1,0.9
306,138,1,1,1,1,1.00,0.00,1.1,0.9,1.1,0.9
307,138,2,1,1,1,1.00,0.00,1.1,0.9,1.1,0.9
308,138,1,1,1,1,1.00,0.00,1.1,0.9,1.1,0.9
309,138,1,1,1,1,1.00,0.00,1.1,0.9,1.1,0.9
310,138,1,1,1,1,1.00,0.00,1.1,0.9,1.1,0.9
311,230,1,1,1,1,1.00,0.00,1.1,0.9,1.1,0.9
312,230,1,1,1,1,1.00,0.00,1.1,0.9,1.1,0.9
313,230,2,1,1,1,1.00,0.00,1.1,0.9,1.1,0.9
314,230,2,1,1,1,1.00,0.00,1.1,0.9,1.1,0.9
315,230,2,1,1,1,1.00,0.00,1.1,0.9,1.1,0.9
316,230,2,1,1,1,1.00,0.00,1.1,0.9,1.1,0.9
317,230,1,1,1,1,1.00,0.00,1.1,0.9,1.1,0.9
318,230,2,1,1,1,1.00,0.00,1.1,0.9,1.1,0.9
319,230,1,1,1,1,1.00,0.00,1.1,0.9,1.1,0.9
320,230,1,1,1,1,1.00,0.00,1.1,0.9,1.1,0.9
321,230,2,1,1,1,1.00,0.00,1.1,0.9,1.1,0.9
322,230,2,1,1,1,1.00,0.00,1.1,0.9,1.1,0.9
323,230,2,1,1,1,1.00,0.00,1.1,0.9,1.1,0.9
324,230,1,1,1,1,1.00,0.00,1.1,0.9,1.1,0.9
325,230,1,1,1,1,1.00,0.00,1.1,0.9,1.1,0.9
]; 
all_busName96 = [   ' 101 ';  ' 102 ';  ' 103 ';  ' 104 ';  ' 105 ';  ' 106 ';  ' 107 ';  ' 108 ';  ' 109 ';  ' 110 ';  ' 111 ';  ' 112 ';  ' 113 ';  ' 114 ';  ' 115 ';  ' 116 ';  ' 117 ';  ' 118 ';  ' 119 ';  ' 120 ';  ' 121 ';  ' 122 ';  ' 123 ';  ' 124 ';  ' 201 ';  ' 202 ';  ' 203 ';  ' 204 ';  ' 205 ';  ' 206 ';  ' 207 ';  ' 208 ';  ' 209 ';  ' 210 ';  ' 211 ';  ' 212 ';  ' 213 ';  ' 214 ';  ' 215 ';  ' 216 ';  ' 217 ';  ' 218 ';  ' 219 ';  ' 220 ';  ' 221 ';  ' 222 ';  ' 223 ';  ' 224 ';  ' 301 ';  ' 302 ';  ' 303 ';  ' 304 ';  ' 305 ';  ' 306 ';  ' 307 ';  ' 308 ';  ' 309 ';  ' 310 ';  ' 311 ';  ' 312 ';  ' 313 ';  ' 314 ';  ' 315 ';  ' 316 ';  ' 317 ';  ' 318 ';  ' 319 ';  ' 320 ';  ' 321 ';  ' 322 ';  ' 323 ';  ' 324 ';  ' 325 '; ];
%% RTS 96 System Load Data %% 
all_loaddata96 = [ 
101,1,11,11,76.33731055145803,14.065130551031325,0.0,0.0,0.0,0.0,1,1,0
102,1,11,12,58.85293158059749,16.842771700792014,0.0,0.0,0.0,0.0,1,1,0
103,1,11,11,135.51678309980315,21.69399346828926,0.0,0.0,0.0,0.0,1,1,0
104,1,11,11,42.53901217270055,7.971711774020455,0.0,0.0,0.0,0.0,1,1,0
105,1,11,11,42.546343832627734,7.084306527433544,0.0,0.0,0.0,0.0,1,1,0
106,1,11,12,70.37851512764767,16.308812660595773,0.0,0.0,0.0,0.0,1,1,0
107,1,11,12,80.92584246657206,16.324892082503066,0.0,0.0,0.0,0.0,1,1,0
108,1,11,12,145.23129115333572,19.00033483664598,0.0,0.0,0.0,0.0,1,1,0
109,1,11,13,121.32770520050776,22.938427445590495,0.0,0.0,0.0,0.0,1,1,0
110,1,11,13,116.91770821624318,23.790040067916735,0.0,0.0,0.0,0.0,1,1,0
111,1,11,13,0.0,0.0,0.0,0.0,0.0,0.0,1,1,0
112,1,11,13,0.0,0.0,0.0,0.0,0.0,0.0,1,1,0
113,1,12,14,138.46165457596445,47.89649242891995,0.0,0.0,0.0,0.0,1,1,0
114,1,12,16,162.47901981091047,27.07761978798844,0.0,0.0,0.0,0.0,1,1,0
115,1,12,16,251.30525745632772,48.61097680928707,0.0,0.0,0.0,0.0,1,1,0
116,1,12,16,86.49142964984291,14.277591290107928,0.0,0.0,0.0,0.0,1,1,0
117,1,12,17,0.0,0.0,0.0,0.0,0.0,0.0,1,1,0
118,1,12,17,184.7451261822154,48.15031520514507,0.0,0.0,0.0,0.0,1,1,0
119,1,12,15,106.6059217076473,28.37046237374162,0.0,0.0,0.0,0.0,1,1,0
120,1,12,15,97.37189965909124,19.131117306959723,0.0,0.0,0.0,0.0,1,1,0
121,1,12,17,0.0,0.0,0.0,0.0,0.0,0.0,1,1,0
122,1,12,17,0.0,0.0,0.0,0.0,0.0,0.0,1,1,0
123,1,12,15,0.0,0.0,0.0,0.0,0.0,0.0,1,1,0
124,1,12,16,0.0,0.0,0.0,0.0,0.0,0.0,1,1,0
201,1,21,21,70.42174351194184,11.452577888161317,0.0,0.0,0.0,0.0,1,1,0
202,1,21,22,81.10015516630021,17.594074045951476,0.0,0.0,0.0,0.0,1,1,0
203,1,21,21,108.36957380618992,20.009105923590855,0.0,0.0,0.0,0.0,1,1,0
204,1,21,21,46.80979047435019,12.382387470872606,0.0,0.0,0.0,0.0,1,1,0
205,1,21,21,46.01312941869716,11.577661843818985,0.0,0.0,0.0,0.0,1,1,0
206,1,21,22,120.90466732631587,22.85520732344091,0.0,0.0,0.0,0.0,1,1,0
207,1,21,22,89.07009732422303,15.612094984785653,0.0,0.0,0.0,0.0,1,1,0
208,1,21,22,100.26761737783822,28.122390437507768,0.0,0.0,0.0,0.0,1,1,0
209,1,21,23,90.71306649614009,28.44777598451916,0.0,0.0,0.0,0.0,1,1,0
210,1,21,23,155.30508341227377,33.24691318573616,0.0,0.0,0.0,0.0,1,1,0
211,1,21,23,0.0,0.0,0.0,0.0,0.0,0.0,1,1,0
212,1,21,23,0.0,0.0,0.0,0.0,0.0,0.0,1,1,0
213,1,22,24,214.083918504081,27.6672565410831,0.0,0.0,0.0,0.0,1,1,0
214,1,22,26,149.8560427559618,25.92645494119255,0.0,0.0,0.0,0.0,1,1,0
215,1,22,26,165.63063055334882,39.28984930512607,0.0,0.0,0.0,0.0,1,1,0
216,1,22,26,67.80874388212803,12.150111543333159,0.0,0.0,0.0,0.0,1,1,0
217,1,22,27,0.0,0.0,0.0,0.0,0.0,0.0,1,1,0
218,1,22,27,297.0467574984695,43.96697341890279,0.0,0.0,0.0,0.0,1,1,0
219,1,22,25,145.15909823135064,31.865528582905373,0.0,0.0,0.0,0.0,1,1,0
220,1,22,25,82.3662613736093,15.214706313202344,0.0,0.0,0.0,0.0,1,1,0
221,1,22,27,0.0,0.0,0.0,0.0,0.0,0.0,1,1,0
222,1,22,27,0.0,0.0,0.0,0.0,0.0,0.0,1,1,0
223,1,22,25,0.0,0.0,0.0,0.0,0.0,0.0,1,1,0
224,1,22,26,0.0,0.0,0.0,0.0,0.0,0.0,1,1,0
301,1,31,31,93.7065282216154,15.236316308851542,0.0,0.0,0.0,0.0,1,1,0
302,1,31,32,75.83109897356196,12.141499329409562,0.0,0.0,0.0,0.0,1,1,0
303,1,31,31,118.71639708746875,28.785091021177124,0.0,0.0,0.0,0.0,1,1,0
304,1,31,31,43.00524418107484,9.30614923272212,0.0,0.0,0.0,0.0,1,1,0
305,1,31,31,41.09579975138856,12.334071067781187,0.0,0.0,0.0,0.0,1,1,0
306,1,31,32,96.94810513111354,22.68870746435914,0.0,0.0,0.0,0.0,1,1,0
307,1,31,32,65.03384540958213,14.661047479554544,0.0,0.0,0.0,0.0,1,1,0
308,1,31,32,114.98903436591108,20.667720422261393,0.0,0.0,0.0,0.0,1,1,0
309,1,31,33,129.99764694852638,29.148817976855863,0.0,0.0,0.0,0.0,1,1,0
310,1,31,33,129.64224982149736,30.21080383087881,0.0,0.0,0.0,0.0,1,1,0
311,1,31,33,0.0,0.0,0.0,0.0,0.0,0.0,1,1,0
312,1,31,33,0.0,0.0,0.0,0.0,0.0,0.0,1,1,0
313,1,32,34,220.23210009236075,47.621256273437105,0.0,0.0,0.0,0.0,1,1,0
314,1,32,36,166.3556596519894,20.065522592291796,0.0,0.0,0.0,0.0,1,1,0
315,1,32,36,223.12929500940947,50.82612095580697,0.0,0.0,0.0,0.0,1,1,0
