% From Raw File 
%% RTS 96 System Bus Data %% 
all_busdata96 = [ 
101,138,2,1,1,1,1.00,0.00,1.1,0.9,1.1,0.9
102,138,2,1,1,1,1.00,0.00,1.1,0.9,1.1,0.9
103,138,1,1,1,1,1.00,0.00,1.1,0.9,1.1,0.9
104,138,1,1,1,1,1.00,0.00,1.1,0.9,1.1,0.9
105,138,1,1,1,1,1.00,0.00,1.1,0.9,1.1,0.9
106,138,1,1,1,1,1.00,0.00,1.1,0.9,1.1,0.9
107,138,2,1,1,1,1.00,0.00,1.1,0.9,1.1,0.9
108,138,1,1,1,1,1.00,0.00,1.1,0.9,1.1,0.9
109,138,1,1,1,1,1.00,0.00,1.1,0.9,1.1,0.9
110,138,1,1,1,1,1.00,0.00,1.1,0.9,1.1,0.9
111,230,1,1,1,1,1.00,0.00,1.1,0.9,1.1,0.9
112,230,1,1,1,1,1.00,0.00,1.1,0.9,1.1,0.9
113,230,3,1,1,1,1.00,0.00,1.1,0.9,1.1,0.9
114,230,2,1,1,1,1.00,0.00,1.1,0.9,1.1,0.9
115,230,2,1,1,1,1.00,0.00,1.1,0.9,1.1,0.9
116,230,2,1,1,1,1.00,0.00,1.1,0.9,1.1,0.9
117,230,1,1,1,1,1.00,0.00,1.1,0.9,1.1,0.9
118,230,2,1,1,1,1.00,0.00,1.1,0.9,1.1,0.9
119,230,1,1,1,1,1.00,0.00,1.1,0.9,1.1,0.9
120,230,1,1,1,1,1.00,0.00,1.1,0.9,1.1,0.9
121,230,2,1,1,1,1.00,0.00,1.1,0.9,1.1,0.9
122,230,2,1,1,1,1.00,0.00,1.1,0.9,1.1,0.9
123,230,2,1,1,1,1.00,0.00,1.1,0.9,1.1,0.9
124,230,1,1,1,1,1.00,0.00,1.1,0.9,1.1,0.9
201,138,2,1,1,1,1.00,0.00,1.1,0.9,1.1,0.9
202,138,2,1,1,1,1.00,0.00,1.1,0.9,1.1,0.9
203,138,1,1,1,1,1.00,0.00,1.1,0.9,1.1,0.9
204,138,1,1,1,1,1.00,0.00,1.1,0.9,1.1,0.9
205,138,1,1,1,1,1.00,0.00,1.1,0.9,1.1,0.9
206,138,1,1,1,1,1.00,0.00,1.1,0.9,1.1,0.9
207,138,2,1,1,1,1.00,0.00,1.1,0.9,1.1,0.9
208,138,1,1,1,1,1.00,0.00,1.1,0.9,1.1,0.9
209,138,1,1,1,1,1.00,0.00,1.1,0.9,1.1,0.9
210,138,1,1,1,1,1.00,0.00,1.1,0.9,1.1,0.9
211,230,1,1,1,1,1.00,0.00,1.1,0.9,1.1,0.9
212,230,1,1,1,1,1.00,0.00,1.1,0.9,1.1,0.9
213,230,2,1,1,1,1.00,0.00,1.1,0.9,1.1,0.9
214,230,2,1,1,1,1.00,0.00,1.1,0.9,1.1,0.9
215,230,2,1,1,1,1.00,0.00,1.1,0.9,1.1,0.9
216,230,2,1,1,1,1.00,0.00,1.1,0.9,1.1,0.9
217,230,1,1,1,1,1.00,0.00,1.1,0.9,1.1,0.9
218,230,2,1,1,1,1.00,0.00,1.1,0.9,1.1,0.9
219,230,1,1,1,1,1.00,0.00,1.1,0.9,1.1,0.9
220,230,1,1,1,1,1.00,0.00,1.1,0.9,1.1,0.9
221,230,2,1,1,1,1.00,0.00,1.1,0.9,1.1,0.9
222,230,2,1,1,1,1.00,0.00,1.1,0.9,1.1,0.9
223,230,2,1,1,1,1.00,0.00,1.1,0.9,1.1,0.9
224,230,1,1,1,1,1.00,0.00,1.1,0.9,1.1,0.9
301,138,2,1,1,1,1.00,0.00,1.1,0.9,1.1,0.9
302,138,2,1,1,1,1.00,0.00,1.1,0.9,1.1,0.9
303,138,1,1,1,1,1.00,0.00,1.1,0.9,1.1,0.9
304,138,1,1,1,1,1.00,0.00,1.1,0.9,1.1,0.9
305,138,1,1,1,1,1.00,0.00,1.1,0.9,1.1,0.9
306,138,1,1,1,1,1.00,0.00,1.1,0.9,1.1,0.9
307,138,2,1,1,1,1.00,0.00,1.1,0.9,1.1,0.9
308,138,1,1,1,1,1.00,0.00,1.1,0.9,1.1,0.9
309,138,1,1,1,1,1.00,0.00,1.1,0.9,1.1,0.9
310,138,1,1,1,1,1.00,0.00,1.1,0.9,1.1,0.9
311,230,1,1,1,1,1.00,0.00,1.1,0.9,1.1,0.9
312,230,1,1,1,1,1.00,0.00,1.1,0.9,1.1,0.9
313,230,2,1,1,1,1.00,0.00,1.1,0.9,1.1,0.9
314,230,2,1,1,1,1.00,0.00,1.1,0.9,1.1,0.9
315,230,2,1,1,1,1.00,0.00,1.1,0.9,1.1,0.9
316,230,2,1,1,1,1.00,0.00,1.1,0.9,1.1,0.9
317,230,1,1,1,1,1.00,0.00,1.1,0.9,1.1,0.9
318,230,2,1,1,1,1.00,0.00,1.1,0.9,1.1,0.9
319,230,1,1,1,1,1.00,0.00,1.1,0.9,1.1,0.9
320,230,1,1,1,1,1.00,0.00,1.1,0.9,1.1,0.9
321,230,2,1,1,1,1.00,0.00,1.1,0.9,1.1,0.9
322,230,2,1,1,1,1.00,0.00,1.1,0.9,1.1,0.9
323,230,2,1,1,1,1.00,0.00,1.1,0.9,1.1,0.9
324,230,1,1,1,1,1.00,0.00,1.1,0.9,1.1,0.9
325,230,1,1,1,1,1.00,0.00,1.1,0.9,1.1,0.9
]; 
all_busName96 = [   ' 101 ';  ' 102 ';  ' 103 ';  ' 104 ';  ' 105 ';  ' 106 ';  ' 107 ';  ' 108 ';  ' 109 ';  ' 110 ';  ' 111 ';  ' 112 ';  ' 113 ';  ' 114 ';  ' 115 ';  ' 116 ';  ' 117 ';  ' 118 ';  ' 119 ';  ' 120 ';  ' 121 ';  ' 122 ';  ' 123 ';  ' 124 ';  ' 201 ';  ' 202 ';  ' 203 ';  ' 204 ';  ' 205 ';  ' 206 ';  ' 207 ';  ' 208 ';  ' 209 ';  ' 210 ';  ' 211 ';  ' 212 ';  ' 213 ';  ' 214 ';  ' 215 ';  ' 216 ';  ' 217 ';  ' 218 ';  ' 219 ';  ' 220 ';  ' 221 ';  ' 222 ';  ' 223 ';  ' 224 ';  ' 301 ';  ' 302 ';  ' 303 ';  ' 304 ';  ' 305 ';  ' 306 ';  ' 307 ';  ' 308 ';  ' 309 ';  ' 310 ';  ' 311 ';  ' 312 ';  ' 313 ';  ' 314 ';  ' 315 ';  ' 316 ';  ' 317 ';  ' 318 ';  ' 319 ';  ' 320 ';  ' 321 ';  ' 322 ';  ' 323 ';  ' 324 ';  ' 325 '; ];
%% RTS 96 System Load Data %% 
all_loaddata96 = [ 
101,1,11,11,90.81838404887337,17.510105008246935,0.0,0.0,0.0,0.0,1,1,0
102,1,11,12,67.82610297976252,11.266695828764698,0.0,0.0,0.0,0.0,1,1,0
103,1,11,11,136.1691225159159,22.922875707880127,0.0,0.0,0.0,0.0,1,1,0
104,1,11,11,47.305724858825556,8.098097648922353,0.0,0.0,0.0,0.0,1,1,0
105,1,11,11,49.532900770566336,11.948982828286105,0.0,0.0,0.0,0.0,1,1,0
106,1,11,12,99.46435757489317,13.738950746557675,0.0,0.0,0.0,0.0,1,1,0
107,1,11,12,110.16035488471971,12.393382633540313,0.0,0.0,0.0,0.0,1,1,0
108,1,11,12,115.53702189901834,24.69708793526189,0.0,0.0,0.0,0.0,1,1,0
109,1,11,13,108.39906877828413,22.535529632151313,0.0,0.0,0.0,0.0,1,1,0
110,1,11,13,167.9500626940804,22.72431124679558,0.0,0.0,0.0,0.0,1,1,0
111,1,11,13,0.0,0.0,0.0,0.0,0.0,0.0,1,1,0
112,1,11,13,0.0,0.0,0.0,0.0,0.0,0.0,1,1,0
113,1,12,14,226.49143245105566,29.701466342139522,0.0,0.0,0.0,0.0,1,1,0
114,1,12,16,151.13578800002765,29.45448803332178,0.0,0.0,0.0,0.0,1,1,0
115,1,12,16,263.0252028263671,41.122982070386406,0.0,0.0,0.0,0.0,1,1,0
116,1,12,16,48.991872807992614,9.760378398575819,0.0,0.0,0.0,0.0,1,1,0
117,1,12,17,0.0,0.0,0.0,0.0,0.0,0.0,1,1,0
118,1,12,17,216.48644892998678,60.100592728769044,0.0,0.0,0.0,0.0,1,1,0
119,1,12,15,123.28755668040687,27.219166326573582,0.0,0.0,0.0,0.0,1,1,0
120,1,12,15,81.61952829031348,14.915105630318541,0.0,0.0,0.0,0.0,1,1,0
121,1,12,17,0.0,0.0,0.0,0.0,0.0,0.0,1,1,0
122,1,12,17,0.0,0.0,0.0,0.0,0.0,0.0,1,1,0
123,1,12,15,0.0,0.0,0.0,0.0,0.0,0.0,1,1,0
124,1,12,16,0.0,0.0,0.0,0.0,0.0,0.0,1,1,0
201,1,21,21,96.63305785137601,11.005991194407642,0.0,0.0,0.0,0.0,1,1,0
202,1,21,22,47.81311053833077,12.932015977257862,0.0,0.0,0.0,0.0,1,1,0
203,1,21,21,139.17563758432678,31.281239230559954,0.0,0.0,0.0,0.0,1,1,0
204,1,21,21,45.914067440302105,11.798930895981844,0.0,0.0,0.0,0.0,1,1,0
205,1,21,21,46.96828258249406,6.823331915969308,0.0,0.0,0.0,0.0,1,1,0
206,1,21,22,88.41649052034282,16.907602286935038,0.0,0.0,0.0,0.0,1,1,0
207,1,21,22,85.12606512791827,14.425540617811492,0.0,0.0,0.0,0.0,1,1,0
208,1,21,22,137.13275674999548,21.107317925516284,0.0,0.0,0.0,0.0,1,1,0
209,1,21,23,87.15849435558425,18.281434558048097,0.0,0.0,0.0,0.0,1,1,0
210,1,21,23,138.0523264292304,28.326766486829147,0.0,0.0,0.0,0.0,1,1,0
211,1,21,23,0.0,0.0,0.0,0.0,0.0,0.0,1,1,0
212,1,21,23,0.0,0.0,0.0,0.0,0.0,0.0,1,1,0
213,1,22,24,192.81146491006766,33.99074263345962,0.0,0.0,0.0,0.0,1,1,0
214,1,22,26,164.5437532230397,25.276824250263815,0.0,0.0,0.0,0.0,1,1,0
215,1,22,26,178.8786658033458,46.30204547378718,0.0,0.0,0.0,0.0,1,1,0
216,1,22,26,81.56958574406336,16.47685285390634,0.0,0.0,0.0,0.0,1,1,0
217,1,22,27,0.0,0.0,0.0,0.0,0.0,0.0,1,1,0
218,1,22,27,290.58083393837495,47.603788220883715,0.0,0.0,0.0,0.0,1,1,0
219,1,22,25,140.0953973060035,32.83826672652662,0.0,0.0,0.0,0.0,1,1,0
220,1,22,25,91.73708241623639,12.692241356157325,0.0,0.0,0.0,0.0,1,1,0
221,1,22,27,0.0,0.0,0.0,0.0,0.0,0.0,1,1,0
222,1,22,27,0.0,0.0,0.0,0.0,0.0,0.0,1,1,0
223,1,22,25,0.0,0.0,0.0,0.0,0.0,0.0,1,1,0
224,1,22,26,0.0,0.0,0.0,0.0,0.0,0.0,1,1,0
301,1,31,31,96.6939103134485,11.450074747099075,0.0,0.0,0.0,0.0,1,1,0
302,1,31,32,77.60702082414736,17.364216882378795,0.0,0.0,0.0,0.0,1,1,0
303,1,31,31,89.02751079315505,23.525381389187785,0.0,0.0,0.0,0.0,1,1,0
304,1,31,31,64.68311439176705,7.817325460752238,0.0,0.0,0.0,0.0,1,1,0
305,1,31,31,63.74849712046115,8.547296426426712,0.0,0.0,0.0,0.0,1,1,0
306,1,31,32,74.56999352527856,15.070529559847712,0.0,0.0,0.0,0.0,1,1,0
307,1,31,32,75.08204033526708,15.48040064912522,0.0,0.0,0.0,0.0,1,1,0
308,1,31,32,149.6849402160269,24.546316721211888,0.0,0.0,0.0,0.0,1,1,0
309,1,31,33,90.0491895993438,27.72313127697911,0.0,0.0,0.0,0.0,1,1,0
310,1,31,33,120.2238583040696,32.62974671724625,0.0,0.0,0.0,0.0,1,1,0
311,1,31,33,0.0,0.0,0.0,0.0,0.0,0.0,1,1,0
312,1,31,33,0.0,0.0,0.0,0.0,0.0,0.0,1,1,0
313,1,32,34,178.20991944606232,30.616242851006422,0.0,0.0,0.0,0.0,1,1,0
314,1,32,36,164.7211845084404,32.01056355657647,0.0,0.0,0.0,0.0,1,1,0
315,1,32,36,277.93240617779475,41.96833595852851,0.0,0.0,0.0,0.0,1,1,0
