% From Raw File 
%% RTS 96 System Bus Data %% 
all_busdata96 = [ 
101,138,2,1,1,1,1.00,0.00,1.1,0.9,1.1,0.9
102,138,2,1,1,1,1.00,0.00,1.1,0.9,1.1,0.9
103,138,1,1,1,1,1.00,0.00,1.1,0.9,1.1,0.9
104,138,1,1,1,1,1.00,0.00,1.1,0.9,1.1,0.9
105,138,1,1,1,1,1.00,0.00,1.1,0.9,1.1,0.9
106,138,1,1,1,1,1.00,0.00,1.1,0.9,1.1,0.9
107,138,2,1,1,1,1.00,0.00,1.1,0.9,1.1,0.9
108,138,1,1,1,1,1.00,0.00,1.1,0.9,1.1,0.9
109,138,1,1,1,1,1.00,0.00,1.1,0.9,1.1,0.9
110,138,1,1,1,1,1.00,0.00,1.1,0.9,1.1,0.9
111,230,1,1,1,1,1.00,0.00,1.1,0.9,1.1,0.9
112,230,1,1,1,1,1.00,0.00,1.1,0.9,1.1,0.9
113,230,3,1,1,1,1.00,0.00,1.1,0.9,1.1,0.9
114,230,2,1,1,1,1.00,0.00,1.1,0.9,1.1,0.9
115,230,2,1,1,1,1.00,0.00,1.1,0.9,1.1,0.9
116,230,2,1,1,1,1.00,0.00,1.1,0.9,1.1,0.9
117,230,1,1,1,1,1.00,0.00,1.1,0.9,1.1,0.9
118,230,2,1,1,1,1.00,0.00,1.1,0.9,1.1,0.9
119,230,1,1,1,1,1.00,0.00,1.1,0.9,1.1,0.9
120,230,1,1,1,1,1.00,0.00,1.1,0.9,1.1,0.9
121,230,2,1,1,1,1.00,0.00,1.1,0.9,1.1,0.9
122,230,2,1,1,1,1.00,0.00,1.1,0.9,1.1,0.9
123,230,2,1,1,1,1.00,0.00,1.1,0.9,1.1,0.9
124,230,1,1,1,1,1.00,0.00,1.1,0.9,1.1,0.9
201,138,2,1,1,1,1.00,0.00,1.1,0.9,1.1,0.9
202,138,2,1,1,1,1.00,0.00,1.1,0.9,1.1,0.9
203,138,1,1,1,1,1.00,0.00,1.1,0.9,1.1,0.9
204,138,1,1,1,1,1.00,0.00,1.1,0.9,1.1,0.9
205,138,1,1,1,1,1.00,0.00,1.1,0.9,1.1,0.9
206,138,1,1,1,1,1.00,0.00,1.1,0.9,1.1,0.9
207,138,2,1,1,1,1.00,0.00,1.1,0.9,1.1,0.9
208,138,1,1,1,1,1.00,0.00,1.1,0.9,1.1,0.9
209,138,1,1,1,1,1.00,0.00,1.1,0.9,1.1,0.9
210,138,1,1,1,1,1.00,0.00,1.1,0.9,1.1,0.9
211,230,1,1,1,1,1.00,0.00,1.1,0.9,1.1,0.9
212,230,1,1,1,1,1.00,0.00,1.1,0.9,1.1,0.9
213,230,2,1,1,1,1.00,0.00,1.1,0.9,1.1,0.9
214,230,2,1,1,1,1.00,0.00,1.1,0.9,1.1,0.9
215,230,2,1,1,1,1.00,0.00,1.1,0.9,1.1,0.9
216,230,2,1,1,1,1.00,0.00,1.1,0.9,1.1,0.9
217,230,1,1,1,1,1.00,0.00,1.1,0.9,1.1,0.9
218,230,2,1,1,1,1.00,0.00,1.1,0.9,1.1,0.9
219,230,1,1,1,1,1.00,0.00,1.1,0.9,1.1,0.9
220,230,1,1,1,1,1.00,0.00,1.1,0.9,1.1,0.9
221,230,2,1,1,1,1.00,0.00,1.1,0.9,1.1,0.9
222,230,2,1,1,1,1.00,0.00,1.1,0.9,1.1,0.9
223,230,2,1,1,1,1.00,0.00,1.1,0.9,1.1,0.9
224,230,1,1,1,1,1.00,0.00,1.1,0.9,1.1,0.9
301,138,2,1,1,1,1.00,0.00,1.1,0.9,1.1,0.9
302,138,2,1,1,1,1.00,0.00,1.1,0.9,1.1,0.9
303,138,1,1,1,1,1.00,0.00,1.1,0.9,1.1,0.9
304,138,1,1,1,1,1.00,0.00,1.1,0.9,1.1,0.9
305,138,1,1,1,1,1.00,0.00,1.1,0.9,1.1,0.9
306,138,1,1,1,1,1.00,0.00,1.1,0.9,1.1,0.9
307,138,2,1,1,1,1.00,0.00,1.1,0.9,1.1,0.9
308,138,1,1,1,1,1.00,0.00,1.1,0.9,1.1,0.9
309,138,1,1,1,1,1.00,0.00,1.1,0.9,1.1,0.9
310,138,1,1,1,1,1.00,0.00,1.1,0.9,1.1,0.9
311,230,1,1,1,1,1.00,0.00,1.1,0.9,1.1,0.9
312,230,1,1,1,1,1.00,0.00,1.1,0.9,1.1,0.9
313,230,2,1,1,1,1.00,0.00,1.1,0.9,1.1,0.9
314,230,2,1,1,1,1.00,0.00,1.1,0.9,1.1,0.9
315,230,2,1,1,1,1.00,0.00,1.1,0.9,1.1,0.9
316,230,2,1,1,1,1.00,0.00,1.1,0.9,1.1,0.9
317,230,1,1,1,1,1.00,0.00,1.1,0.9,1.1,0.9
318,230,2,1,1,1,1.00,0.00,1.1,0.9,1.1,0.9
319,230,1,1,1,1,1.00,0.00,1.1,0.9,1.1,0.9
320,230,1,1,1,1,1.00,0.00,1.1,0.9,1.1,0.9
321,230,2,1,1,1,1.00,0.00,1.1,0.9,1.1,0.9
322,230,2,1,1,1,1.00,0.00,1.1,0.9,1.1,0.9
323,230,2,1,1,1,1.00,0.00,1.1,0.9,1.1,0.9
324,230,1,1,1,1,1.00,0.00,1.1,0.9,1.1,0.9
325,230,1,1,1,1,1.00,0.00,1.1,0.9,1.1,0.9
]; 
all_busName96 = [   ' 101 ';  ' 102 ';  ' 103 ';  ' 104 ';  ' 105 ';  ' 106 ';  ' 107 ';  ' 108 ';  ' 109 ';  ' 110 ';  ' 111 ';  ' 112 ';  ' 113 ';  ' 114 ';  ' 115 ';  ' 116 ';  ' 117 ';  ' 118 ';  ' 119 ';  ' 120 ';  ' 121 ';  ' 122 ';  ' 123 ';  ' 124 ';  ' 201 ';  ' 202 ';  ' 203 ';  ' 204 ';  ' 205 ';  ' 206 ';  ' 207 ';  ' 208 ';  ' 209 ';  ' 210 ';  ' 211 ';  ' 212 ';  ' 213 ';  ' 214 ';  ' 215 ';  ' 216 ';  ' 217 ';  ' 218 ';  ' 219 ';  ' 220 ';  ' 221 ';  ' 222 ';  ' 223 ';  ' 224 ';  ' 301 ';  ' 302 ';  ' 303 ';  ' 304 ';  ' 305 ';  ' 306 ';  ' 307 ';  ' 308 ';  ' 309 ';  ' 310 ';  ' 311 ';  ' 312 ';  ' 313 ';  ' 314 ';  ' 315 ';  ' 316 ';  ' 317 ';  ' 318 ';  ' 319 ';  ' 320 ';  ' 321 ';  ' 322 ';  ' 323 ';  ' 324 ';  ' 325 '; ];
%% RTS 96 System Load Data %% 
all_loaddata96 = [ 
101,1,11,11,63.43383194547146,11.236791789902933,0.0,0.0,0.0,0.0,1,1,0
102,1,11,12,67.30937359711044,10.158399048632942,0.0,0.0,0.0,0.0,1,1,0
103,1,11,11,109.3240694988258,29.82755612730179,0.0,0.0,0.0,0.0,1,1,0
104,1,11,11,45.016244240128344,9.429141115490813,0.0,0.0,0.0,0.0,1,1,0
105,1,11,11,43.8556084599027,8.699323394016735,0.0,0.0,0.0,0.0,1,1,0
106,1,11,12,121.78667100818419,14.331102796301431,0.0,0.0,0.0,0.0,1,1,0
107,1,11,12,72.41464450959465,12.137505022867117,0.0,0.0,0.0,0.0,1,1,0
108,1,11,12,95.6155939580115,22.030723066674778,0.0,0.0,0.0,0.0,1,1,0
109,1,11,13,127.05018688096085,18.123884710026715,0.0,0.0,0.0,0.0,1,1,0
110,1,11,13,174.65358522059327,35.2595736154709,0.0,0.0,0.0,0.0,1,1,0
111,1,11,13,0.0,0.0,0.0,0.0,0.0,0.0,1,1,0
112,1,11,13,0.0,0.0,0.0,0.0,0.0,0.0,1,1,0
113,1,12,14,231.54315142633743,40.465083159864506,0.0,0.0,0.0,0.0,1,1,0
114,1,12,16,158.52106439669905,34.55582516694144,0.0,0.0,0.0,0.0,1,1,0
115,1,12,16,267.24417100350803,44.74250848576426,0.0,0.0,0.0,0.0,1,1,0
116,1,12,16,86.45941813065672,15.775846131359227,0.0,0.0,0.0,0.0,1,1,0
117,1,12,17,0.0,0.0,0.0,0.0,0.0,0.0,1,1,0
118,1,12,17,278.735574684144,44.15433733288665,0.0,0.0,0.0,0.0,1,1,0
119,1,12,15,130.42647584797993,19.64918635836211,0.0,0.0,0.0,0.0,1,1,0
120,1,12,15,62.97138199453353,20.7571583074132,0.0,0.0,0.0,0.0,1,1,0
121,1,12,17,0.0,0.0,0.0,0.0,0.0,0.0,1,1,0
122,1,12,17,0.0,0.0,0.0,0.0,0.0,0.0,1,1,0
123,1,12,15,0.0,0.0,0.0,0.0,0.0,0.0,1,1,0
124,1,12,16,0.0,0.0,0.0,0.0,0.0,0.0,1,1,0
201,1,21,21,76.75123771862201,10.968216973464656,0.0,0.0,0.0,0.0,1,1,0
202,1,21,22,59.07005269096569,13.282166365692392,0.0,0.0,0.0,0.0,1,1,0
203,1,21,21,141.79127433353383,18.818956520119073,0.0,0.0,0.0,0.0,1,1,0
204,1,21,21,51.265220313476675,9.41928088361188,0.0,0.0,0.0,0.0,1,1,0
205,1,21,21,40.24209510441749,9.114231878532005,0.0,0.0,0.0,0.0,1,1,0
206,1,21,22,74.81215191892012,19.151090452155657,0.0,0.0,0.0,0.0,1,1,0
207,1,21,22,91.98065370390542,15.361556139128515,0.0,0.0,0.0,0.0,1,1,0
208,1,21,22,86.82184233183833,21.202975343310506,0.0,0.0,0.0,0.0,1,1,0
209,1,21,23,91.64612803123542,28.053098391143045,0.0,0.0,0.0,0.0,1,1,0
210,1,21,23,115.8480550535533,30.823044816076756,0.0,0.0,0.0,0.0,1,1,0
211,1,21,23,0.0,0.0,0.0,0.0,0.0,0.0,1,1,0
212,1,21,23,0.0,0.0,0.0,0.0,0.0,0.0,1,1,0
213,1,22,24,159.80304229778542,44.991829752903996,0.0,0.0,0.0,0.0,1,1,0
214,1,22,26,113.15934767296147,24.695325466428606,0.0,0.0,0.0,0.0,1,1,0
215,1,22,26,252.25061063381636,41.83875520002543,0.0,0.0,0.0,0.0,1,1,0
216,1,22,26,82.96747007106431,12.061840848938562,0.0,0.0,0.0,0.0,1,1,0
217,1,22,27,0.0,0.0,0.0,0.0,0.0,0.0,1,1,0
218,1,22,27,294.4097754856951,49.60002842965945,0.0,0.0,0.0,0.0,1,1,0
219,1,22,25,93.0419336533627,30.578043186814757,0.0,0.0,0.0,0.0,1,1,0
220,1,22,25,111.93578796696067,18.85979583828002,0.0,0.0,0.0,0.0,1,1,0
221,1,22,27,0.0,0.0,0.0,0.0,0.0,0.0,1,1,0
222,1,22,27,0.0,0.0,0.0,0.0,0.0,0.0,1,1,0
223,1,22,25,0.0,0.0,0.0,0.0,0.0,0.0,1,1,0
224,1,22,26,0.0,0.0,0.0,0.0,0.0,0.0,1,1,0
301,1,31,31,58.04673951084539,13.377508702014014,0.0,0.0,0.0,0.0,1,1,0
302,1,31,32,58.97385454743812,16.943519195068628,0.0,0.0,0.0,0.0,1,1,0
303,1,31,31,139.68518621233105,32.294507883156236,0.0,0.0,0.0,0.0,1,1,0
304,1,31,31,47.088848804449384,13.405463457827457,0.0,0.0,0.0,0.0,1,1,0
305,1,31,31,40.37370938426969,9.597834186442663,0.0,0.0,0.0,0.0,1,1,0
306,1,31,32,100.97618656114562,18.280077525086515,0.0,0.0,0.0,0.0,1,1,0
307,1,31,32,79.78838473369251,20.951621303041467,0.0,0.0,0.0,0.0,1,1,0
308,1,31,32,133.57597071993789,28.60636023332155,0.0,0.0,0.0,0.0,1,1,0
309,1,31,33,141.64702664148064,22.66436651017405,0.0,0.0,0.0,0.0,1,1,0
310,1,31,33,106.67777511652092,35.28612764016911,0.0,0.0,0.0,0.0,1,1,0
311,1,31,33,0.0,0.0,0.0,0.0,0.0,0.0,1,1,0
312,1,31,33,0.0,0.0,0.0,0.0,0.0,0.0,1,1,0
313,1,32,34,231.80133166684655,38.53654702567085,0.0,0.0,0.0,0.0,1,1,0
314,1,32,36,146.75819239874232,31.81048698792472,0.0,0.0,0.0,0.0,1,1,0
315,1,32,36,169.00995550481338,39.13996791885495,0.0,0.0,0.0,0.0,1,1,0
