% From Raw File 
%% RTS 96 System Bus Data %% 
all_busdata96 = [ 
101,138,2,1,1,1,1.00,0.00,1.1,0.9,1.1,0.9
102,138,2,1,1,1,1.00,0.00,1.1,0.9,1.1,0.9
103,138,1,1,1,1,1.00,0.00,1.1,0.9,1.1,0.9
104,138,1,1,1,1,1.00,0.00,1.1,0.9,1.1,0.9
105,138,1,1,1,1,1.00,0.00,1.1,0.9,1.1,0.9
106,138,1,1,1,1,1.00,0.00,1.1,0.9,1.1,0.9
107,138,2,1,1,1,1.00,0.00,1.1,0.9,1.1,0.9
108,138,1,1,1,1,1.00,0.00,1.1,0.9,1.1,0.9
109,138,1,1,1,1,1.00,0.00,1.1,0.9,1.1,0.9
110,138,1,1,1,1,1.00,0.00,1.1,0.9,1.1,0.9
111,230,1,1,1,1,1.00,0.00,1.1,0.9,1.1,0.9
112,230,1,1,1,1,1.00,0.00,1.1,0.9,1.1,0.9
113,230,3,1,1,1,1.00,0.00,1.1,0.9,1.1,0.9
114,230,2,1,1,1,1.00,0.00,1.1,0.9,1.1,0.9
115,230,2,1,1,1,1.00,0.00,1.1,0.9,1.1,0.9
116,230,2,1,1,1,1.00,0.00,1.1,0.9,1.1,0.9
117,230,1,1,1,1,1.00,0.00,1.1,0.9,1.1,0.9
118,230,2,1,1,1,1.00,0.00,1.1,0.9,1.1,0.9
119,230,1,1,1,1,1.00,0.00,1.1,0.9,1.1,0.9
120,230,1,1,1,1,1.00,0.00,1.1,0.9,1.1,0.9
121,230,2,1,1,1,1.00,0.00,1.1,0.9,1.1,0.9
122,230,2,1,1,1,1.00,0.00,1.1,0.9,1.1,0.9
123,230,2,1,1,1,1.00,0.00,1.1,0.9,1.1,0.9
124,230,1,1,1,1,1.00,0.00,1.1,0.9,1.1,0.9
201,138,2,1,1,1,1.00,0.00,1.1,0.9,1.1,0.9
202,138,2,1,1,1,1.00,0.00,1.1,0.9,1.1,0.9
203,138,1,1,1,1,1.00,0.00,1.1,0.9,1.1,0.9
204,138,1,1,1,1,1.00,0.00,1.1,0.9,1.1,0.9
205,138,1,1,1,1,1.00,0.00,1.1,0.9,1.1,0.9
206,138,1,1,1,1,1.00,0.00,1.1,0.9,1.1,0.9
207,138,2,1,1,1,1.00,0.00,1.1,0.9,1.1,0.9
208,138,1,1,1,1,1.00,0.00,1.1,0.9,1.1,0.9
209,138,1,1,1,1,1.00,0.00,1.1,0.9,1.1,0.9
210,138,1,1,1,1,1.00,0.00,1.1,0.9,1.1,0.9
211,230,1,1,1,1,1.00,0.00,1.1,0.9,1.1,0.9
212,230,1,1,1,1,1.00,0.00,1.1,0.9,1.1,0.9
213,230,2,1,1,1,1.00,0.00,1.1,0.9,1.1,0.9
214,230,2,1,1,1,1.00,0.00,1.1,0.9,1.1,0.9
215,230,2,1,1,1,1.00,0.00,1.1,0.9,1.1,0.9
216,230,2,1,1,1,1.00,0.00,1.1,0.9,1.1,0.9
217,230,1,1,1,1,1.00,0.00,1.1,0.9,1.1,0.9
218,230,2,1,1,1,1.00,0.00,1.1,0.9,1.1,0.9
219,230,1,1,1,1,1.00,0.00,1.1,0.9,1.1,0.9
220,230,1,1,1,1,1.00,0.00,1.1,0.9,1.1,0.9
221,230,2,1,1,1,1.00,0.00,1.1,0.9,1.1,0.9
222,230,2,1,1,1,1.00,0.00,1.1,0.9,1.1,0.9
223,230,2,1,1,1,1.00,0.00,1.1,0.9,1.1,0.9
224,230,1,1,1,1,1.00,0.00,1.1,0.9,1.1,0.9
301,138,2,1,1,1,1.00,0.00,1.1,0.9,1.1,0.9
302,138,2,1,1,1,1.00,0.00,1.1,0.9,1.1,0.9
303,138,1,1,1,1,1.00,0.00,1.1,0.9,1.1,0.9
304,138,1,1,1,1,1.00,0.00,1.1,0.9,1.1,0.9
305,138,1,1,1,1,1.00,0.00,1.1,0.9,1.1,0.9
306,138,1,1,1,1,1.00,0.00,1.1,0.9,1.1,0.9
307,138,2,1,1,1,1.00,0.00,1.1,0.9,1.1,0.9
308,138,1,1,1,1,1.00,0.00,1.1,0.9,1.1,0.9
309,138,1,1,1,1,1.00,0.00,1.1,0.9,1.1,0.9
310,138,1,1,1,1,1.00,0.00,1.1,0.9,1.1,0.9
311,230,1,1,1,1,1.00,0.00,1.1,0.9,1.1,0.9
312,230,1,1,1,1,1.00,0.00,1.1,0.9,1.1,0.9
313,230,2,1,1,1,1.00,0.00,1.1,0.9,1.1,0.9
314,230,2,1,1,1,1.00,0.00,1.1,0.9,1.1,0.9
315,230,2,1,1,1,1.00,0.00,1.1,0.9,1.1,0.9
316,230,2,1,1,1,1.00,0.00,1.1,0.9,1.1,0.9
317,230,1,1,1,1,1.00,0.00,1.1,0.9,1.1,0.9
318,230,2,1,1,1,1.00,0.00,1.1,0.9,1.1,0.9
319,230,1,1,1,1,1.00,0.00,1.1,0.9,1.1,0.9
320,230,1,1,1,1,1.00,0.00,1.1,0.9,1.1,0.9
321,230,2,1,1,1,1.00,0.00,1.1,0.9,1.1,0.9
322,230,2,1,1,1,1.00,0.00,1.1,0.9,1.1,0.9
323,230,2,1,1,1,1.00,0.00,1.1,0.9,1.1,0.9
324,230,1,1,1,1,1.00,0.00,1.1,0.9,1.1,0.9
325,230,1,1,1,1,1.00,0.00,1.1,0.9,1.1,0.9
]; 
all_busName96 = [   ' 101 ';  ' 102 ';  ' 103 ';  ' 104 ';  ' 105 ';  ' 106 ';  ' 107 ';  ' 108 ';  ' 109 ';  ' 110 ';  ' 111 ';  ' 112 ';  ' 113 ';  ' 114 ';  ' 115 ';  ' 116 ';  ' 117 ';  ' 118 ';  ' 119 ';  ' 120 ';  ' 121 ';  ' 122 ';  ' 123 ';  ' 124 ';  ' 201 ';  ' 202 ';  ' 203 ';  ' 204 ';  ' 205 ';  ' 206 ';  ' 207 ';  ' 208 ';  ' 209 ';  ' 210 ';  ' 211 ';  ' 212 ';  ' 213 ';  ' 214 ';  ' 215 ';  ' 216 ';  ' 217 ';  ' 218 ';  ' 219 ';  ' 220 ';  ' 221 ';  ' 222 ';  ' 223 ';  ' 224 ';  ' 301 ';  ' 302 ';  ' 303 ';  ' 304 ';  ' 305 ';  ' 306 ';  ' 307 ';  ' 308 ';  ' 309 ';  ' 310 ';  ' 311 ';  ' 312 ';  ' 313 ';  ' 314 ';  ' 315 ';  ' 316 ';  ' 317 ';  ' 318 ';  ' 319 ';  ' 320 ';  ' 321 ';  ' 322 ';  ' 323 ';  ' 324 ';  ' 325 '; ];
%% RTS 96 System Load Data %% 
all_loaddata96 = [ 
101,1,11,11,93.52928137391376,11.912295860433764,0.0,0.0,0.0,0.0,1,1,0
102,1,11,12,59.30159424770298,17.712655850152483,0.0,0.0,0.0,0.0,1,1,0
103,1,11,11,109.72177554223593,25.671802943960994,0.0,0.0,0.0,0.0,1,1,0
104,1,11,11,54.08512120428672,11.55789331095619,0.0,0.0,0.0,0.0,1,1,0
105,1,11,11,59.76092621800471,9.660317209739796,0.0,0.0,0.0,0.0,1,1,0
106,1,11,12,104.71009690553583,13.613298777119814,0.0,0.0,0.0,0.0,1,1,0
107,1,11,12,80.77970742732869,18.477071103688797,0.0,0.0,0.0,0.0,1,1,0
108,1,11,12,144.9888834389848,27.07465008085733,0.0,0.0,0.0,0.0,1,1,0
109,1,11,13,111.91026917552111,17.778484962702354,0.0,0.0,0.0,0.0,1,1,0
110,1,11,13,171.98962066605873,35.45835591384955,0.0,0.0,0.0,0.0,1,1,0
111,1,11,13,0.0,0.0,0.0,0.0,0.0,0.0,1,1,0
112,1,11,13,0.0,0.0,0.0,0.0,0.0,0.0,1,1,0
113,1,12,14,221.0176777871212,37.647278670201075,0.0,0.0,0.0,0.0,1,1,0
114,1,12,16,156.19699435469835,34.99250489892984,0.0,0.0,0.0,0.0,1,1,0
115,1,12,16,248.86560900025017,52.05491953580081,0.0,0.0,0.0,0.0,1,1,0
116,1,12,16,73.39492324444,17.32861148978211,0.0,0.0,0.0,0.0,1,1,0
117,1,12,17,0.0,0.0,0.0,0.0,0.0,0.0,1,1,0
118,1,12,17,222.01129173862674,33.85700792710539,0.0,0.0,0.0,0.0,1,1,0
119,1,12,15,149.3058624651893,23.37897832893538,0.0,0.0,0.0,0.0,1,1,0
120,1,12,15,83.38427416849136,20.277271769168976,0.0,0.0,0.0,0.0,1,1,0
121,1,12,17,0.0,0.0,0.0,0.0,0.0,0.0,1,1,0
122,1,12,17,0.0,0.0,0.0,0.0,0.0,0.0,1,1,0
123,1,12,15,0.0,0.0,0.0,0.0,0.0,0.0,1,1,0
124,1,12,16,0.0,0.0,0.0,0.0,0.0,0.0,1,1,0
201,1,21,21,52.75381872019506,15.593561964255105,0.0,0.0,0.0,0.0,1,1,0
202,1,21,22,57.82174037922356,10.395417411519214,0.0,0.0,0.0,0.0,1,1,0
203,1,21,21,97.02879292388351,25.68003076949478,0.0,0.0,0.0,0.0,1,1,0
204,1,21,21,41.853164032723285,9.120861138741486,0.0,0.0,0.0,0.0,1,1,0
205,1,21,21,46.55141352864169,12.530362292005588,0.0,0.0,0.0,0.0,1,1,0
206,1,21,22,104.32548636550158,17.997232753497922,0.0,0.0,0.0,0.0,1,1,0
207,1,21,22,94.08371618423844,17.317461597510846,0.0,0.0,0.0,0.0,1,1,0
208,1,21,22,91.31069809549469,19.887204980991314,0.0,0.0,0.0,0.0,1,1,0
209,1,21,23,115.09502544042073,28.738150826559774,0.0,0.0,0.0,0.0,1,1,0
210,1,21,23,108.739666714699,24.521204878896476,0.0,0.0,0.0,0.0,1,1,0
211,1,21,23,0.0,0.0,0.0,0.0,0.0,0.0,1,1,0
212,1,21,23,0.0,0.0,0.0,0.0,0.0,0.0,1,1,0
213,1,22,24,204.40161116259546,43.23449045657515,0.0,0.0,0.0,0.0,1,1,0
214,1,22,26,99.06689100241725,19.353238011814327,0.0,0.0,0.0,0.0,1,1,0
215,1,22,26,257.4752027046168,55.79614786334038,0.0,0.0,0.0,0.0,1,1,0
216,1,22,26,52.813228906849396,13.124448207132518,0.0,0.0,0.0,0.0,1,1,0
217,1,22,27,0.0,0.0,0.0,0.0,0.0,0.0,1,1,0
218,1,22,27,211.26581084147017,49.149375392763694,0.0,0.0,0.0,0.0,1,1,0
219,1,22,25,99.68480234489408,32.667828325060476,0.0,0.0,0.0,0.0,1,1,0
220,1,22,25,76.09428941797613,20.418661746325437,0.0,0.0,0.0,0.0,1,1,0
221,1,22,27,0.0,0.0,0.0,0.0,0.0,0.0,1,1,0
222,1,22,27,0.0,0.0,0.0,0.0,0.0,0.0,1,1,0
223,1,22,25,0.0,0.0,0.0,0.0,0.0,0.0,1,1,0
224,1,22,26,0.0,0.0,0.0,0.0,0.0,0.0,1,1,0
301,1,31,31,74.43475647532549,17.684636245180297,0.0,0.0,0.0,0.0,1,1,0
302,1,31,32,62.72700699064667,14.423345772159283,0.0,0.0,0.0,0.0,1,1,0
303,1,31,31,103.16289231658726,30.303094947481714,0.0,0.0,0.0,0.0,1,1,0
304,1,31,31,45.29205158427525,10.04553242764785,0.0,0.0,0.0,0.0,1,1,0
305,1,31,31,60.65971411056715,7.947911874338798,0.0,0.0,0.0,0.0,1,1,0
306,1,31,32,82.40507753042243,21.624388890356386,0.0,0.0,0.0,0.0,1,1,0
307,1,31,32,93.66127698838245,12.423360926070018,0.0,0.0,0.0,0.0,1,1,0
308,1,31,32,112.89366741916398,31.01966930868477,0.0,0.0,0.0,0.0,1,1,0
309,1,31,33,130.81591030961602,19.276859900299833,0.0,0.0,0.0,0.0,1,1,0
310,1,31,33,105.03490304730924,28.800101154852655,0.0,0.0,0.0,0.0,1,1,0
311,1,31,33,0.0,0.0,0.0,0.0,0.0,0.0,1,1,0
312,1,31,33,0.0,0.0,0.0,0.0,0.0,0.0,1,1,0
313,1,32,34,176.36580633124711,28.704207790624814,0.0,0.0,0.0,0.0,1,1,0
314,1,32,36,97.5446595878969,18.962853716145407,0.0,0.0,0.0,0.0,1,1,0
315,1,32,36,276.9718939445242,45.98034000433087,0.0,0.0,0.0,0.0,1,1,0
