% From Raw File 
%% RTS 96 System Bus Data %% 
all_busdata96 = [ 
101,138,2,1,1,1,1.00,0.00,1.1,0.9,1.1,0.9
102,138,2,1,1,1,1.00,0.00,1.1,0.9,1.1,0.9
103,138,1,1,1,1,1.00,0.00,1.1,0.9,1.1,0.9
104,138,1,1,1,1,1.00,0.00,1.1,0.9,1.1,0.9
105,138,1,1,1,1,1.00,0.00,1.1,0.9,1.1,0.9
106,138,1,1,1,1,1.00,0.00,1.1,0.9,1.1,0.9
107,138,2,1,1,1,1.00,0.00,1.1,0.9,1.1,0.9
108,138,1,1,1,1,1.00,0.00,1.1,0.9,1.1,0.9
109,138,1,1,1,1,1.00,0.00,1.1,0.9,1.1,0.9
110,138,1,1,1,1,1.00,0.00,1.1,0.9,1.1,0.9
111,230,1,1,1,1,1.00,0.00,1.1,0.9,1.1,0.9
112,230,1,1,1,1,1.00,0.00,1.1,0.9,1.1,0.9
113,230,3,1,1,1,1.00,0.00,1.1,0.9,1.1,0.9
114,230,2,1,1,1,1.00,0.00,1.1,0.9,1.1,0.9
115,230,2,1,1,1,1.00,0.00,1.1,0.9,1.1,0.9
116,230,2,1,1,1,1.00,0.00,1.1,0.9,1.1,0.9
117,230,1,1,1,1,1.00,0.00,1.1,0.9,1.1,0.9
118,230,2,1,1,1,1.00,0.00,1.1,0.9,1.1,0.9
119,230,1,1,1,1,1.00,0.00,1.1,0.9,1.1,0.9
120,230,1,1,1,1,1.00,0.00,1.1,0.9,1.1,0.9
121,230,2,1,1,1,1.00,0.00,1.1,0.9,1.1,0.9
122,230,2,1,1,1,1.00,0.00,1.1,0.9,1.1,0.9
123,230,2,1,1,1,1.00,0.00,1.1,0.9,1.1,0.9
124,230,1,1,1,1,1.00,0.00,1.1,0.9,1.1,0.9
201,138,2,1,1,1,1.00,0.00,1.1,0.9,1.1,0.9
202,138,2,1,1,1,1.00,0.00,1.1,0.9,1.1,0.9
203,138,1,1,1,1,1.00,0.00,1.1,0.9,1.1,0.9
204,138,1,1,1,1,1.00,0.00,1.1,0.9,1.1,0.9
205,138,1,1,1,1,1.00,0.00,1.1,0.9,1.1,0.9
206,138,1,1,1,1,1.00,0.00,1.1,0.9,1.1,0.9
207,138,2,1,1,1,1.00,0.00,1.1,0.9,1.1,0.9
208,138,1,1,1,1,1.00,0.00,1.1,0.9,1.1,0.9
209,138,1,1,1,1,1.00,0.00,1.1,0.9,1.1,0.9
210,138,1,1,1,1,1.00,0.00,1.1,0.9,1.1,0.9
211,230,1,1,1,1,1.00,0.00,1.1,0.9,1.1,0.9
212,230,1,1,1,1,1.00,0.00,1.1,0.9,1.1,0.9
213,230,2,1,1,1,1.00,0.00,1.1,0.9,1.1,0.9
214,230,2,1,1,1,1.00,0.00,1.1,0.9,1.1,0.9
215,230,2,1,1,1,1.00,0.00,1.1,0.9,1.1,0.9
216,230,2,1,1,1,1.00,0.00,1.1,0.9,1.1,0.9
217,230,1,1,1,1,1.00,0.00,1.1,0.9,1.1,0.9
218,230,2,1,1,1,1.00,0.00,1.1,0.9,1.1,0.9
219,230,1,1,1,1,1.00,0.00,1.1,0.9,1.1,0.9
220,230,1,1,1,1,1.00,0.00,1.1,0.9,1.1,0.9
221,230,2,1,1,1,1.00,0.00,1.1,0.9,1.1,0.9
222,230,2,1,1,1,1.00,0.00,1.1,0.9,1.1,0.9
223,230,2,1,1,1,1.00,0.00,1.1,0.9,1.1,0.9
224,230,1,1,1,1,1.00,0.00,1.1,0.9,1.1,0.9
301,138,2,1,1,1,1.00,0.00,1.1,0.9,1.1,0.9
302,138,2,1,1,1,1.00,0.00,1.1,0.9,1.1,0.9
303,138,1,1,1,1,1.00,0.00,1.1,0.9,1.1,0.9
304,138,1,1,1,1,1.00,0.00,1.1,0.9,1.1,0.9
305,138,1,1,1,1,1.00,0.00,1.1,0.9,1.1,0.9
306,138,1,1,1,1,1.00,0.00,1.1,0.9,1.1,0.9
307,138,2,1,1,1,1.00,0.00,1.1,0.9,1.1,0.9
308,138,1,1,1,1,1.00,0.00,1.1,0.9,1.1,0.9
309,138,1,1,1,1,1.00,0.00,1.1,0.9,1.1,0.9
310,138,1,1,1,1,1.00,0.00,1.1,0.9,1.1,0.9
311,230,1,1,1,1,1.00,0.00,1.1,0.9,1.1,0.9
312,230,1,1,1,1,1.00,0.00,1.1,0.9,1.1,0.9
313,230,2,1,1,1,1.00,0.00,1.1,0.9,1.1,0.9
314,230,2,1,1,1,1.00,0.00,1.1,0.9,1.1,0.9
315,230,2,1,1,1,1.00,0.00,1.1,0.9,1.1,0.9
316,230,2,1,1,1,1.00,0.00,1.1,0.9,1.1,0.9
317,230,1,1,1,1,1.00,0.00,1.1,0.9,1.1,0.9
318,230,2,1,1,1,1.00,0.00,1.1,0.9,1.1,0.9
319,230,1,1,1,1,1.00,0.00,1.1,0.9,1.1,0.9
320,230,1,1,1,1,1.00,0.00,1.1,0.9,1.1,0.9
321,230,2,1,1,1,1.00,0.00,1.1,0.9,1.1,0.9
322,230,2,1,1,1,1.00,0.00,1.1,0.9,1.1,0.9
323,230,2,1,1,1,1.00,0.00,1.1,0.9,1.1,0.9
324,230,1,1,1,1,1.00,0.00,1.1,0.9,1.1,0.9
325,230,1,1,1,1,1.00,0.00,1.1,0.9,1.1,0.9
]; 
all_busName96 = [   ' 101 ';  ' 102 ';  ' 103 ';  ' 104 ';  ' 105 ';  ' 106 ';  ' 107 ';  ' 108 ';  ' 109 ';  ' 110 ';  ' 111 ';  ' 112 ';  ' 113 ';  ' 114 ';  ' 115 ';  ' 116 ';  ' 117 ';  ' 118 ';  ' 119 ';  ' 120 ';  ' 121 ';  ' 122 ';  ' 123 ';  ' 124 ';  ' 201 ';  ' 202 ';  ' 203 ';  ' 204 ';  ' 205 ';  ' 206 ';  ' 207 ';  ' 208 ';  ' 209 ';  ' 210 ';  ' 211 ';  ' 212 ';  ' 213 ';  ' 214 ';  ' 215 ';  ' 216 ';  ' 217 ';  ' 218 ';  ' 219 ';  ' 220 ';  ' 221 ';  ' 222 ';  ' 223 ';  ' 224 ';  ' 301 ';  ' 302 ';  ' 303 ';  ' 304 ';  ' 305 ';  ' 306 ';  ' 307 ';  ' 308 ';  ' 309 ';  ' 310 ';  ' 311 ';  ' 312 ';  ' 313 ';  ' 314 ';  ' 315 ';  ' 316 ';  ' 317 ';  ' 318 ';  ' 319 ';  ' 320 ';  ' 321 ';  ' 322 ';  ' 323 ';  ' 324 ';  ' 325 '; ];
%% RTS 96 System Load Data %% 
all_loaddata96 = [ 
101,1,11,11,66.34796506650578,17.677387725459226,0.0,0.0,0.0,0.0,1,1,0
102,1,11,12,48.77013088517161,13.932927156767809,0.0,0.0,0.0,0.0,1,1,0
103,1,11,11,115.24399710322356,24.193271713598957,0.0,0.0,0.0,0.0,1,1,0
104,1,11,11,45.39049175899839,7.670599127624183,0.0,0.0,0.0,0.0,1,1,0
105,1,11,11,43.4792292307912,10.592303998109792,0.0,0.0,0.0,0.0,1,1,0
106,1,11,12,108.40951526067965,22.724190248558298,0.0,0.0,0.0,0.0,1,1,0
107,1,11,12,66.28274094436783,16.445502451427746,0.0,0.0,0.0,0.0,1,1,0
108,1,11,12,119.35926950571178,30.37888929997478,0.0,0.0,0.0,0.0,1,1,0
109,1,11,13,92.12978460818762,25.822112746546047,0.0,0.0,0.0,0.0,1,1,0
110,1,11,13,157.81976732675568,31.933497228249905,0.0,0.0,0.0,0.0,1,1,0
111,1,11,13,0.0,0.0,0.0,0.0,0.0,0.0,1,1,0
112,1,11,13,0.0,0.0,0.0,0.0,0.0,0.0,1,1,0
113,1,12,14,219.96202572241612,48.52387959597549,0.0,0.0,0.0,0.0,1,1,0
114,1,12,16,144.83830952807105,23.64867288000081,0.0,0.0,0.0,0.0,1,1,0
115,1,12,16,241.10403464593094,45.85396112111807,0.0,0.0,0.0,0.0,1,1,0
116,1,12,16,71.63280015543569,16.297252652448602,0.0,0.0,0.0,0.0,1,1,0
117,1,12,17,0.0,0.0,0.0,0.0,0.0,0.0,1,1,0
118,1,12,17,220.05423510434701,60.08751623597202,0.0,0.0,0.0,0.0,1,1,0
119,1,12,15,102.56800431721746,26.702134200685798,0.0,0.0,0.0,0.0,1,1,0
120,1,12,15,85.44760204122662,18.869998728659194,0.0,0.0,0.0,0.0,1,1,0
121,1,12,17,0.0,0.0,0.0,0.0,0.0,0.0,1,1,0
122,1,12,17,0.0,0.0,0.0,0.0,0.0,0.0,1,1,0
123,1,12,15,0.0,0.0,0.0,0.0,0.0,0.0,1,1,0
124,1,12,16,0.0,0.0,0.0,0.0,0.0,0.0,1,1,0
201,1,21,21,63.24143171240072,15.78533819420524,0.0,0.0,0.0,0.0,1,1,0
202,1,21,22,70.7395001816644,17.108836388351392,0.0,0.0,0.0,0.0,1,1,0
203,1,21,21,110.85141833254136,23.282356792551184,0.0,0.0,0.0,0.0,1,1,0
204,1,21,21,43.99867970526209,9.313534874259028,0.0,0.0,0.0,0.0,1,1,0
205,1,21,21,38.40632078172262,10.815991081057582,0.0,0.0,0.0,0.0,1,1,0
206,1,21,22,119.51156102050695,16.81894356483221,0.0,0.0,0.0,0.0,1,1,0
207,1,21,22,62.04384117043228,15.996108142492595,0.0,0.0,0.0,0.0,1,1,0
208,1,21,22,132.58652323439517,27.589015673335876,0.0,0.0,0.0,0.0,1,1,0
209,1,21,23,114.50701821354451,24.768176279024406,0.0,0.0,0.0,0.0,1,1,0
210,1,21,23,135.35242416097873,23.205972921654578,0.0,0.0,0.0,0.0,1,1,0
211,1,21,23,0.0,0.0,0.0,0.0,0.0,0.0,1,1,0
212,1,21,23,0.0,0.0,0.0,0.0,0.0,0.0,1,1,0
213,1,22,24,184.88682135837945,45.06108763831984,0.0,0.0,0.0,0.0,1,1,0
214,1,22,26,141.25577478530082,32.93578177718735,0.0,0.0,0.0,0.0,1,1,0
215,1,22,26,256.5956107654342,44.28619081295728,0.0,0.0,0.0,0.0,1,1,0
216,1,22,26,83.24518443452195,13.975363747148775,0.0,0.0,0.0,0.0,1,1,0
217,1,22,27,0.0,0.0,0.0,0.0,0.0,0.0,1,1,0
218,1,22,27,264.35005226230646,57.91258663352207,0.0,0.0,0.0,0.0,1,1,0
219,1,22,25,134.39101612694992,24.566185336299377,0.0,0.0,0.0,0.0,1,1,0
220,1,22,25,69.24834829394817,14.645023725575209,0.0,0.0,0.0,0.0,1,1,0
221,1,22,27,0.0,0.0,0.0,0.0,0.0,0.0,1,1,0
222,1,22,27,0.0,0.0,0.0,0.0,0.0,0.0,1,1,0
223,1,22,25,0.0,0.0,0.0,0.0,0.0,0.0,1,1,0
224,1,22,26,0.0,0.0,0.0,0.0,0.0,0.0,1,1,0
301,1,31,31,60.46936986786759,11.286850666681119,0.0,0.0,0.0,0.0,1,1,0
302,1,31,32,54.66496919459612,10.06094298445154,0.0,0.0,0.0,0.0,1,1,0
303,1,31,31,135.52340883951354,30.110201474948177,0.0,0.0,0.0,0.0,1,1,0
304,1,31,31,57.34193631306057,11.305876454462762,0.0,0.0,0.0,0.0,1,1,0
305,1,31,31,54.29767747463286,12.500324287720955,0.0,0.0,0.0,0.0,1,1,0
306,1,31,32,75.51217514722423,17.811452708221413,0.0,0.0,0.0,0.0,1,1,0
307,1,31,32,92.28980952960556,12.4527890901966,0.0,0.0,0.0,0.0,1,1,0
308,1,31,32,108.7244668739027,25.03582764022797,0.0,0.0,0.0,0.0,1,1,0
309,1,31,33,87.79339741492993,29.495885846710394,0.0,0.0,0.0,0.0,1,1,0
310,1,31,33,155.073682800418,23.387636126406488,0.0,0.0,0.0,0.0,1,1,0
311,1,31,33,0.0,0.0,0.0,0.0,0.0,0.0,1,1,0
312,1,31,33,0.0,0.0,0.0,0.0,0.0,0.0,1,1,0
313,1,32,34,164.62608882274898,34.40303810186991,0.0,0.0,0.0,0.0,1,1,0
314,1,32,36,123.9585906246487,22.364696985775698,0.0,0.0,0.0,0.0,1,1,0
315,1,32,36,235.5441918913764,55.653139065420625,0.0,0.0,0.0,0.0,1,1,0
