% From Raw File 
%% RTS 96 System Bus Data %% 
all_busdata96 = [ 
101,138,2,1,1,1,1.00,0.00,1.1,0.9,1.1,0.9
102,138,2,1,1,1,1.00,0.00,1.1,0.9,1.1,0.9
103,138,1,1,1,1,1.00,0.00,1.1,0.9,1.1,0.9
104,138,1,1,1,1,1.00,0.00,1.1,0.9,1.1,0.9
105,138,1,1,1,1,1.00,0.00,1.1,0.9,1.1,0.9
106,138,1,1,1,1,1.00,0.00,1.1,0.9,1.1,0.9
107,138,2,1,1,1,1.00,0.00,1.1,0.9,1.1,0.9
108,138,1,1,1,1,1.00,0.00,1.1,0.9,1.1,0.9
109,138,1,1,1,1,1.00,0.00,1.1,0.9,1.1,0.9
110,138,1,1,1,1,1.00,0.00,1.1,0.9,1.1,0.9
111,230,1,1,1,1,1.00,0.00,1.1,0.9,1.1,0.9
112,230,1,1,1,1,1.00,0.00,1.1,0.9,1.1,0.9
113,230,3,1,1,1,1.00,0.00,1.1,0.9,1.1,0.9
114,230,2,1,1,1,1.00,0.00,1.1,0.9,1.1,0.9
115,230,2,1,1,1,1.00,0.00,1.1,0.9,1.1,0.9
116,230,2,1,1,1,1.00,0.00,1.1,0.9,1.1,0.9
117,230,1,1,1,1,1.00,0.00,1.1,0.9,1.1,0.9
118,230,2,1,1,1,1.00,0.00,1.1,0.9,1.1,0.9
119,230,1,1,1,1,1.00,0.00,1.1,0.9,1.1,0.9
120,230,1,1,1,1,1.00,0.00,1.1,0.9,1.1,0.9
121,230,2,1,1,1,1.00,0.00,1.1,0.9,1.1,0.9
122,230,2,1,1,1,1.00,0.00,1.1,0.9,1.1,0.9
123,230,2,1,1,1,1.00,0.00,1.1,0.9,1.1,0.9
124,230,1,1,1,1,1.00,0.00,1.1,0.9,1.1,0.9
201,138,2,1,1,1,1.00,0.00,1.1,0.9,1.1,0.9
202,138,2,1,1,1,1.00,0.00,1.1,0.9,1.1,0.9
203,138,1,1,1,1,1.00,0.00,1.1,0.9,1.1,0.9
204,138,1,1,1,1,1.00,0.00,1.1,0.9,1.1,0.9
205,138,1,1,1,1,1.00,0.00,1.1,0.9,1.1,0.9
206,138,1,1,1,1,1.00,0.00,1.1,0.9,1.1,0.9
207,138,2,1,1,1,1.00,0.00,1.1,0.9,1.1,0.9
208,138,1,1,1,1,1.00,0.00,1.1,0.9,1.1,0.9
209,138,1,1,1,1,1.00,0.00,1.1,0.9,1.1,0.9
210,138,1,1,1,1,1.00,0.00,1.1,0.9,1.1,0.9
211,230,1,1,1,1,1.00,0.00,1.1,0.9,1.1,0.9
212,230,1,1,1,1,1.00,0.00,1.1,0.9,1.1,0.9
213,230,2,1,1,1,1.00,0.00,1.1,0.9,1.1,0.9
214,230,2,1,1,1,1.00,0.00,1.1,0.9,1.1,0.9
215,230,2,1,1,1,1.00,0.00,1.1,0.9,1.1,0.9
216,230,2,1,1,1,1.00,0.00,1.1,0.9,1.1,0.9
217,230,1,1,1,1,1.00,0.00,1.1,0.9,1.1,0.9
218,230,2,1,1,1,1.00,0.00,1.1,0.9,1.1,0.9
219,230,1,1,1,1,1.00,0.00,1.1,0.9,1.1,0.9
220,230,1,1,1,1,1.00,0.00,1.1,0.9,1.1,0.9
221,230,2,1,1,1,1.00,0.00,1.1,0.9,1.1,0.9
222,230,2,1,1,1,1.00,0.00,1.1,0.9,1.1,0.9
223,230,2,1,1,1,1.00,0.00,1.1,0.9,1.1,0.9
224,230,1,1,1,1,1.00,0.00,1.1,0.9,1.1,0.9
301,138,2,1,1,1,1.00,0.00,1.1,0.9,1.1,0.9
302,138,2,1,1,1,1.00,0.00,1.1,0.9,1.1,0.9
303,138,1,1,1,1,1.00,0.00,1.1,0.9,1.1,0.9
304,138,1,1,1,1,1.00,0.00,1.1,0.9,1.1,0.9
305,138,1,1,1,1,1.00,0.00,1.1,0.9,1.1,0.9
306,138,1,1,1,1,1.00,0.00,1.1,0.9,1.1,0.9
307,138,2,1,1,1,1.00,0.00,1.1,0.9,1.1,0.9
308,138,1,1,1,1,1.00,0.00,1.1,0.9,1.1,0.9
309,138,1,1,1,1,1.00,0.00,1.1,0.9,1.1,0.9
310,138,1,1,1,1,1.00,0.00,1.1,0.9,1.1,0.9
311,230,1,1,1,1,1.00,0.00,1.1,0.9,1.1,0.9
312,230,1,1,1,1,1.00,0.00,1.1,0.9,1.1,0.9
313,230,2,1,1,1,1.00,0.00,1.1,0.9,1.1,0.9
314,230,2,1,1,1,1.00,0.00,1.1,0.9,1.1,0.9
315,230,2,1,1,1,1.00,0.00,1.1,0.9,1.1,0.9
316,230,2,1,1,1,1.00,0.00,1.1,0.9,1.1,0.9
317,230,1,1,1,1,1.00,0.00,1.1,0.9,1.1,0.9
318,230,2,1,1,1,1.00,0.00,1.1,0.9,1.1,0.9
319,230,1,1,1,1,1.00,0.00,1.1,0.9,1.1,0.9
320,230,1,1,1,1,1.00,0.00,1.1,0.9,1.1,0.9
321,230,2,1,1,1,1.00,0.00,1.1,0.9,1.1,0.9
322,230,2,1,1,1,1.00,0.00,1.1,0.9,1.1,0.9
323,230,2,1,1,1,1.00,0.00,1.1,0.9,1.1,0.9
324,230,1,1,1,1,1.00,0.00,1.1,0.9,1.1,0.9
325,230,1,1,1,1,1.00,0.00,1.1,0.9,1.1,0.9
]; 
all_busName96 = [   ' 101 ';  ' 102 ';  ' 103 ';  ' 104 ';  ' 105 ';  ' 106 ';  ' 107 ';  ' 108 ';  ' 109 ';  ' 110 ';  ' 111 ';  ' 112 ';  ' 113 ';  ' 114 ';  ' 115 ';  ' 116 ';  ' 117 ';  ' 118 ';  ' 119 ';  ' 120 ';  ' 121 ';  ' 122 ';  ' 123 ';  ' 124 ';  ' 201 ';  ' 202 ';  ' 203 ';  ' 204 ';  ' 205 ';  ' 206 ';  ' 207 ';  ' 208 ';  ' 209 ';  ' 210 ';  ' 211 ';  ' 212 ';  ' 213 ';  ' 214 ';  ' 215 ';  ' 216 ';  ' 217 ';  ' 218 ';  ' 219 ';  ' 220 ';  ' 221 ';  ' 222 ';  ' 223 ';  ' 224 ';  ' 301 ';  ' 302 ';  ' 303 ';  ' 304 ';  ' 305 ';  ' 306 ';  ' 307 ';  ' 308 ';  ' 309 ';  ' 310 ';  ' 311 ';  ' 312 ';  ' 313 ';  ' 314 ';  ' 315 ';  ' 316 ';  ' 317 ';  ' 318 ';  ' 319 ';  ' 320 ';  ' 321 ';  ' 322 ';  ' 323 ';  ' 324 ';  ' 325 '; ];
%% RTS 96 System Load Data %% 
all_loaddata96 = [ 
101,1,11,11,61.33228293222225,10.979164697912335,0.0,0.0,0.0,0.0,1,1,0
102,1,11,12,77.17441148984176,16.123693566609173,0.0,0.0,0.0,0.0,1,1,0
103,1,11,11,95.50062024226783,31.294968469754842,0.0,0.0,0.0,0.0,1,1,0
104,1,11,11,63.62242252945975,12.68838237058511,0.0,0.0,0.0,0.0,1,1,0
105,1,11,11,57.2684235247856,10.379377689278405,0.0,0.0,0.0,0.0,1,1,0
106,1,11,12,79.47165690970458,20.149555168979802,0.0,0.0,0.0,0.0,1,1,0
107,1,11,12,74.3809817360714,13.667635256415231,0.0,0.0,0.0,0.0,1,1,0
108,1,11,12,133.52449186324608,22.97026098004589,0.0,0.0,0.0,0.0,1,1,0
109,1,11,13,108.5693120342726,18.180781437052598,0.0,0.0,0.0,0.0,1,1,0
110,1,11,13,136.39095196912737,32.58630287830532,0.0,0.0,0.0,0.0,1,1,0
111,1,11,13,0.0,0.0,0.0,0.0,0.0,0.0,1,1,0
112,1,11,13,0.0,0.0,0.0,0.0,0.0,0.0,1,1,0
113,1,12,14,130.62134666690324,36.0889321414548,0.0,0.0,0.0,0.0,1,1,0
114,1,12,16,137.4481825147505,31.503489791340336,0.0,0.0,0.0,0.0,1,1,0
115,1,12,16,271.23928479786923,45.22508860795497,0.0,0.0,0.0,0.0,1,1,0
116,1,12,16,85.47568117281888,14.536548469724131,0.0,0.0,0.0,0.0,1,1,0
117,1,12,17,0.0,0.0,0.0,0.0,0.0,0.0,1,1,0
118,1,12,17,179.87892776596038,39.677389281827395,0.0,0.0,0.0,0.0,1,1,0
119,1,12,15,158.3223672918229,23.824692533466543,0.0,0.0,0.0,0.0,1,1,0
120,1,12,15,89.16410341899991,22.787423657323796,0.0,0.0,0.0,0.0,1,1,0
121,1,12,17,0.0,0.0,0.0,0.0,0.0,0.0,1,1,0
122,1,12,17,0.0,0.0,0.0,0.0,0.0,0.0,1,1,0
123,1,12,15,0.0,0.0,0.0,0.0,0.0,0.0,1,1,0
124,1,12,16,0.0,0.0,0.0,0.0,0.0,0.0,1,1,0
201,1,21,21,84.13227167626731,13.79650986632444,0.0,0.0,0.0,0.0,1,1,0
202,1,21,22,76.10299866073835,9.800851913957855,0.0,0.0,0.0,0.0,1,1,0
203,1,21,21,126.33548949097283,18.30563357968605,0.0,0.0,0.0,0.0,1,1,0
204,1,21,21,51.679241957703134,8.350371637319213,0.0,0.0,0.0,0.0,1,1,0
205,1,21,21,47.03055172254802,8.667269528739062,0.0,0.0,0.0,0.0,1,1,0
206,1,21,22,103.19451463032738,22.943775518756546,0.0,0.0,0.0,0.0,1,1,0
207,1,21,22,83.1607164625777,17.81643694396829,0.0,0.0,0.0,0.0,1,1,0
208,1,21,22,83.81032572233033,24.1854810568986,0.0,0.0,0.0,0.0,1,1,0
209,1,21,23,103.14328940233682,20.584147261828555,0.0,0.0,0.0,0.0,1,1,0
210,1,21,23,174.4339047252741,23.889996976610274,0.0,0.0,0.0,0.0,1,1,0
211,1,21,23,0.0,0.0,0.0,0.0,0.0,0.0,1,1,0
212,1,21,23,0.0,0.0,0.0,0.0,0.0,0.0,1,1,0
213,1,22,24,190.56197761102047,44.97914313303251,0.0,0.0,0.0,0.0,1,1,0
214,1,22,26,97.319019594716,22.798252951703642,0.0,0.0,0.0,0.0,1,1,0
215,1,22,26,259.5982460578564,43.3239182310462,0.0,0.0,0.0,0.0,1,1,0
216,1,22,26,50.305198134910306,16.91171284352336,0.0,0.0,0.0,0.0,1,1,0
217,1,22,27,0.0,0.0,0.0,0.0,0.0,0.0,1,1,0
218,1,22,27,274.4680338248807,50.27686414957065,0.0,0.0,0.0,0.0,1,1,0
219,1,22,25,156.63281649447995,19.2985485595508,0.0,0.0,0.0,0.0,1,1,0
220,1,22,25,88.85441792047618,19.937820943203384,0.0,0.0,0.0,0.0,1,1,0
221,1,22,27,0.0,0.0,0.0,0.0,0.0,0.0,1,1,0
222,1,22,27,0.0,0.0,0.0,0.0,0.0,0.0,1,1,0
223,1,22,25,0.0,0.0,0.0,0.0,0.0,0.0,1,1,0
224,1,22,26,0.0,0.0,0.0,0.0,0.0,0.0,1,1,0
301,1,31,31,91.52386997893451,15.588026925526187,0.0,0.0,0.0,0.0,1,1,0
302,1,31,32,76.8539986495188,10.488610644215717,0.0,0.0,0.0,0.0,1,1,0
303,1,31,31,99.08698095600026,32.796223167335846,0.0,0.0,0.0,0.0,1,1,0
304,1,31,31,43.45399915077136,7.391910379062406,0.0,0.0,0.0,0.0,1,1,0
305,1,31,31,62.900641821075425,9.285438355285393,0.0,0.0,0.0,0.0,1,1,0
306,1,31,32,73.30020144727752,24.686083205152116,0.0,0.0,0.0,0.0,1,1,0
307,1,31,32,80.06953251313534,20.95404962983564,0.0,0.0,0.0,0.0,1,1,0
308,1,31,32,110.71257816524576,29.69726559440768,0.0,0.0,0.0,0.0,1,1,0
309,1,31,33,94.39326056404039,20.699580144797263,0.0,0.0,0.0,0.0,1,1,0
310,1,31,33,126.94318181607127,27.78232773093134,0.0,0.0,0.0,0.0,1,1,0
311,1,31,33,0.0,0.0,0.0,0.0,0.0,0.0,1,1,0
312,1,31,33,0.0,0.0,0.0,0.0,0.0,0.0,1,1,0
313,1,32,34,187.21803627319937,39.161460761792675,0.0,0.0,0.0,0.0,1,1,0
314,1,32,36,132.14701468875055,23.473655541381518,0.0,0.0,0.0,0.0,1,1,0
315,1,32,36,238.9963318436993,46.121739868792886,0.0,0.0,0.0,0.0,1,1,0
