% From Raw File 
%% RTS 96 System Bus Data %% 
all_busdata96 = [ 
101,138,2,1,1,1,1.00,0.00,1.1,0.9,1.1,0.9
102,138,2,1,1,1,1.00,0.00,1.1,0.9,1.1,0.9
103,138,1,1,1,1,1.00,0.00,1.1,0.9,1.1,0.9
104,138,1,1,1,1,1.00,0.00,1.1,0.9,1.1,0.9
105,138,1,1,1,1,1.00,0.00,1.1,0.9,1.1,0.9
106,138,1,1,1,1,1.00,0.00,1.1,0.9,1.1,0.9
107,138,2,1,1,1,1.00,0.00,1.1,0.9,1.1,0.9
108,138,1,1,1,1,1.00,0.00,1.1,0.9,1.1,0.9
109,138,1,1,1,1,1.00,0.00,1.1,0.9,1.1,0.9
110,138,1,1,1,1,1.00,0.00,1.1,0.9,1.1,0.9
111,230,1,1,1,1,1.00,0.00,1.1,0.9,1.1,0.9
112,230,1,1,1,1,1.00,0.00,1.1,0.9,1.1,0.9
113,230,3,1,1,1,1.00,0.00,1.1,0.9,1.1,0.9
114,230,2,1,1,1,1.00,0.00,1.1,0.9,1.1,0.9
115,230,2,1,1,1,1.00,0.00,1.1,0.9,1.1,0.9
116,230,2,1,1,1,1.00,0.00,1.1,0.9,1.1,0.9
117,230,1,1,1,1,1.00,0.00,1.1,0.9,1.1,0.9
118,230,2,1,1,1,1.00,0.00,1.1,0.9,1.1,0.9
119,230,1,1,1,1,1.00,0.00,1.1,0.9,1.1,0.9
120,230,1,1,1,1,1.00,0.00,1.1,0.9,1.1,0.9
121,230,2,1,1,1,1.00,0.00,1.1,0.9,1.1,0.9
122,230,2,1,1,1,1.00,0.00,1.1,0.9,1.1,0.9
123,230,2,1,1,1,1.00,0.00,1.1,0.9,1.1,0.9
124,230,1,1,1,1,1.00,0.00,1.1,0.9,1.1,0.9
201,138,2,1,1,1,1.00,0.00,1.1,0.9,1.1,0.9
202,138,2,1,1,1,1.00,0.00,1.1,0.9,1.1,0.9
203,138,1,1,1,1,1.00,0.00,1.1,0.9,1.1,0.9
204,138,1,1,1,1,1.00,0.00,1.1,0.9,1.1,0.9
205,138,1,1,1,1,1.00,0.00,1.1,0.9,1.1,0.9
206,138,1,1,1,1,1.00,0.00,1.1,0.9,1.1,0.9
207,138,2,1,1,1,1.00,0.00,1.1,0.9,1.1,0.9
208,138,1,1,1,1,1.00,0.00,1.1,0.9,1.1,0.9
209,138,1,1,1,1,1.00,0.00,1.1,0.9,1.1,0.9
210,138,1,1,1,1,1.00,0.00,1.1,0.9,1.1,0.9
211,230,1,1,1,1,1.00,0.00,1.1,0.9,1.1,0.9
212,230,1,1,1,1,1.00,0.00,1.1,0.9,1.1,0.9
213,230,2,1,1,1,1.00,0.00,1.1,0.9,1.1,0.9
214,230,2,1,1,1,1.00,0.00,1.1,0.9,1.1,0.9
215,230,2,1,1,1,1.00,0.00,1.1,0.9,1.1,0.9
216,230,2,1,1,1,1.00,0.00,1.1,0.9,1.1,0.9
217,230,1,1,1,1,1.00,0.00,1.1,0.9,1.1,0.9
218,230,2,1,1,1,1.00,0.00,1.1,0.9,1.1,0.9
219,230,1,1,1,1,1.00,0.00,1.1,0.9,1.1,0.9
220,230,1,1,1,1,1.00,0.00,1.1,0.9,1.1,0.9
221,230,2,1,1,1,1.00,0.00,1.1,0.9,1.1,0.9
222,230,2,1,1,1,1.00,0.00,1.1,0.9,1.1,0.9
223,230,2,1,1,1,1.00,0.00,1.1,0.9,1.1,0.9
224,230,1,1,1,1,1.00,0.00,1.1,0.9,1.1,0.9
301,138,2,1,1,1,1.00,0.00,1.1,0.9,1.1,0.9
302,138,2,1,1,1,1.00,0.00,1.1,0.9,1.1,0.9
303,138,1,1,1,1,1.00,0.00,1.1,0.9,1.1,0.9
304,138,1,1,1,1,1.00,0.00,1.1,0.9,1.1,0.9
305,138,1,1,1,1,1.00,0.00,1.1,0.9,1.1,0.9
306,138,1,1,1,1,1.00,0.00,1.1,0.9,1.1,0.9
307,138,2,1,1,1,1.00,0.00,1.1,0.9,1.1,0.9
308,138,1,1,1,1,1.00,0.00,1.1,0.9,1.1,0.9
309,138,1,1,1,1,1.00,0.00,1.1,0.9,1.1,0.9
310,138,1,1,1,1,1.00,0.00,1.1,0.9,1.1,0.9
311,230,1,1,1,1,1.00,0.00,1.1,0.9,1.1,0.9
312,230,1,1,1,1,1.00,0.00,1.1,0.9,1.1,0.9
313,230,2,1,1,1,1.00,0.00,1.1,0.9,1.1,0.9
314,230,2,1,1,1,1.00,0.00,1.1,0.9,1.1,0.9
315,230,2,1,1,1,1.00,0.00,1.1,0.9,1.1,0.9
316,230,2,1,1,1,1.00,0.00,1.1,0.9,1.1,0.9
317,230,1,1,1,1,1.00,0.00,1.1,0.9,1.1,0.9
318,230,2,1,1,1,1.00,0.00,1.1,0.9,1.1,0.9
319,230,1,1,1,1,1.00,0.00,1.1,0.9,1.1,0.9
320,230,1,1,1,1,1.00,0.00,1.1,0.9,1.1,0.9
321,230,2,1,1,1,1.00,0.00,1.1,0.9,1.1,0.9
322,230,2,1,1,1,1.00,0.00,1.1,0.9,1.1,0.9
323,230,2,1,1,1,1.00,0.00,1.1,0.9,1.1,0.9
324,230,1,1,1,1,1.00,0.00,1.1,0.9,1.1,0.9
325,230,1,1,1,1,1.00,0.00,1.1,0.9,1.1,0.9
]; 
all_busName96 = [   ' 101 ';  ' 102 ';  ' 103 ';  ' 104 ';  ' 105 ';  ' 106 ';  ' 107 ';  ' 108 ';  ' 109 ';  ' 110 ';  ' 111 ';  ' 112 ';  ' 113 ';  ' 114 ';  ' 115 ';  ' 116 ';  ' 117 ';  ' 118 ';  ' 119 ';  ' 120 ';  ' 121 ';  ' 122 ';  ' 123 ';  ' 124 ';  ' 201 ';  ' 202 ';  ' 203 ';  ' 204 ';  ' 205 ';  ' 206 ';  ' 207 ';  ' 208 ';  ' 209 ';  ' 210 ';  ' 211 ';  ' 212 ';  ' 213 ';  ' 214 ';  ' 215 ';  ' 216 ';  ' 217 ';  ' 218 ';  ' 219 ';  ' 220 ';  ' 221 ';  ' 222 ';  ' 223 ';  ' 224 ';  ' 301 ';  ' 302 ';  ' 303 ';  ' 304 ';  ' 305 ';  ' 306 ';  ' 307 ';  ' 308 ';  ' 309 ';  ' 310 ';  ' 311 ';  ' 312 ';  ' 313 ';  ' 314 ';  ' 315 ';  ' 316 ';  ' 317 ';  ' 318 ';  ' 319 ';  ' 320 ';  ' 321 ';  ' 322 ';  ' 323 ';  ' 324 ';  ' 325 '; ];
%% RTS 96 System Load Data %% 
all_loaddata96 = [ 
101,1,11,11,95.07205090399572,12.788973520418722,0.0,0.0,0.0,0.0,1,1,0
102,1,11,12,74.00746145329234,13.103424918302334,0.0,0.0,0.0,0.0,1,1,0
103,1,11,11,113.46975570733844,19.360944168824236,0.0,0.0,0.0,0.0,1,1,0
104,1,11,11,37.04643763516712,7.90209157873364,0.0,0.0,0.0,0.0,1,1,0
105,1,11,11,50.21703241931079,11.81149137495216,0.0,0.0,0.0,0.0,1,1,0
106,1,11,12,109.44678826500402,21.615027771075255,0.0,0.0,0.0,0.0,1,1,0
107,1,11,12,77.443545321899,18.62395356727531,0.0,0.0,0.0,0.0,1,1,0
108,1,11,12,88.74642032881448,27.96658677129191,0.0,0.0,0.0,0.0,1,1,0
109,1,11,13,89.62680326228379,24.898236080724747,0.0,0.0,0.0,0.0,1,1,0
110,1,11,13,116.32688910520844,33.44836127517745,0.0,0.0,0.0,0.0,1,1,0
111,1,11,13,0.0,0.0,0.0,0.0,0.0,0.0,1,1,0
112,1,11,13,0.0,0.0,0.0,0.0,0.0,0.0,1,1,0
113,1,12,14,185.12488191520166,26.824796584309635,0.0,0.0,0.0,0.0,1,1,0
114,1,12,16,162.4027958188967,21.83965230218796,0.0,0.0,0.0,0.0,1,1,0
115,1,12,16,271.6361246620998,50.43370114554762,0.0,0.0,0.0,0.0,1,1,0
116,1,12,16,62.88695595245808,14.86517771304678,0.0,0.0,0.0,0.0,1,1,0
117,1,12,17,0.0,0.0,0.0,0.0,0.0,0.0,1,1,0
118,1,12,17,283.7039917903092,55.609773322607765,0.0,0.0,0.0,0.0,1,1,0
119,1,12,15,143.98456357663014,23.76721678838208,0.0,0.0,0.0,0.0,1,1,0
120,1,12,15,75.23202218974829,22.991990281160085,0.0,0.0,0.0,0.0,1,1,0
121,1,12,17,0.0,0.0,0.0,0.0,0.0,0.0,1,1,0
122,1,12,17,0.0,0.0,0.0,0.0,0.0,0.0,1,1,0
123,1,12,15,0.0,0.0,0.0,0.0,0.0,0.0,1,1,0
124,1,12,16,0.0,0.0,0.0,0.0,0.0,0.0,1,1,0
201,1,21,21,53.881417558445776,18.314638399025146,0.0,0.0,0.0,0.0,1,1,0
202,1,21,22,68.06542393259859,11.035735505992545,0.0,0.0,0.0,0.0,1,1,0
203,1,21,21,117.46959652828798,28.319701335917085,0.0,0.0,0.0,0.0,1,1,0
204,1,21,21,59.960723080561955,10.079769938192563,0.0,0.0,0.0,0.0,1,1,0
205,1,21,21,61.7310807765157,11.382354072402512,0.0,0.0,0.0,0.0,1,1,0
206,1,21,22,73.67702977304533,16.282540375216303,0.0,0.0,0.0,0.0,1,1,0
207,1,21,22,70.21105163022294,18.50404638007516,0.0,0.0,0.0,0.0,1,1,0
208,1,21,22,124.19578828773341,20.491821702040497,0.0,0.0,0.0,0.0,1,1,0
209,1,21,23,151.89099229615067,21.228954411041734,0.0,0.0,0.0,0.0,1,1,0
210,1,21,23,168.53259216780262,28.43347275898419,0.0,0.0,0.0,0.0,1,1,0
211,1,21,23,0.0,0.0,0.0,0.0,0.0,0.0,1,1,0
212,1,21,23,0.0,0.0,0.0,0.0,0.0,0.0,1,1,0
213,1,22,24,135.77097339929966,34.18499947539484,0.0,0.0,0.0,0.0,1,1,0
214,1,22,26,107.62628088150602,25.442072007225363,0.0,0.0,0.0,0.0,1,1,0
215,1,22,26,256.2209884149672,34.359857564467184,0.0,0.0,0.0,0.0,1,1,0
216,1,22,26,49.24823848154861,10.558494096636771,0.0,0.0,0.0,0.0,1,1,0
217,1,22,27,0.0,0.0,0.0,0.0,0.0,0.0,1,1,0
218,1,22,27,298.63173034628903,40.32242675056178,0.0,0.0,0.0,0.0,1,1,0
219,1,22,25,120.58308312965278,20.093243028870596,0.0,0.0,0.0,0.0,1,1,0
220,1,22,25,91.52542949593662,18.61415542547442,0.0,0.0,0.0,0.0,1,1,0
221,1,22,27,0.0,0.0,0.0,0.0,0.0,0.0,1,1,0
222,1,22,27,0.0,0.0,0.0,0.0,0.0,0.0,1,1,0
223,1,22,25,0.0,0.0,0.0,0.0,0.0,0.0,1,1,0
224,1,22,26,0.0,0.0,0.0,0.0,0.0,0.0,1,1,0
301,1,31,31,78.7341363130806,15.087570016237535,0.0,0.0,0.0,0.0,1,1,0
302,1,31,32,70.39266362461173,11.087563888471573,0.0,0.0,0.0,0.0,1,1,0
303,1,31,31,132.95602798298466,32.9433778077364,0.0,0.0,0.0,0.0,1,1,0
304,1,31,31,40.3153025200705,7.2877010678469665,0.0,0.0,0.0,0.0,1,1,0
305,1,31,31,46.360809521102716,9.359344843424019,0.0,0.0,0.0,0.0,1,1,0
306,1,31,32,89.40058050717005,24.55032633082755,0.0,0.0,0.0,0.0,1,1,0
307,1,31,32,102.15103126452304,13.25794277042616,0.0,0.0,0.0,0.0,1,1,0
308,1,31,32,117.27849666632478,20.27322835967713,0.0,0.0,0.0,0.0,1,1,0
309,1,31,33,128.6416146139533,28.05932219721582,0.0,0.0,0.0,0.0,1,1,0
310,1,31,33,122.27712521568127,33.95399529692531,0.0,0.0,0.0,0.0,1,1,0
311,1,31,33,0.0,0.0,0.0,0.0,0.0,0.0,1,1,0
312,1,31,33,0.0,0.0,0.0,0.0,0.0,0.0,1,1,0
313,1,32,34,160.25931431008013,48.460765402447144,0.0,0.0,0.0,0.0,1,1,0
314,1,32,36,101.94421353191268,26.776169986118564,0.0,0.0,0.0,0.0,1,1,0
315,1,32,36,242.362665125051,44.80639059832692,0.0,0.0,0.0,0.0,1,1,0
